5.000000000000000000e+00
1.700566103829288966e+00
4.285344792202413489e-01
1.982389180605639734e+00
-1.318337896428237288e+00
-2.262072086903581969e+00
4.128334015062073981e-03
-4.280583958210810724e-01
1.666836106632649250e-01
1.368479432369469118e+00
1.232009491176630611e+00
1.090413142976107252e+00
-8.345408453829538109e-01
-1.319728083476946034e+00
-5.452667974625365899e-01
-3.058809625717489045e+00
-2.251548020435269137e+00
6.093208643163827709e-01
-1.922117800147145061e+00
-1.399935213108974397e+00
1.549975037425457280e+00
-1.362163424946087442e+00
-1.562088384012574327e+00
1.256101943501416685e+00
-4.849883253377902936e-01
-5.183849454744398066e-01
1.403134587404226474e+00
4.550597139226212340e-01
9.260276629252917058e-02
-3.994803881735403683e-02
-1.544903538284833067e-01
6.434326606175267971e-01
-1.981920262553589218e-01
1.204497001049910310e+00
3.547890608899780140e+00
1.257218652220777333e+00
1.592275572594918920e+00
3.205340731936152210e+00
-1.072609738625807108e+00
-1.882400124606098846e+00
3.866303448557077971e-01
-2.247641326267810324e+00
-1.647865215654920723e+00
1.817338187566141405e+00
8.022270298862750337e-01
7.299252888012677243e-01
1.520976097048972520e+00
-2.845755191967911379e-01
-1.558602988373471110e+00
-2.819689017253216967e+00
-2.902113032590302844e+00
-1.663947723126874223e+00
-2.453070085646420040e+00
-5.338110754771451250e-01
2.181415855105684365e+00
-2.870939167406059700e-01
1.866130361801640047e-01
2.145556684511054080e+00
-1.636778804427453382e+00
-1.721270139514998743e+00
1.096916376193450393e+00
-1.067433836544878778e+00
-5.149791307998918821e-01
2.265334624786756734e+00
1.019536417135100681e+00
8.667362640390354755e-01
1.638446297276396013e+00
1.032732613468756666e+00
1.143422387949460273e+00
5.098720515807086962e-01
1.059683461503556634e+00
2.008597393022286681e+00
-4.253189136709474294e-01
-8.468876510196576834e-02
1.243461333348183206e+00
-2.252978023406980945e+00
-1.630782346685784701e+00
1.253313651197171863e+00
-1.305316990795470034e+00
-4.405769176698325906e-01
2.401533620555607040e+00
-3.655897331639244019e-01
-1.257959087840398782e+00
-4.466645657673453673e-01
-2.678159533699546735e+00
-3.138266378916694688e+00
-2.234994512300165326e+00
-1.342559814670200247e+00
3.508231521627332428e-01
4.247827851809510280e-01
1.687036462481570354e+00
2.679510654721503737e+00
-5.805098508210586594e-01
-6.351552488836692545e-01
6.301041562871133594e-01
-2.721966071188112846e+00
-1.407773467645813792e+00
2.236787907180199042e+00
3.525518571227993503e-01
1.542267933151049819e+00
4.236067977499778259e+00
1.584506166023389007e+00
6.959745112756601237e-01
1.293289735860847056e+00
-4.469008184894669444e-01
-7.136294621344950739e-01
-4.607911538618260083e-01
3.753329951396211506e-02
8.741934425307473777e-01
-5.131374555441766683e-01
1.883627799547666903e-01
1.155529212632282476e+00
-1.944612903831854034e+00
-1.087114950261732327e+00
1.018014933860813542e+00
-2.174262824612243072e+00
-1.343875785830917824e+00
1.051354145706969057e+00
-2.222058689799156106e+00
-2.245166203795881277e+00
-2.026383226622667788e-01
-2.024923529689297119e+00
-1.426862731567304809e+00
6.384909196907067042e-01
7.744814588272340705e-01
1.414213562373092037e+00
1.098431413177548777e+00
9.616019161717285213e-01
7.798209605836101677e-01
-1.811760950048271868e+00
-1.000637110557096143e+00
8.768370428718479381e-01
-1.094137976109523791e+00
1.297396762156057592e+00
4.481115391453705854e+00
1.530757510547194222e+00
1.891538945987882858e+00
3.215325494968826803e+00
-9.770655841214150872e-01
-1.794340016193084697e+00
-3.533013483849335445e-01
-1.867616885603564647e+00
-1.053506967669858074e+00
6.999671877855022650e-01
9.487843471976662446e-01
1.243623854979351018e+00
1.133927053086482978e-03
-2.491463568405156703e-01
-4.239455401778629007e-01
-3.273605287556252019e+00
-2.175570504585000897e+00
-2.478352973317351493e-01
-2.765690802656893155e+00
-9.016535143874713221e-01
1.730187661167323476e+00
-1.418966992340701561e+00
-6.629140122750034614e-01
1.559254368523689038e+00
-1.024482366263012922e+00
-4.895592279861033513e-01
1.506251623391579475e+00
3.392694256364801042e-01
4.828303003341343214e-01
7.543575568192968372e-01
3.920883703061091019e-01
5.084613462791713889e-01
-5.178747160014871564e-01
8.477117574117846166e-01
2.418254160075497872e+00
5.271708288553533794e-01
2.178111206232332453e+00
3.551400618006194332e+00
-5.761156010712196185e-01
-4.514779472906718105e-01
6.804014069645326623e-01
-3.127010072304607480e+00
-2.225246233168303611e+00
6.311910756676437639e-01
-7.546264967862860162e-01
3.878212699332299063e-01
2.026770991384176934e+00
4.627854188101172550e-01
-4.832686070557548064e-01
-1.713251601876824237e+00
-2.460759227548869887e+00
-2.382283305123472861e+00
-3.405749655316813840e+00
-1.146889198547673239e+00
1.158710330783231823e+00
-5.871136880192219243e-01
1.379638856629086474e+00
2.919186844885758525e+00
-1.081984435806977229e+00
-5.046533007669182780e-01
1.178034824982047146e+00
-1.917647544212982780e+00
-6.810461837403731788e-01
1.959314248727720198e+00
4.970494240702276745e-01
1.170076174830830151e+00
2.236067977499752502e+00
1.238419071243051173e+00
1.052718950996263558e+00
4.327021392096866981e-01
8.736784214547277383e-01
1.331909350086430965e+00
-5.870708650067857359e-01
5.837796343831679335e-01
1.271774936382717103e+00
-2.246626311642197837e+00
-1.045266099744339261e+00
5.952588687546381818e-01
-2.555383226818033648e+00
-7.335707256831446310e-01
1.857730194296113080e+00
-8.224927889831477046e-01
-3.018427728608779059e-01
7.105935890718437786e-01
-2.043214531565304526e+00
-2.578433195126938138e+00
-2.186867725291234521e+00
-2.175705398275001645e+00
-9.512916365428655263e-01
-3.636130009658384843e-01
1.666552356061732132e+00
2.806630556745215443e+00
4.457380667426983911e-01
1.241455937122443620e+00
1.373841676670377154e+00
-2.630069030286189324e+00
-1.155557507082417112e+00
1.120932657445715908e+00
-1.202194560851557403e+00
1.275947345591446069e+00
4.081660497146333277e+00
1.582870292381473254e+00
1.803018100265731061e+00
2.291475073776044535e+00
-2.648412868808927012e-01
-8.368894796666997982e-01
-8.402499460638194195e-01
-7.263532373004234488e-01
-8.072870970861645290e-02
-7.797585709580665547e-01
5.703050742014382779e-01
1.057786389485697809e+00
-1.797582603478903085e+00
-4.410563242355247660e-01
5.175016793178573993e-01
-2.852315946826839976e+00
-1.000000000000041078e+00
8.877414453694867369e-01
-2.377054651094323123e+00
-1.247599526768565781e+00
3.396453486361039609e-01
-2.233356894070598564e+00
-1.421863657331610797e+00
2.823787966283651807e-01
-4.485232934999427989e-02
9.770197044290259702e-01
1.458283934813705329e+00
1.800396827870110350e+00
1.539689266378295951e+00
-7.504485882244629202e-01
-5.040474017804547069e-02
3.192427402088828803e-01
-2.097431094517314243e+00
7.201061112652240581e-01
3.139360883108828659e+00
6.887214474862975999e-01
2.773591495832351317e+00
3.999163242143492614e+00
-3.021880867124629999e-01
-5.052068317530749031e-01
-7.097543757131408171e-02
-2.806630556745165705e+00
-2.041314985233134927e+00
-3.726361044035674808e-01
-1.203619534150898174e-01
8.066111864176610524e-01
5.688337365413511648e-01
7.687790901949290712e-01
1.060482093081471788e-01
-2.706647045928400441e+00
-1.682386629768202635e+00
-1.079620243607132268e+00
-3.610343554383817821e+00
-8.074557598685163651e-01
1.280535247320702119e+00
-1.558766216958046513e+00
4.272321109943211237e-01
1.995959844513646164e+00
-1.146193897323930955e+00
-8.639986005358490928e-02
1.438629448136910183e+00
-1.563388455014281808e-01
5.842588333880499585e-01
1.255953711794278727e+00
8.068340207802475739e-01
7.261554302143710116e-01
-2.360679774997506697e-01
7.944983266265753796e-01
1.362503547706322760e+00
-2.706583977237299043e-01
2.138983438583141883e+00
3.093218048797971242e+00
-3.264762418518717402e-01
1.002033075096652626e+00
1.207565474865617494e+00
-3.169853312014375035e+00
-1.997672845378989814e+00
-3.763936601842212681e-01
-2.433558310280511172e+00
-3.941372870039883125e-01
1.653136295229103325e+00
4.801702725331860044e-01
4.765298249198600677e-01
-2.828018549797299830e-01
-1.453897715201538876e+00
-2.272439523742137979e+00
-3.644804980134024763e+00
-1.756915481790653155e+00
-3.170270931716629992e-01
-1.367440181036998492e+00
1.850483603996749826e+00
3.127010072304620802e+00
-3.056387777930369420e-01
1.187727052659995675e+00
1.647769191029267555e+00
-2.182306406148890598e+00
-5.600772174824886207e-01
1.282483276076664014e+00
-4.810878378181712711e-01
1.148341699444790587e+00
2.502104118630474883e+00
1.393651686311178306e+00
1.360524989781590754e+00
7.866689287322703450e-01
7.920176791632028701e-01
6.242379225669542064e-01
-8.882176346416310597e-01
7.402256951147156983e-01
8.989013272043726577e-01
-2.056634142853401848e+00
-1.886445708553443346e-01
2.433964877558743023e-01
-3.188124916010081744e+00
-7.870023366166956080e-01
9.061378308804991510e-01
-1.716739204125617757e+00
1.755705045848307000e-01
1.309030786098893895e+00
-1.435607431598519890e+00
-1.439509494163595305e+00
-1.459071181895869707e+00
-2.419194359564270869e+00
-1.800342930327845981e+00
-1.197346962115281688e+00
9.279259286111216642e-01
2.118283352732241553e+00
9.713353371348412146e-01
2.757847364396458723e+00
2.251913563618844094e+00
-1.674299009417240747e+00
-1.389255859002602178e-01
3.713555220431410397e-01
-2.496885988824743663e+00
6.986566947004597683e-01
3.031304298366880534e+00
9.328170620601797802e-01
2.618671099306933314e+00
3.180855161905646433e+00
2.918326293744635258e-01
-2.253528108024026588e-01
-7.236687840060589405e-01
-1.414213562373060951e+00
-1.149244087998623209e+00
-1.374740025060091186e+00
3.552091416093378640e-01
6.558293178319609673e-01
-1.415395666087660320e+00
4.355120988638096491e-01
2.848923675419068324e-01
-3.047407602563499740e+00
-6.403536167979915206e-01
2.721497920219320132e-01
-2.770628293948565357e+00
-4.539115352898382971e-01
6.697649243344134806e-01
-2.119036560835762195e+00
-8.063967687046468269e-01
2.624709884155261297e-01
-7.486124034720311737e-01
4.598464748157384818e-01
1.312349736991899718e+00
1.889199966719449897e+00
1.904838073332297377e+00
3.953661151431259180e-01
1.163578460500877876e+00
3.800683354339695619e-01
-2.236067977499835546e+00
4.223065683063969011e-01
1.507001114653662821e+00
-5.481320561761152677e-01
2.865710722488779005e+00
3.897536575773002721e+00
2.214544268429758933e-01
1.132535023213280923e+00
7.060908898797670918e-01
-2.930177121850074506e+00
-2.305070451231520323e+00
-1.388290133384358027e+00
-1.625671131660023416e+00
-1.984666708814393221e-01
4.823811522123686579e-01
1.236153346326368530e+00
6.939301310706886827e-01
-1.549388891089219955e+00
-6.792072344168822440e-01
-1.444064371768027488e+00
-4.019567609305527256e+00
-9.285172941877084529e-01
2.336634008375260141e-01
-1.989562756566512824e+00
1.256019717514253564e+00
2.252978023407103514e+00
-8.686987041767284534e-01
8.209378704712226860e-01
1.496972503628963613e+00
-6.395031811649479758e-01
5.583505272463119562e-01
1.299782053351291600e+00
7.937439343078701581e-01
9.633208433877999965e-01
3.457831053525227682e-01
1.035376768551227400e+00
7.330769429527107528e-01
-7.243081392351767844e-01
1.789827110297269375e+00
2.030941184748378703e+00
-4.788823874436002326e-01
1.971936606643527989e+00
1.511197765368842205e+00
-2.642936458840734915e+00
-1.038171619310301441e+00
-8.884765878442686393e-01
-3.639353109948489262e+00
-1.154844775526874923e+00
5.935171138699134596e-01
-3.006267783305796026e-01
9.021130325902929625e-01
8.551145157958111032e-01
-3.009499834030008869e-01
-1.404080331807267434e+00
-2.978913351891862238e+00
-1.905495793386246639e+00
-1.653785613016376388e+00
-2.314717961895845111e+00
1.522284176596361283e+00
2.498307793396468135e+00
2.314036438941744489e-01
2.845907472809464434e+00
2.347457718123131531e+00
-1.664314246384612339e+00
1.603377874928658686e-01
6.448943803694233701e-01
-1.563661206270859250e+00
7.915564558067087475e-01
2.135358348512762738e+00
1.166221444314482270e+00
1.772524342578338796e+00
1.409042250674664487e+00
9.790508236655055541e-01
2.811893914468240885e-01
-1.028371958232745964e+00
5.183849454744768881e-01
1.102256961664489499e-01
-1.992351048870775188e+00
4.904347940543647422e-01
-6.930786911200970124e-03
-3.168009026175307774e+00
-4.097188918232545496e-01
-1.504852210991436401e-02
-2.605374321172914343e+00
2.673186178062416096e-01
1.156696593127265249e+00
-1.207346562625254638e+00
-2.212984020746675551e-01
-4.403071341143840467e-01
-2.053920491179594965e+00
-1.850043479926564149e+00
-1.619145899498194874e+00
-4.110257160461849857e-02
9.254381701508725966e-01
8.474302491150863537e-01
3.437642591488529575e+00
2.776275151271124120e+00
-2.937333296016065853e-01
1.431018492556092925e+00
2.640083976281143441e-01
-3.000000000000000000e+00
2.640083976279932187e-01
1.431018492556215715e+00
-2.937333296015594009e-01
2.776275151271035302e+00
3.437642591488615729e+00
8.474302491151454175e-01
9.254381701508282987e-01
-4.110257160459657166e-02
-1.619145899498165786e+00
-1.850043479926547274e+00
-2.053920491179612284e+00
-4.403071341143875439e-01
-2.212984020745670799e-01
-1.207346562625269515e+00
1.156696593127216843e+00
2.673186178063778895e-01
-2.605374321172940100e+00
-1.504852211004070739e-02
-4.097188918231509103e-01
-3.168009026175337972e+00
-6.930786911357733615e-03
4.904347940544421247e-01
-1.992351048870762087e+00
1.102256961663418133e-01
5.183849454745258489e-01
-1.028371958232717098e+00
2.811893914467673561e-01
9.790508236654835716e-01
1.409042250674648722e+00
1.772524342578336576e+00
1.166221444314421429e+00
2.135358348512609084e+00
7.915564558066671141e-01
-1.563661206270876125e+00
6.448943803696045585e-01
1.603377874928110791e-01
-1.664314246384516416e+00
2.347457718123359793e+00
2.845907472809454219e+00
2.314036438941913243e-01
2.498307793396395304e+00
1.522284176596137018e+00
-2.314717961895854437e+00
-1.653785613016395040e+00
-1.905495793386170034e+00
-2.978913351891602446e+00
-1.404080331807163073e+00
-3.009499834030158749e-01
8.551145157957562581e-01
9.021130325902648739e-01
-3.006267783304610308e-01
5.935171138698637217e-01
-1.154844775527063883e+00
-3.639353109948554099e+00
-8.884765878442020259e-01
-1.038171619310336524e+00
-2.642936458840692282e+00
1.511197765369006518e+00
1.971936606643562406e+00
-4.788823874435366168e-01
2.030941184748213058e+00
1.789827110297051105e+00
-7.243081392350317893e-01
7.330769429524560676e-01
1.035376768551398596e+00
3.457831053526119192e-01
9.633208433877438193e-01
7.937439343078386278e-01
1.299782053351259403e+00
5.583505272464422964e-01
-6.395031811650128128e-01
1.496972503628814177e+00
8.209378704715939445e-01
-8.686987041767235684e-01
2.252978023406835728e+00
1.256019717514545775e+00
-1.989562756566543023e+00
2.336634008374952054e-01
-9.285172941873127694e-01
-4.019567609305539690e+00
-1.444064371768341459e+00
-6.792072344168267328e-01
-1.549388891089206854e+00
6.939301310704049097e-01
1.236153346326501978e+00
4.823811522126056905e-01
-1.984666708813891400e-01
-1.625671131660145097e+00
-1.388290133384558311e+00
-2.305070451231399531e+00
-2.930177121850168653e+00
7.060908898795232869e-01
1.132535023213492753e+00
2.214544268428921825e-01
3.897536575772956535e+00
2.865710722488895357e+00
-5.481320561761826582e-01
1.507001114653570895e+00
4.223065683064253228e-01
-2.236067977499837767e+00
3.800683354337307529e-01
1.163578460500839684e+00
3.953661151432549259e-01
1.904838073332283610e+00
1.889199966719529389e+00
1.312349736992052929e+00
4.598464748157886639e-01
-7.486124034720419429e-01
2.624709884154578510e-01
-8.063967687045977550e-01
-2.119036560835817262e+00
6.697649243343730685e-01
-4.539115352895878308e-01
-2.770628293948494747e+00
2.721497920218565181e-01
-6.403536167979144711e-01
-3.047407602563572127e+00
2.848923675419545720e-01
4.355120988639060720e-01
-1.415395666087757576e+00
6.558293178317962102e-01
3.552091416092397758e-01
-1.374740025060098514e+00
-1.149244087998715136e+00
-1.414213562372999000e+00
-7.236687840059852217e-01
-2.253528108023694632e-01
2.918326293743163102e-01
3.180855161905709938e+00
2.618671099307006145e+00
9.328170620601976548e-01
3.031304298366666927e+00
6.986566947004028139e-01
-2.496885988824788960e+00
3.713555220431289383e-01
-1.389255859000144144e-01
-1.674299009417228756e+00
2.251913563618764602e+00
2.757847364396543988e+00
9.713353371347915877e-01
2.118283352732094560e+00
9.279259286112002680e-01
-1.197346962115136915e+00
-1.800342930327791358e+00
-2.419194359564463603e+00
-1.459071181895858382e+00
-1.439509494163488501e+00
-1.435607431598512784e+00
1.309030786099020904e+00
1.755705045848947599e-01
-1.716739204125715235e+00
9.061378308803607062e-01
-7.870023366166631895e-01
-3.188124916010109278e+00
2.433964877557078799e-01
-1.886445708552262901e-01
-2.056634142853322356e+00
8.989013272045287550e-01
7.402256951146936048e-01
-8.882176346416753576e-01
6.242379225669623111e-01
7.920176791631334812e-01
7.866689287323020974e-01
1.360524989781603633e+00
1.393651686311103921e+00
2.502104118630535279e+00
1.148341699444700881e+00
-4.810878378182752990e-01
1.282483276076763934e+00
-5.600772174824631966e-01
-2.182306406148761369e+00
1.647769191029314850e+00
1.187727052659788063e+00
-3.056387777929776561e-01
3.127010072304779342e+00
1.850483603996755821e+00
-1.367440181037003821e+00
-3.170270931716735463e-01
-1.756915481790713995e+00
-3.644804980134102035e+00
-2.272439523742163736e+00
-1.453897715201465157e+00
-2.828018549795392467e-01
4.765298249199672043e-01
4.801702725330496691e-01
1.653136295229087116e+00
-3.941372870040548149e-01
-2.433558310280664827e+00
-3.763936601842365892e-01
-1.997672845378815509e+00
-3.169853312014611735e+00
1.207565474865322175e+00
1.002033075096845582e+00
-3.264762418520422704e-01
3.093218048797720776e+00
2.138983438583489161e+00
-2.706583977236610705e-01
1.362503547706267915e+00
7.944983266266948396e-01
-2.360679774999977498e-01
7.261554302142613215e-01
8.068340207801509845e-01
1.255953711794292493e+00
5.842588333882696716e-01
-1.563388455015419787e-01
1.438629448136959477e+00
-8.639986005330280161e-02
-1.146193897324222277e+00
1.995959844513579773e+00
4.272321109946908835e-01
-1.558766216958133555e+00
1.280535247320489622e+00
-8.074557598683289594e-01
-3.610343554383846687e+00
-1.079620243607223529e+00
-1.682386629767815389e+00
-2.706647045928451512e+00
1.060482093079573307e-01
7.687790901949695943e-01
5.688337365411969548e-01
8.066111864175352641e-01
-1.203619534151365578e-01
-3.726361044034444125e-01
-2.041314985233048773e+00
-2.806630556745371763e+00
-7.097543757137925180e-02
-5.052068317528698449e-01
-3.021880867125192882e-01
3.999163242143467745e+00
2.773591495832419707e+00
6.887214474862023428e-01
3.139360883108775369e+00
7.201061112652842322e-01
-2.097431094517391958e+00
3.192427402087557597e-01
-5.040474017789636774e-02
-7.504485882243454586e-01
1.539689266378362786e+00
1.800396827870154093e+00
1.458283934813479066e+00
9.770197044289785637e-01
-4.485232935009231259e-02
2.823787966283546891e-01
-1.421863657331415620e+00
-2.233356894070755772e+00
3.396453486361633578e-01
-1.247599526768456535e+00
-2.377054651094482551e+00
8.877414453695273711e-01
-9.999999999998196998e-01
-2.852315946826898596e+00
5.175016793177641405e-01
-4.410563242354391122e-01
-1.797582603478961705e+00
1.057786389485733336e+00
5.703050742013842100e-01
-7.797585709581633662e-01
-8.072870970871237617e-02
-7.263532373003315223e-01
-8.402499460637022910e-01
-8.368894796666751512e-01
-2.648412868809562060e-01
2.291475073775957938e+00
1.803018100265760815e+00
1.582870292381333144e+00
4.081660497146259559e+00
1.275947345591542215e+00
-1.202194560851516769e+00
1.120932657445736780e+00
-1.155557507082435320e+00
-2.630069030286214193e+00
1.373841676670505052e+00
1.241455937122478259e+00
4.457380667426920073e-01
2.806630556745172811e+00
1.666552356061608897e+00
-3.636130009658374851e-01
-9.512916365428265575e-01
-2.175705398275010083e+00
-2.186867725291019138e+00
-2.578433195126997202e+00
-2.043214531565368475e+00
7.105935890718410031e-01
-3.018427728609122118e-01
-8.224927889830836447e-01
1.857730194296165038e+00
-7.335707256831017764e-01
-2.555383226818082498e+00
5.952588687546712665e-01
-1.045266099744292854e+00
-2.246626311642265783e+00
1.271774936382626953e+00
5.837796343831166412e-01
-5.870708650067755219e-01
1.331909350086569299e+00
8.736784214546426952e-01
4.327021392096681573e-01
1.052718950996248459e+00
1.238419071243041625e+00
2.236067977499938131e+00
1.170076174830730897e+00
4.970494240702131306e-01
1.959314248727738406e+00
-6.810461837405239471e-01
-1.917647544213051614e+00
1.178034824982123752e+00
-5.046533007668390081e-01
-1.081984435806760736e+00
2.919186844885799381e+00
1.379638856628931487e+00
-5.871136880192885377e-01
1.158710330783212505e+00
-1.146889198547326849e+00
-3.405749655316860469e+00
-2.382283305123529260e+00
-2.460759227548836581e+00
-1.713251601876858876e+00
-4.832686070557314917e-01
4.627854188099865818e-01
2.026770991384140075e+00
3.878212699333862812e-01
-7.546264967866394002e-01
6.311910756675611633e-01
-2.225246233167991416e+00
-3.127010072304854837e+00
6.804014069642800866e-01
-4.514779472902995527e-01
-5.761156010714578724e-01
3.551400618006137933e+00
2.178111206232652197e+00
5.271708288551980592e-01
2.418254160075369086e+00
8.477117574118814280e-01
-5.178747160014988138e-01
5.084613462792214600e-01
3.920883703061028847e-01
7.543575568191891456e-01
4.828303003342517830e-01
3.392694256364772176e-01
1.506251623391666739e+00
-4.895592279859076190e-01
-1.024482366263151034e+00
1.559254368523634859e+00
-6.629140122748879982e-01
-1.418966992340854993e+00
1.730187661167263746e+00
-9.016535143870516578e-01
-2.765690802656931346e+00
-2.478352973318338481e-01
-2.175570504584741105e+00
-3.273605287556413224e+00
-4.239455401779536059e-01
-2.491463568404161943e-01
1.133927052918412559e-03
1.243623854979339249e+00
9.487843471976579179e-01
6.999671877854926061e-01
-1.053506967669758820e+00
-1.867616885603686772e+00
-3.533013483849805070e-01
-1.794340016193033183e+00
-9.770655841216938642e-01
3.215325494968809927e+00
1.891538945988044951e+00
1.530757510547112288e+00
4.481115391453624142e+00
1.297396762156283634e+00
-1.094137976109503363e+00
8.768370428718266218e-01
-1.000637110556881204e+00
-1.811760950048432850e+00
7.798209605835089153e-01
9.616019161717546115e-01
1.098431413177568539e+00
1.414213562373063393e+00
7.744814588271863309e-01
6.384909196906596307e-01
-1.426862731567187570e+00
-2.024923529689245605e+00
-2.026383226622799905e-01
-2.245166203795697424e+00
-2.222058689799276898e+00
1.051354145707025678e+00
-1.343875785830916048e+00
-2.174262824612305245e+00
1.018014933860829085e+00
-1.087114950261687252e+00
-1.944612903831848705e+00
1.155529212632177005e+00
1.883627799547386017e-01
-5.131374555440914031e-01
8.741934425307145151e-01
3.753329951392725405e-02
-4.607911538619743896e-01
-7.136294621346186418e-01
-4.469008184894392999e-01
1.293289735860913225e+00
6.959745112757087515e-01
1.584506166023439855e+00
4.236067977499901716e+00
1.542267933151032500e+00
3.525518571226381459e-01
2.236787907180231461e+00
-1.407773467645809129e+00
-2.721966071188102188e+00
6.301041562871183555e-01
-6.351552488836993415e-01
-5.805098508209698416e-01
2.679510654721555252e+00
1.687036462481668719e+00
4.247827851809906630e-01
3.508231521625967408e-01
-1.342559814670188700e+00
-2.234994512300209735e+00
-3.138266378916766186e+00
-2.678159533699481898e+00
-4.466645657673786740e-01
-1.257959087840243573e+00
-3.655897331639414993e-01
2.401533620555624360e+00
-4.405769176697419409e-01
-1.305316990795597043e+00
1.253313651197111689e+00
-1.630782346685858863e+00
-2.252978023407089747e+00
1.243461333348170328e+00
-8.468876510199219165e-02
-4.253189136709247808e-01
2.008597393022138355e+00
1.059683461503436064e+00
5.098720515808424780e-01
1.143422387949518448e+00
1.032732613468732241e+00
1.638446297276292540e+00
8.667362640391930162e-01
1.019536417135108453e+00
2.265334624786871753e+00
-5.149791307995994494e-01
-1.067433836545201409e+00
1.096916376193362463e+00
-1.721270139514799347e+00
-1.636778804427685419e+00
2.145556684510950607e+00
1.866130361805732329e-01
-2.870939167408332326e-01
2.181415855105568902e+00
-5.338110754767697586e-01
-2.453070085646576359e+00
-1.663947723126944389e+00
-2.902113032590241115e+00
-2.819689017253235175e+00
-1.558602988373534171e+00
-2.845755191968694087e-01
1.520976097048889919e+00
7.299252888015171914e-01
8.022270298859522919e-01
1.817338187566188701e+00
-1.647865215654827686e+00
-2.247641326267929340e+00
3.866303448556543954e-01
-1.882400124605998926e+00
-1.072609738626143727e+00
3.205340731936084264e+00
1.592275572595291733e+00
1.257218652220793764e+00
3.547890608899749942e+00
1.204497001050147453e+00
-1.981920262554222045e-01
6.434326606174933794e-01
-1.544903538284660982e-01
-3.994803881746755714e-02
9.260276629276908977e-02
4.550597139225500687e-01
1.403134587404317291e+00
-5.183849454743988394e-01
-4.849883253378457493e-01
1.256101943501482854e+00
-1.562088384012348286e+00
-1.362163424946434276e+00
1.549975037425492363e+00
-1.399935213108962184e+00
-1.922117800147269184e+00
6.093208643163661176e-01
-2.251548020434942288e+00
-3.058809625717562319e+00
-5.452667974626230762e-01
-1.319728083476852998e+00
-8.345408453831700823e-01
1.090413142975945604e+00
1.232009491176586868e+00
1.368479432369504423e+00
1.666836106631792713e-01
-4.280583958211706674e-01
4.128334015060408646e-03
-2.262072086903321733e+00
-1.318337896428527500e+00
1.982389180605593326e+00
4.285344792202445685e-01
1.700566103829332043e+00
