5.000000000000000000e+00
7.948360430512569907e-01
6.726082512564283966e-02
2.085060788554475408e+00
-2.979388809760069590e-01
8.063352686580683715e-01
-2.868813832805582331e-01
-2.336573085929911642e+00
2.800786829286060486e-01
9.892657715220253278e-01
2.427913191203737164e-01
-7.745162424332525664e-01
3.123232070270590688e-01
1.873036801111001459e+00
-6.361469742311920417e-01
-5.582705935223672977e-01
-1.465628892371462655e+00
-2.916689008640843905e+00
5.826142684426733886e-01
-2.296766194645355696e+00
-4.155489043392869952e+00
5.807982802968471026e-01
-6.170525002588248542e-01
-2.956002088671929595e-01
1.088405350965617746e+00
-1.317531745966327161e+00
1.121339569911237843e+00
1.837309470567012326e+00
-9.897669230002754670e-01
-1.224231034409706931e+00
-5.367024997813402143e-01
8.147923568780137682e-01
-3.530414512431251373e-01
-5.930642675198768421e-01
1.240920291394430386e+00
7.872455231368354900e-01
3.309421053367743948e+00
2.384612662538272865e+00
-9.548319977839390127e-01
3.116133536558192141e+00
2.064678238631815876e+00
-1.119417859619390221e+00
7.148763953429150275e-01
-1.552910724293279809e+00
-5.638164082842761493e-01
1.715405034958797703e+00
-1.524226878320566581e+00
-7.620408172270077829e-01
1.312383756904141885e+00
1.232319969325087028e+00
3.632712640026848350e-01
-1.197900523213101698e+00
-2.797725024341407574e-01
-8.965692477718637532e-01
-1.271437810692061188e+00
-1.423677639750398072e+00
-4.269669173990206623e+00
-7.930549017224646224e-01
8.521545943914115018e-01
-2.784059971091099150e+00
1.833033418246264867e-01
5.915010069155471895e-01
-2.288323692142486543e-01
2.551501563715175891e+00
-8.869355590564177438e-01
-1.671257986711502275e+00
1.395425530501505307e+00
-1.862455100024198451e-01
-9.545233337633340920e-01
-8.956205978679847579e-01
2.887595686740587753e-01
1.810158069859341357e+00
1.323099564440407772e+00
1.852117447404338701e+00
7.567787150858702461e-01
2.148785621521201339e+00
3.831894203932170839e+00
-1.009566848635546243e+00
-3.644780646729688933e-01
1.427363140459996238e+00
-1.440517308964433196e+00
6.307851628973188962e-01
-6.765414371659943527e-01
-2.267886488141094947e+00
2.361483887830734485e+00
1.089427540470981892e+00
-9.245393040922080807e-01
3.769807562192039607e-01
2.235942620723019303e-04
2.964500514888054328e-01
-1.153516939630816251e+00
-2.392110900753403602e+00
-2.266598795854783965e+00
-1.792015865131958208e+00
7.527186214977499290e-03
-2.565742175824733184e+00
-2.209407152840878297e+00
2.089637422871692962e+00
-1.820484113607403476e-01
2.968447534961409229e-01
1.118033988749903562e+00
-1.780726548291608591e+00
1.623242573307849490e+00
9.739406490930888616e-01
-2.940413690498071997e+00
-1.666546063580920389e-01
4.805898331258291467e-01
3.988548787689478736e-01
1.127679326108724123e+00
3.209708550162135854e-01
1.826615176230690807e+00
2.674622982919533154e+00
2.625775310080237013e+00
7.556327122508870175e-01
-6.207351984784363896e-01
2.415016419246197366e+00
2.291885497232657998e-01
-1.931687460100042220e+00
4.056987893753233321e-01
-1.552432952575824254e+00
5.006465757720643950e-01
2.119213861121718168e+00
-2.217619762332465161e+00
5.090962641858577387e-01
2.193189816794799185e+00
-7.071067811865509034e-01
-4.048350303690689822e-01
-1.808793314539743458e+00
-1.890819908579716602e+00
-6.778382942863920846e-01
-1.980313979156960613e+00
-2.521854575478140958e+00
-2.202914105457173921e+00
7.184977649676367317e-01
7.932626708271693916e-01
-1.717161725474295242e+00
1.113087543135985680e+00
7.134119934700735577e-01
-8.146029926053888204e-02
1.771298478064561532e+00
-2.420099070351278137e+00
-1.342660422334740700e+00
2.256246702801808279e+00
-1.263313443984791284e+00
-4.188677951736617944e-01
1.153141806183137552e+00
8.194642249501683517e-01
3.153562539294564537e+00
1.922542484418172659e+00
6.083836342316591983e-01
1.538841768587658976e+00
2.003808899148942224e+00
1.194443683773904752e+00
-1.883133725850975049e+00
-5.009707661797326850e-01
7.655167515760354924e-01
-1.187887367473082989e+00
7.964368962667780494e-01
-7.304746213391211107e-01
-9.542445126710550340e-01
3.479970191820810577e+00
-2.448881506021166610e-01
-1.828729545069344375e+00
7.788579937530519803e-01
-1.509353494016842046e+00
-1.003297974120876290e+00
-1.556266467369124218e+00
-3.742051533152573661e+00
-1.223697524939667325e+00
-1.479914584874697514e-01
-7.189946919377292467e-01
-1.359190699215356624e+00
-8.651971847959594175e-02
2.184121068685569433e+00
-6.110293031960589705e-03
2.746527796155229240e-02
6.690253782247934655e-02
-1.661571250823433932e+00
1.710075020462893391e+00
-3.369599569358705526e-01
-2.991496050382957073e+00
1.889220798516892286e+00
1.262188825754584354e+00
7.633453617385985712e-01
2.611893651914001246e+00
3.865080924977233323e-01
2.244258545423296169e+00
3.263558286648623685e+00
1.610467299950327780e-01
-4.858388301103462315e-01
-8.596613684708931391e-02
8.686591289476118805e-01
-6.047004764785911535e-01
-1.555932001516423302e+00
3.450682094291036561e-01
-3.472952178089108166e-01
1.522863626413590188e+00
1.293099326207228117e+00
-2.443402672256363761e+00
1.291563499403525217e+00
1.118033988749925767e+00
-2.788109012049119428e+00
-9.379465723978653857e-01
-2.584534541494686977e+00
-2.329660616901936265e+00
3.440970729008364648e-01
-2.508996068270039181e+00
-1.955688519858589602e+00
7.307872956786271024e-01
1.009376756768812999e+00
5.162730543266026428e-01
-7.070135960237671213e-01
6.075439954453936142e-01
4.510510016523110455e-01
-2.144598123004378687e-01
1.406725548091489753e-01
-2.600677293863230322e+00
2.237221973586531742e-01
2.639636839487924824e+00
-1.296274718751209143e+00
1.207114360583332768e+00
2.520566353019696670e+00
1.080162234266206722e+00
3.726653373938670022e+00
8.246911600642243823e-01
-8.037885975933807270e-01
2.175640669300032748e+00
4.769262145538502029e-01
-1.036518674534257389e+00
-1.222700193777664035e+00
-4.358572187638722895e-01
8.541656312390077943e-01
-3.561349116305312368e-02
4.123354346957935901e-01
-4.348918841589748396e-01
3.631666447308555812e-01
2.471169396603392965e+00
-2.168509597803676137e+00
-2.282013707097434008e+00
2.737264242252548385e-01
-2.781444158979173409e+00
-1.270885695934288018e+00
-1.631283058286254084e+00
-3.569847016378594695e+00
1.108251778468226201e+00
7.840762858307586125e-01
-1.365702202704026202e+00
4.471352136589363258e-01
6.810275131807216331e-01
1.112795945520218099e+00
6.810707450978073228e-14
-1.112795945520273611e+00
-6.810275131807206339e-01
-4.471352136589227810e-01
1.365702202703935608e+00
-7.840762858305901917e-01
-1.108251778468402060e+00
3.569847016378516535e+00
1.631283058286434828e+00
1.270885695934219628e+00
2.781444158979224479e+00
-2.737264242252361868e-01
2.282013707097342525e+00
2.168509597803871092e+00
-2.471169396603387192e+00
-3.631666447309432888e-01
4.348918841589962669e-01
-4.123354346958304495e-01
3.561349116305045914e-02
-8.541656312390055739e-01
4.358572187637832496e-01
1.222700193777637390e+00
1.036518674534239182e+00
-4.769262145538198938e-01
-2.175640669299974128e+00
8.037885975932623772e-01
-8.246911600641785300e-01
-3.726653373938623837e+00
-1.080162234266216714e+00
-2.520566353019724204e+00
-1.207114360583442902e+00
1.296274718751231569e+00
-2.639636839487762732e+00
-2.237221973590713953e-01
2.600677293863288941e+00
-1.406725548090553835e-01
2.144598123003927936e-01
-4.510510016521834809e-01
-6.075439954455676972e-01
7.070135960238079775e-01
-5.162730543265194871e-01
-1.009376756768816330e+00
-7.307872956786060081e-01
1.955688519858320262e+00
2.508996068270140434e+00
-3.440970729007497564e-01
2.329660616901677361e+00
2.584534541494809545e+00
9.379465723978310798e-01
2.788109012049109658e+00
-1.118033988749684182e+00
-1.291563499403641124e+00
2.443402672256379304e+00
-1.293099326207105992e+00
-1.522863626413721416e+00
3.472952178089658837e-01
-3.450682094291447344e-01
1.555932001516349583e+00
6.047004764786535480e-01
-8.686591289477479938e-01
8.596613684715914694e-02
4.858388301103754303e-01
-1.610467299951189313e-01
-3.263558286648531315e+00
-2.244258545423425399e+00
-3.865080924976976862e-01
-2.611893651913946623e+00
-7.633453617388001877e-01
-1.262188825754435362e+00
-1.889220798517004862e+00
2.991496050382852268e+00
3.369599569361252378e-01
-1.710075020463037276e+00
1.661571250823441925e+00
-6.690253782230926038e-02
-2.746527796155895373e-02
6.110293032134950231e-03
-2.184121068685669798e+00
8.651971847951966943e-02
1.359190699215438780e+00
7.189946919375767020e-01
1.479914584874649774e-01
1.223697524939653114e+00
3.742051533152501719e+00
1.556266467369214590e+00
1.003297974120811453e+00
1.509353494016846930e+00
-7.788579937530265562e-01
1.828729545069263107e+00
2.448881506022368981e-01
-3.479970191820840775e+00
9.542445126709414582e-01
7.304746213390489462e-01
-7.964368962667851548e-01
1.187887367473134503e+00
-7.655167515759853103e-01
5.009707661795144151e-01
1.883133725851197537e+00
-1.194443683773823484e+00
-2.003808899148936007e+00
-1.538841768587614123e+00
-6.083836342317402446e-01
-1.922542484418000797e+00
-3.153562539294637368e+00
-8.194642249503518716e-01
-1.153141806183115570e+00
4.188677951733770222e-01
1.263313443984974693e+00
-2.256246702801726123e+00
1.342660422334411852e+00
2.420099070351446002e+00
-1.771298478064514681e+00
8.146029926052633652e-02
-7.134119934699874044e-01
-1.113087543136123569e+00
1.717161725474376066e+00
-7.932626708270739124e-01
-7.184977649677750655e-01
2.202914105457184579e+00
2.521854575478097882e+00
1.980313979156975934e+00
6.778382942864721317e-01
1.890819908579598696e+00
1.808793314539807184e+00
4.048350303690448904e-01
7.071067811865274777e-01
-2.193189816794689495e+00
-5.090962641859645421e-01
2.217619762332498023e+00
-2.119213861121688858e+00
-5.006465757722053933e-01
1.552432952575963254e+00
-4.056987893753486452e-01
1.931687460099927645e+00
-2.291885497232346025e-01
-2.415016419246222235e+00
6.207351984784144072e-01
-7.556327122508407212e-01
-2.625775310080321390e+00
-2.674622982919445668e+00
-1.826615176230700577e+00
-3.209708550161910479e-01
-1.127679326108591784e+00
-3.988548787691079678e-01
-4.805898331257870693e-01
1.666546063581160197e-01
2.940413690498051569e+00
-9.739406490930484495e-01
-1.623242573307960734e+00
1.780726548291647893e+00
-1.118033988749860042e+00
-2.968447534962767032e-01
1.820484113607514498e-01
-2.089637422871648997e+00
2.209407152840843214e+00
2.565742175824778926e+00
-7.527186215046721696e-03
1.792015865131865837e+00
2.266598795854800841e+00
2.392110900753331215e+00
1.153516939631110683e+00
-2.964500514888400717e-01
-2.235942621425790477e-04
-3.769807562190882755e-01
9.245393040920922845e-01
-1.089427540470804257e+00
-2.361483887830867268e+00
2.267886488140946177e+00
6.765414371662689108e-01
-6.307851628975177372e-01
1.440517308964474275e+00
-1.427363140459868118e+00
3.644780646727181495e-01
1.009566848635765179e+00
-3.831894203932027398e+00
-2.148785621521438927e+00
-7.567787150858651390e-01
-1.852117447404433292e+00
-1.323099564440253006e+00
-1.810158069859364893e+00
-2.887595686741984413e-01
8.956205978680170654e-01
9.545233337633705073e-01
1.862455100024528187e-01
-1.395425530501519296e+00
1.671257986711342403e+00
8.869355590566427860e-01
-2.551501563715201648e+00
2.288323692141182031e-01
-5.915010069152955019e-01
-1.833033418248900537e-01
2.784059971091107144e+00
-8.521545943914472510e-01
7.930549017224044483e-01
4.269669173990288336e+00
1.423677639750391632e+00
1.271437810692007009e+00
8.965692477719717779e-01
2.797725024340513289e-01
1.197900523213166313e+00
-3.632712640026692918e-01
-1.232319969325232689e+00
-1.312383756903942267e+00
7.620408172269782510e-01
1.524226878320569245e+00
-1.715405034958783492e+00
5.638164082842097580e-01
1.552910724293363742e+00
-7.148763953429586593e-01
1.119417859619365796e+00
-2.064678238631738161e+00
-3.116133536558292505e+00
9.548319977839879735e-01
-2.384612662538187156e+00
-3.309421053367735954e+00
-7.872455231368540307e-01
-1.240920291394402186e+00
5.930642675198805058e-01
3.530414512431079288e-01
-8.147923568781803016e-01
5.367024997813523157e-01
1.224231034409653418e+00
9.897669230003935947e-01
-1.837309470566880876e+00
-1.121339569911447676e+00
1.317531745966359136e+00
-1.088405350965483631e+00
2.956002088670544037e-01
6.170525002589618557e-01
-5.807982802970026448e-01
4.155489043392647908e+00
2.296766194645778913e+00
-5.826142684428829988e-01
2.916689008640723113e+00
1.465628892371581671e+00
5.582705935223590821e-01
6.361469742312898523e-01
-1.873036801110985472e+00
-3.123232070271835248e-01
7.745162424333362772e-01
-2.427913191204096599e-01
-9.892657715219523862e-01
-2.800786829285996093e-01
2.336573085929667837e+00
2.868813832808448372e-01
-8.063352686580190776e-01
2.979388809760195045e-01
-2.085060788554479849e+00
-6.726082512573275385e-02
-7.948360430510411634e-01
-5.000000000000000000e+00
-7.948360430513908836e-01
-6.726082512546474601e-02
-2.085060788554656153e+00
2.979388809759790924e-01
-8.063352686578891815e-01
2.868813832805252595e-01
2.336573085929848581e+00
-2.800786829285129009e-01
-9.892657715220214421e-01
-2.427913191204103815e-01
7.745162424332541207e-01
-3.123232070269683636e-01
-1.873036801111091609e+00
6.361469742311165465e-01
5.582705935225515947e-01
1.465628892371241943e+00
2.916689008640704017e+00
-5.826142684427253471e-01
2.296766194645483150e+00
4.155489043392837978e+00
-5.807982802968919556e-01
6.170525002588851393e-01
2.956002088672661787e-01
-1.088405350965714113e+00
1.317531745966372014e+00
-1.121339569911200762e+00
-1.837309470567155989e+00
9.897669230004293439e-01
1.224231034409619223e+00
5.367024997813522047e-01
-8.147923568780034431e-01
3.530414512431087060e-01
5.930642675199094827e-01
-1.240920291394385977e+00
-7.872455231369077655e-01
-3.309421053367692434e+00
-2.384612662538275085e+00
9.548319977839231365e-01
-3.116133536558154837e+00
-2.064678238631981078e+00
1.119417859619557198e+00
-7.148763953429033702e-01
1.552910724293222078e+00
5.638164082842569425e-01
-1.715405034958715769e+00
1.524226878320530165e+00
7.620408172270206615e-01
-1.312383756904161425e+00
-1.232319969325085918e+00
-3.632712640027581097e-01
1.197900523212960699e+00
2.797725024343764577e-01
8.965692477718782971e-01
1.271437810691942172e+00
1.423677639750556168e+00
4.269669173990212840e+00
7.930549017223053054e-01
-8.521545943913091392e-01
2.784059971091148000e+00
-1.833033418247025370e-01
-5.915010069155605121e-01
2.288323692142789634e-01
-2.551501563715234511e+00
8.869355590559879765e-01
1.671257986711936594e+00
-1.395425530501613443e+00
1.862455100022240018e-01
9.545233337633675097e-01
8.956205978680267243e-01
-2.887595686738815282e-01
-1.810158069859331142e+00
-1.323099564440388676e+00
-1.852117447404308725e+00
-7.567787150860636469e-01
-2.148785621520839406e+00
-3.831894203932336040e+00
1.009566848635073955e+00
3.644780646734578911e-01
-1.427363140460145896e+00
1.440517308964370136e+00
-6.307851628971287150e-01
6.765414371656215398e-01
2.267886488141361845e+00
-2.361483887830644335e+00
-1.089427540471230360e+00
9.245393040923912675e-01
-3.769807562193466244e-01
-2.235942620103514855e-04
-2.964500514887137284e-01
1.153516939630677918e+00
2.392110900753408487e+00
2.266598795854779524e+00
1.792015865132014385e+00
-7.527186214900172256e-03
2.565742175824497817e+00
2.209407152841141198e+00
-2.089637422871525985e+00
1.820484113605020937e-01
-2.968447534958940093e-01
-1.118033988750140928e+00
1.780726548291618361e+00
-1.623242573307767334e+00
-9.739406490933290028e-01
2.940413690498060006e+00
1.666546063582632353e-01
-4.805898331259076395e-01
-3.988548787688870889e-01
-1.127679326108734115e+00
-3.209708550161876062e-01
-1.826615176230570015e+00
-2.674622982919587777e+00
-2.625775310080175728e+00
-7.556327122511502514e-01
6.207351984785719479e-01
-2.415016419246162727e+00
-2.291885497235722213e-01
1.931687460099936304e+00
-4.056987893752467267e-01
1.552432952575855785e+00
-5.006465757719513743e-01
-2.119213861121882925e+00
2.217619762332477151e+00
-5.090962641856431325e-01
-2.193189816795030112e+00
7.071067811864735209e-01
4.048350303689876029e-01
1.808793314539654640e+00
1.890819908579806308e+00
6.778382942863138139e-01
1.980313979156945514e+00
2.521854575478202243e+00
2.202914105457162375e+00
-7.184977649674493261e-01
-7.932626708272646487e-01
1.717161725474294354e+00
-1.113087543135743429e+00
-7.134119934701534937e-01
8.146029926060038839e-02
-1.771298478064558424e+00
2.420099070351109383e+00
1.342660422334740922e+00
-2.256246702801845583e+00
1.263313443984800166e+00
4.188677951737674876e-01
-1.153141806183275442e+00
-8.194642249501391529e-01
-3.153562539294452627e+00
-1.922542484418292785e+00
-6.083836342318093005e-01
-1.538841768587734915e+00
-2.003808899148983969e+00
-1.194443683773810383e+00
1.883133725850867801e+00
5.009707661797773159e-01
-7.655167515760237240e-01
1.187887367473009048e+00
-7.964368962666164009e-01
7.304746213390853615e-01
9.542445126710303871e-01
-3.479970191820779490e+00
2.448881506022577703e-01
1.828729545069235130e+00
-7.788579937531281416e-01
1.509353494016837161e+00
1.003297974120895608e+00
1.556266467369033180e+00
3.742051533152619847e+00
1.223697524939676207e+00
1.479914584874101324e-01
7.189946919378815693e-01
1.359190699215258480e+00
8.651971847955575168e-02
-2.184121068685643152e+00
6.110293032059843643e-03
-2.746527796154812906e-02
-6.690253782246946557e-02
1.661571250823370871e+00
-1.710075020462883622e+00
3.369599569359436053e-01
2.991496050382988603e+00
-1.889220798516920929e+00
-1.262188825754687826e+00
-7.633453617384357015e-01
-2.611893651914030556e+00
-3.865080924975843324e-01
-2.244258545423461371e+00
-3.263558286648662321e+00
-1.610467299951731102e-01
4.858388301103123696e-01
8.596613684703502400e-02
-8.686591289474729916e-01
6.047004764783011632e-01
1.555932001516527663e+00
-3.450682094289097002e-01
3.472952178087650998e-01
-1.522863626413176297e+00
-1.293099326207632238e+00
2.443402672256330455e+00
-1.291563499403153958e+00
-1.118033988750333663e+00
2.788109012049035940e+00
9.379465723979506508e-01
2.584534541494444504e+00
2.329660616902167192e+00
-3.440970729008869800e-01
2.508996068269902402e+00
1.955688519858895802e+00
-7.307872956787045959e-01
-1.009376756768886052e+00
-5.162730543266368377e-01
7.070135960237760031e-01
-6.075439954454182612e-01
-4.510510016524721388e-01
2.144598123005717616e-01
-1.406725548093034073e-01
2.600677293863019823e+00
-2.237221973583279899e-01
-2.639636839487955022e+00
1.296274718751039945e+00
-1.207114360583062762e+00
-2.520566353019664696e+00
-1.080162234266111465e+00
-3.726653373938761948e+00
-8.246911600644752927e-01
8.037885975934588867e-01
-2.175640669299969687e+00
-4.769262145540236197e-01
1.036518674534312456e+00
1.222700193777476407e+00
4.358572187642165141e-01
-8.541656312389777073e-01
3.561349116288403671e-02
-4.123354346957226468e-01
4.348918841590145856e-01
-3.631666447307582146e-01
-2.471169396603417390e+00
2.168509597803505606e+00
2.282013707097644506e+00
-2.737264242253112378e-01
2.781444158979070380e+00
1.270885695934529158e+00
1.631283058285946108e+00
3.569847016378806082e+00
-1.108251778467996385e+00
-7.840762858307689376e-01
1.365702202703874768e+00
-4.471352136587407600e-01
-6.810275131807970173e-01
-1.112795945520233865e+00
5.147416134429389531e-14
1.112795945520400398e+00
6.810275131807944637e-01
4.471352136587004589e-01
-1.365702202703602319e+00
7.840762858303598204e-01
1.108251778468354320e+00
-3.569847016378502325e+00
-1.631283058286387089e+00
-1.270885695934154569e+00
-2.781444158979286208e+00
2.737264242251475910e-01
-2.282013707097202193e+00
-2.168509597804089584e+00
2.471169396603400070e+00
3.631666447310221146e-01
-4.348918841592777085e-01
4.123354346959835492e-01
-3.561349116306800067e-02
8.541656312389764860e-01
-4.358572187638926065e-01
-1.222700193777717548e+00
-1.036518674534193440e+00
4.769262145537845887e-01
2.175640669299878649e+00
-8.037885975930882942e-01
8.246911600639293960e-01
3.726653373938843217e+00
1.080162234266294208e+00
2.520566353019455974e+00
1.207114360583594337e+00
-1.296274718751234012e+00
2.639636839487771613e+00
2.237221973590385882e-01
-2.600677293863308037e+00
1.406725548092924161e-01
-2.144598123004096690e-01
4.510510016522212284e-01
6.075439954457578784e-01
-7.070135960239403161e-01
5.162730543266342842e-01
1.009376756769052585e+00
7.307872956786004570e-01
-1.955688519858471475e+00
-2.508996068269993884e+00
3.440970729006362916e-01
-2.329660616901689352e+00
-2.584534541494811322e+00
-9.379465723978119840e-01
-2.788109012049117652e+00
1.118033988749771002e+00
1.291563499403656889e+00
-2.443402672256476560e+00
1.293099326207164168e+00
1.522863626413569538e+00
-3.472952178089782072e-01
3.450682094290193902e-01
-1.555932001516437291e+00
-6.047004764786813036e-01
8.686591289477142430e-01
-8.596613684724951909e-02
-4.858388301103203633e-01
1.610467299951398035e-01
3.263558286648245765e+00
2.244258545423865048e+00
3.865080924974236831e-01
2.611893651913779202e+00
7.633453617388397117e-01
1.262188825754348098e+00
1.889220798517160294e+00
-2.991496050382682625e+00
-3.369599569365248626e-01
1.710075020463266204e+00
-1.661571250823468127e+00
6.690253782231203594e-02
2.746527796184966563e-02
-6.110293032450753170e-03
2.184121068685737743e+00
-8.651971847915396197e-02
-1.359190699215437892e+00
-7.189946919376655199e-01
-1.479914584875374750e-01
-1.223697524939348469e+00
-3.742051533152409792e+00
-1.556266467369491258e+00
-1.003297974120576086e+00
-1.509353494016946851e+00
7.788579937529570563e-01
-1.828729545068867424e+00
-2.448881506027547061e-01
3.479970191820892289e+00
-9.542445126706289305e-01
-7.304746213395165721e-01
7.964368962670200780e-01
-1.187887367473181577e+00
7.655167515758387609e-01
-5.009707661793600941e-01
-1.883133725851199980e+00
1.194443683773594778e+00
2.003808899149015055e+00
1.538841768587584369e+00
6.083836342320407820e-01
1.922542484417842035e+00
3.153562539294535227e+00
8.194642249504553444e-01
1.153141806182974571e+00
-4.188677951732507898e-01
-1.263313443985024875e+00
2.256246702801815829e+00
-1.342660422334465142e+00
-2.420099070351372283e+00
1.771298478064450954e+00
-8.146029926046383096e-02
7.134119934698945897e-01
1.113087543136241253e+00
-1.717161725474355194e+00
7.932626708270110738e-01
7.184977649678513378e-01
-2.202914105457121963e+00
-2.521854575478069904e+00
-1.980313979156998805e+00
-6.778382942865215366e-01
-1.890819908579358888e+00
-1.808793314539959063e+00
-4.048350303690472218e-01
-7.071067811864441000e-01
2.193189816794360869e+00
5.090962641864482663e-01
-2.217619762332635691e+00
2.119213861121417075e+00
5.006465757727373012e-01
-1.552432952575807601e+00
4.056987893752925789e-01
-1.931687460099848819e+00
2.291885497233002722e-01
2.415016419246356350e+00
-6.207351984784755805e-01
7.556327122508441629e-01
2.625775310080428859e+00
2.674622982919386160e+00
1.826615176230854454e+00
3.209708550162688745e-01
1.127679326108621760e+00
3.988548787691579833e-01
4.805898331257160150e-01
-1.666546063580546244e-01
-2.940413690497873489e+00
9.739406490926225679e-01
1.623242573308173231e+00
-1.780726548291683198e+00
1.118033988749672858e+00
2.968447534963991052e-01
-1.820484113610805199e-01
2.089637422871761796e+00
-2.209407152840664246e+00
-2.565742175824791804e+00
7.527186214907555240e-03
-1.792015865131884489e+00
-2.266598795854887438e+00
-2.392110900753442682e+00
-1.153516939630879756e+00
2.964500514888070981e-01
2.235942619343012083e-04
3.769807562192464823e-01
-9.245393040921212613e-01
1.089427540470830236e+00
2.361483887830811756e+00
-2.267886488140857359e+00
-6.765414371661027104e-01
6.307851628974504576e-01
-1.440517308964448073e+00
1.427363140459999347e+00
-3.644780646727620033e-01
-1.009566848635774727e+00
3.831894203932339149e+00
2.148785621521367872e+00
7.567787150855789235e-01
1.852117447404742157e+00
1.323099564440493925e+00
1.810158069859382879e+00
2.887595686740768164e-01
-8.956205978680121804e-01
-9.545233337632671455e-01
-1.862455100024410504e-01
1.395425530501464673e+00
-1.671257986711514709e+00
-8.869355590564161895e-01
2.551501563715098175e+00
-2.288323692137554932e-01
5.915010069149777561e-01
1.833033418253379176e-01
-2.784059971091133345e+00
8.521545943910890930e-01
-7.930549017219040708e-01
-4.269669173990235933e+00
-1.423677639750658752e+00
-1.271437810692011450e+00
-8.965692477720065279e-01
-2.797725024341113365e-01
-1.197900523213092150e+00
3.632712640024158279e-01
1.232319969325268216e+00
1.312383756904002219e+00
-7.620408172267242319e-01
-1.524226878320742440e+00
1.715405034958440211e+00
-5.638164082837491264e-01
-1.552910724293635303e+00
7.148763953428534101e-01
-1.119417859619260103e+00
2.064678238631166174e+00
3.116133536558643335e+00
-9.548319977839071493e-01
2.384612662537691552e+00
3.309421053368324817e+00
7.872455231369001050e-01
1.240920291394555397e+00
-5.930642675197626001e-01
-3.530414512432434315e-01
8.147923568780399695e-01
-5.367024997811419285e-01
-1.224231034409670738e+00
-9.897669230003754981e-01
1.837309470566795166e+00
1.121339569911663059e+00
-1.317531745966352474e+00
1.088405350965427232e+00
-2.956002088667358807e-01
-6.170525002591322750e-01
5.807982802971098923e-01
-4.155489043392436521e+00
-2.296766194645980086e+00
5.826142684429713725e-01
-2.916689008640643621e+00
-1.465628892371716674e+00
-5.582705935219478555e-01
-6.361469742317920062e-01
1.873036801110945060e+00
3.123232070273603833e-01
-7.745162424331035744e-01
2.427913191202427101e-01
9.892657715220235515e-01
2.800786829287105206e-01
-2.336573085930033322e+00
-2.868813832808752573e-01
8.063352686582718754e-01
-2.979388809760401546e-01
2.085060788554299993e+00
6.726082512583178574e-02
7.948360430506677954e-01
