5.000000000000000000e+00
8.666441955687750331e-01
1.129067673022515539e+00
9.357165184950108072e-01
1.125399329501329371e+00
8.568211638301066468e-01
1.181746748052122431e+00
-2.912392046891898456e-01
-3.005483031347373490e+00
1.431780697487871290e+00
-3.615053682998836670e-01
3.771972726816890109e-01
-4.602941658405043102e-01
-3.291519388052832618e-03
-7.143896419398769737e-01
2.024732960161965689e+00
2.356686568788277647e+00
-1.494354214525020375e+00
8.428559244397184624e-01
-6.282447467972320787e-01
4.570784588153585792e-01
-4.607274656618173814e-01
-1.569466584746139759e-01
-3.869741337487762500e+00
-2.090458543060081276e+00
-1.259157463587110004e-01
-2.490845917677544819e+00
-1.008243992138027068e+00
-2.456669061996719083e+00
-1.410588765119910493e+00
-1.188938714935196206e+00
2.387858915566554163e+00
-1.138811591142887103e+00
-9.006405923565107274e-01
6.294009460432793412e-01
-3.831456983582567921e-01
1.109250285267253666e+00
1.092380579357421500e-02
-8.257430265852735429e-01
-3.264173479213892115e+00
1.157508526586765729e+00
-9.317433243338989479e-01
-9.618558318132288676e-01
-6.539373864193039898e-01
-1.527078343196309529e+00
-1.249378617149193849e-01
1.560851998484716230e+00
2.578613804780713892e+00
-1.198652100852365177e+00
2.392809056248127231e+00
1.309016994374943454e+00
2.329761968196343069e+00
2.579177905488276856e+00
1.308273414327473461e+00
-5.782047072402214383e-01
3.209305708294598602e-01
2.706473741786222131e+00
-1.093891591376360051e+00
8.575809408581235305e-01
-1.207177339920701087e+00
-4.425351671728976477e-01
6.878147324992688327e-01
2.416519403330049443e+00
-5.310737597635276086e-02
-4.372703316293112263e-01
2.495525282046773707e+00
3.768622464699417085e-01
2.916930773207184302e+00
9.814815053071034301e-01
-3.949050904411033347e-02
-1.404762058760614662e+00
1.680365867344074449e+00
-2.506095077416279349e-01
-1.888825946832374036e+00
-7.611064317423523740e-01
-3.412926022228909506e+00
-9.360011349068688702e-01
-5.402439278430003489e-01
-1.996784350593863167e-01
-3.374157219434288368e+00
-1.764301086540587260e-02
-2.477753573991356428e-01
-1.122755035015377684e-01
1.571341856589337560e+00
-1.220870064752348494e+00
-1.156553261626879880e+00
-6.216830949796339212e-01
1.616487744163302764e+00
-2.400773285873701202e+00
-7.422079939085667322e-01
-2.378994634677542575e+00
-2.529144513884059364e+00
-5.079484327911393260e-02
-5.136814010021800714e-01
-1.675174703138296195e+00
-2.287790393437468595e+00
1.530346269512799839e+00
-6.000417000267879164e-01
2.423431704259726871e+00
1.080980011913394767e+00
-1.909830056250670927e-01
8.553430213247344982e-01
2.635966404202337188e+00
1.818657923541201260e+00
-6.012850738087496261e-01
1.434505770248829748e+00
-1.835684140557060307e+00
1.106351115248582762e+00
1.129191453409479795e+00
6.145871854257173306e-02
-1.592764113690037675e+00
6.879237776737674448e-01
1.555280716440878619e+00
6.665880118719215153e-01
3.427895432470292825e+00
-2.320676981911892200e-01
1.206540650693332051e+00
2.149155646935169806e+00
3.355311226307862604e+00
2.255935039029973721e-01
8.275859419296810460e-01
9.310544160695088944e-02
-1.385709810894638183e+00
1.882759479836392247e+00
-8.898558983543860545e-01
-1.707106781186537248e+00
-2.446175012132488114e+00
5.327643066530719507e-01
-1.331455625976802448e+00
6.080378604317213664e-01
-2.283590594580822697e-02
-2.269074010394616092e+00
8.714226239316618106e-01
1.097185517711155800e+00
9.180674204540505423e-01
-1.604705778674400563e+00
4.162508876020161175e-01
-2.482008238599734185e+00
-1.261201869986745550e-01
9.114375529477972138e-02
-2.934953994398751487e+00
-2.849900548574430648e+00
-2.046177300471236915e+00
-5.925325287470485369e-01
-2.152679866495808891e+00
7.247331602521274174e-01
-2.783497621577232906e+00
-7.669861146024986587e-01
1.473998083612275245e+00
1.306210548537702909e+00
1.909830056250735320e-01
7.941720217561476503e-02
8.397920786338045618e-01
-9.014821203937227745e-01
2.975595416196477938e+00
-6.462878134723075707e-01
-1.356903951653960050e+00
-1.005944614713357943e+00
5.013044564937152447e-01
-2.041152713012769904e-01
3.390161308353058511e-01
6.836780171105445447e-01
-2.053081171969087571e+00
2.689196568862866510e+00
2.154827462263891213e+00
2.153018263758452733e+00
8.178692572615444689e-01
2.255018285551801061e+00
9.297917770753596489e-01
2.364290499905100429e+00
3.238712207578556601e+00
-1.344577570141932910e+00
2.301137119039111667e-01
-1.214114442923829307e-01
8.937122422361715168e-01
-8.231419552708802989e-01
7.033960122551703442e-01
-2.195748891079460918e+00
-8.978440310953453851e-01
2.295409181717085634e+00
1.176212269654849374e-01
5.413234342340335070e-01
-2.790290339816460241e-01
1.056124385853802305e+00
-3.382744230809613395e-01
2.877014957771251602e+00
-7.256342707234773037e-01
-2.142904631387116954e+00
-4.555176079993772942e-01
-1.122111727657820301e+00
-9.350750165905028499e-01
-2.026414434145763721e+00
-1.628126335517620760e+00
-4.478686414746209543e+00
3.144468226320201731e-01
-5.310000803916605783e-01
-1.377664810984218668e+00
-9.604707749608837331e-01
-6.692230217679759896e-01
-1.274838985167414673e-02
6.909830056250512165e-01
2.197401510731274321e+00
-2.644912865385374179e+00
7.429246377290199543e-02
-1.754618019888823932e-01
-2.993309152942158491e-02
-6.907010016304717670e-01
-8.655893603539610570e-01
-2.335137235725959215e+00
-1.749185514565729793e+00
2.174310677678454429e+00
-1.267028250031086767e+00
2.885709753650312903e-01
-1.758897942701916906e-01
1.187612316503413368e+00
1.422964537947920771e+00
3.567801701416294602e+00
1.281157941084427598e+00
-4.233559414733998327e-01
3.017232008763629292e+00
9.694593494045432580e-01
1.959498038400102837e+00
2.625925905336694566e-01
8.256957486380211986e-02
-1.861742156940152437e+00
1.776197286231611994e+00
1.060359742341060452e+00
-1.253234373815867775e+00
7.111408648572887792e-01
-4.092733680126663942e-01
1.510694696230244549e+00
1.703828738387465513e+00
2.800439604577380948e+00
-1.325675103225176343e+00
1.416168829485657810e+00
1.838383402841799130e+00
4.281903727055618170e-01
9.900450542448503422e-01
-1.192809516207621101e+00
-1.667752012961361663e+00
-1.855103473350341536e+00
1.349527238852908262e+00
-2.943301218955074461e+00
-1.785338348593759061e+00
-1.733238209227511817e+00
-1.663088562728876951e+00
1.214947625114912722e-01
4.195188894635621946e-01
-6.868968195234889107e-01
-2.400197114670844289e+00
1.999999999999972022e+00
-5.184355767622810252e-01
5.879511599738322936e-01
-5.985639420371341446e-01
-1.843079738945831991e+00
-1.975957492809351290e+00
1.937515086015612065e-02
-2.851162093327391789e-01
-3.679550324324477817e+00
-6.494858818785923527e-01
-2.473137462100111872e+00
-8.744198821007065359e-02
4.958463347963617540e-01
5.537585714517173630e-01
-1.556039029923375949e+00
9.304024033625926116e-01
2.785263041343009505e+00
5.098341481428332322e-01
2.674858565518744680e+00
-2.167586329663907518e-01
3.351241916453022718e-01
7.148933876915249952e-01
2.648307187114530947e+00
-1.065017747178867102e+00
-7.492943625910700733e-01
3.619837238584887040e-01
-1.010183573809956492e+00
2.073693504069894722e+00
7.599723648633787132e-01
3.053368898509677409e-01
-6.485746393453800662e-01
3.575214220842078294e+00
1.572697515383275402e+00
2.075453722353701291e+00
2.109864446573569197e+00
-3.590485104288473894e-01
1.438278783632038760e+00
1.775943729607247779e+00
1.360224565323249424e+00
-2.492842357337114123e+00
2.721976450880492227e-01
-1.812007032721834499e+00
-4.755842639497074864e-01
4.570343702933137853e-01
-1.654208349833925062e+00
-2.005309772719643391e+00
-5.502244311605314353e-01
1.795776517780843573e+00
-1.103886379833808551e+00
1.519925670240642512e+00
-1.309016994374837095e+00
-6.902242303423427039e-01
8.718034637835849754e-01
7.610132790470650610e-01
-1.752427440155557514e+00
-2.506376761582028045e+00
-6.490605255713376431e-01
-3.156062684098915661e+00
2.314266362588067727e-01
-2.089235952301910615e+00
-2.837188049180822791e+00
-2.347925834963838998e+00
6.161359819585541242e-01
-1.910711075095126443e-01
-4.749678035950924415e-01
1.095001909394603512e+00
-1.796211677923734484e+00
1.850420167123254522e+00
1.717024422874946943e+00
1.099305646312570772e+00
-1.500412761784490234e+00
6.412480331679748513e-01
-4.004642567654502217e-01
-2.046249618733968489e-01
1.554954595385360516e+00
-2.237355517643873526e+00
-9.159418626959273668e-01
6.680518234457422100e-02
2.167280034161251923e+00
-2.204108144377111556e-01
2.063141702993629867e+00
4.437031285512821333e-01
8.042107380167398123e-01
4.090527536919718266e+00
2.186963469119063141e+00
1.245037264279325484e+00
1.705980596348889433e-01
2.252910086069856987e+00
-3.644253209650454295e-01
2.263988041861887623e+00
-2.790178579144980131e-01
-2.203128392032673410e+00
-2.349446488756871398e-01
4.942775245476556112e-01
3.957094084339194406e-01
-9.591567435529677610e-01
1.011020914739216625e+00
-1.919564951894394023e+00
2.114640058130817124e+00
1.961178740084259076e+00
1.909830056250506614e-01
-5.755509893707873026e-01
1.991501041148333595e-01
2.510967168985438480e-01
-8.189231201200435351e-01
1.037602090332733873e+00
-3.905293226583330224e+00
-2.092754668008216523e+00
-1.309928195101850879e+00
-8.508874278428426585e-01
-2.316920005648856140e+00
-1.489166269456601466e+00
-1.814776038002563929e+00
-2.045721755806885422e+00
2.400480290230945002e+00
-6.967247791951727276e-01
-4.510267914033571079e-01
-7.383237336569359321e-01
9.970036629903342718e-01
-3.484866390407209136e-01
1.152734598639099106e+00
-5.161288952723709356e-01
-3.268621948234215591e+00
3.445476800159560371e-01
-6.365209072003400470e-01
-2.928932188134463210e-01
-1.741414481484541144e+00
-1.083644493698395772e-01
-1.883089585224303253e+00
1.747266590156010935e+00
2.445619930679562071e+00
-3.323887081756256578e-01
1.359257769451370557e+00
1.354859865665580365e+00
2.664477905536130731e+00
1.549945350185564674e+00
3.177228965341673206e+00
-1.285245512005540380e+00
4.836271264828803096e-01
1.913737884979666015e+00
3.093489189001506490e-01
1.242802366989065876e-01
-7.303615183670190136e-01
-2.162726153987036826e-01
-8.721767923536499767e-01
3.409882451439060436e+00
-2.265224446372883227e-01
9.717386953331419441e-02
1.094939918650698063e+00
1.532818861815182787e+00
1.809016994375005627e+00
1.758455852404014363e+00
8.824052187080788645e-01
-2.321525754034631905e+00
1.905108898684272578e+00
-3.124137122472198103e-01
-7.116673549347969363e-01
-1.836305131649366151e+00
-1.910347815055651655e+00
-2.466322995727835199e+00
-4.768816020875575323e-01
4.836061133976505833e-01
-3.472426875831716941e+00
-3.353457797143110097e-01
-8.723495621082625329e-01
6.254597867497404540e-01
2.370671900905163554e-01
7.770460753198675796e-01
-2.108328960358009319e+00
-8.057575694778998932e-01
1.600390977884647459e+00
-1.719996070885133399e+00
-6.970582093890510533e-01
-2.531367857049108494e+00
-1.787559718037050160e+00
-1.998712459855853218e+00
1.048547673189632157e+00
-2.077042573469332520e+00
-2.187775829999151433e+00
5.561991116398522506e-01
-2.291915541757428842e-01
1.881096862309735940e+00
1.107062544365748691e+00
1.081421521839259325e+00
-9.922319653875025791e-01
3.403506281525766397e+00
1.546959070999728070e+00
3.831791068165809611e-01
7.278635523261310913e-01
-8.924952922520803522e-01
1.754988215769205384e-01
7.918357808107407969e-01
1.593830046227585395e+00
-2.594113730637245929e+00
9.538603816984296824e-01
6.337995009099216537e-01
1.386369794217211515e+00
2.326356245828333336e+00
1.304329925990896699e+00
4.480004302878852762e-01
1.309016994374940790e+00
4.274570594156639203e+00
7.619587864509458353e-02
1.560530973280014333e+00
-4.037225029726428938e-01
-4.378067917953036847e-01
2.255350168914672937e-01
8.462847528415921028e-01
-1.698104937182622454e+00
-2.930756445065340721e+00
5.394745378368664968e-01
-1.683863454462519282e+00
8.629128244187198593e-01
-4.253626769995700885e-01
-8.749791173616172646e-01
-1.291126697837373216e+00
1.998495157900605168e+00
9.348686590114243522e-01
-1.264392630201442991e+00
4.672715442127314267e-01
-2.364509219520062100e+00
-2.864220094157226004e-01
-5.195027397394393898e-01
-8.200273655007863649e-01
-4.300500022609534234e+00
-1.540129308732151259e+00
-1.238899959929735894e+00
-1.878617408281779033e+00
3.404331158550749636e-01
-2.114888614210800100e+00
-1.160955529934602826e+00
-7.026253471895349545e-02
2.838909381296302215e+00
-7.000584332553937417e-01
8.987493139453941460e-01
2.427199117854259292e-01
-4.637231748114244434e-01
1.948542004489387747e+00
6.113594241176276700e-01
-8.486168346240886562e-01
-2.263618400890304194e+00
1.368959179331535658e+00
-1.145930059570853032e+00
1.031384525958099596e+00
2.182393998488856846e-01
-1.118555517360234397e+00
7.506367003297974572e-01
2.657200572502847358e+00
2.670094158574297438e+00
1.891683550781492196e-01
3.000000000000000000e+00
1.891683550782428114e-01
2.670094158574058518e+00
2.657200572503006786e+00
7.506367003300040697e-01
-1.118555517360176443e+00
2.182393998486657494e-01
1.031384525958286114e+00
-1.145930059570948067e+00
1.368959179331579401e+00
-2.263618400890112792e+00
-8.486168346243213589e-01
6.113594241174661326e-01
1.948542004489436152e+00
-4.637231748112740082e-01
2.427199117852208987e-01
8.987493139455574598e-01
-7.000584332555680467e-01
2.838909381296233825e+00
-7.026253471868082467e-02
-1.160955529934499575e+00
-2.114888614210912454e+00
3.404331158550407688e-01
-1.878617408281605616e+00
-1.238899959929889105e+00
-1.540129308731869262e+00
-4.300500022609608841e+00
-8.200273655010292817e-01
-5.195027397394642588e-01
-2.864220094155793817e-01
-2.364509219520135375e+00
4.672715442126392782e-01
-1.264392630201510492e+00
9.348686590114922979e-01
1.998495157900587182e+00
-1.291126697837319259e+00
-8.749791173617306184e-01
-4.253626769994732770e-01
8.629128244187672658e-01
-1.683863454462524833e+00
5.394745378369353306e-01
-2.930756445065367810e+00
-1.698104937182543628e+00
8.462847528414371157e-01
2.255350168914018461e-01
-4.378067917954410193e-01
-4.037225029726175807e-01
1.560530973279917077e+00
7.619587864498145180e-02
4.274570594156556602e+00
1.309016994374919696e+00
4.480004302879795341e-01
1.304329925990686645e+00
2.326356245828186342e+00
1.386369794217139351e+00
6.337995009100051425e-01
9.538603816984180250e-01
-2.594113730637201520e+00
1.593830046227425967e+00
7.918357808107249207e-01
1.754988215771161597e-01
-8.924952922522741972e-01
7.278635523260343909e-01
3.831791068168061143e-01
1.546959070999275099e+00
3.403506281526262001e+00
-9.922319653872991863e-01
1.081421521838993094e+00
1.107062544365756462e+00
1.881096862309872053e+00
-2.291915541754801500e-01
5.561991116398063983e-01
-2.187775829998581223e+00
-2.077042573469722875e+00
1.048547673189848206e+00
-1.998712459855623624e+00
-1.787559718036964895e+00
-2.531367857049263037e+00
-6.970582093890682618e-01
-1.719996070885212003e+00
1.600390977884228239e+00
-8.057575694771099695e-01
-2.108328960358253568e+00
7.770460753197860893e-01
2.370671900904347540e-01
6.254597867499513963e-01
-8.723495621082653084e-01
-3.353457797139802743e-01
-3.472426875831705395e+00
4.836061133970487314e-01
-4.768816020869432459e-01
-2.466322995727733502e+00
-1.910347815055532195e+00
-1.836305131649565103e+00
-7.116673549348661032e-01
-3.124137122474497374e-01
1.905108898684440444e+00
-2.321525754034516442e+00
8.824052187077829901e-01
1.758455852404106068e+00
1.809016994374993637e+00
1.532818861815247180e+00
1.094939918650740251e+00
9.717386953349771428e-02
-2.265224446375173617e-01
3.409882451439137707e+00
-8.721767923533262357e-01
-2.162726153987872824e-01
-7.303615183669912581e-01
1.242802366988383644e-01
3.093489189000890316e-01
1.913737884979527681e+00
4.836271264832388006e-01
-1.285245512005789958e+00
3.177228965341511113e+00
1.549945350185641058e+00
2.664477905536054791e+00
1.354859865665604346e+00
1.359257769451464704e+00
-3.323887081756514705e-01
2.445619930679319154e+00
1.747266590156384192e+00
-1.883089585224327012e+00
-1.083644493698658895e-01
-1.741414481484561350e+00
-2.928932188135209280e-01
-6.365209072005175717e-01
3.445476800161985098e-01
-3.268621948234082808e+00
-5.161288952728283475e-01
1.152734598639225450e+00
-3.484866390407091452e-01
9.970036629902343517e-01
-7.383237336567974873e-01
-4.510267914032634051e-01
-6.967247791954582770e-01
2.400480290231064906e+00
-2.045721755806500397e+00
-1.814776038002931635e+00
-1.489166269456462244e+00
-2.316920005648830383e+00
-8.508874278430927918e-01
-1.309928195101684345e+00
-2.092754668007798191e+00
-3.905293226583658850e+00
1.037602090332517379e+00
-8.189231201198504673e-01
2.510967168981724229e-01
1.991501041149507101e-01
-5.755509893706994839e-01
1.909830056248753571e-01
1.961178740084108085e+00
2.114640058131333600e+00
-1.919564951894463967e+00
1.011020914739048759e+00
-9.591567435528255414e-01
3.957094084336741924e-01
4.942775245475902191e-01
-2.349446488755270734e-01
-2.203128392032807970e+00
-2.790178579146602167e-01
2.263988041861981326e+00
-3.644253209650150094e-01
2.252910086069713103e+00
1.705980596349806477e-01
1.245037264279306832e+00
2.186963469118893055e+00
4.090527536919848828e+00
8.042107380167521358e-01
4.437031285512686996e-01
2.063141702993674276e+00
-2.204108144376004663e-01
2.167280034161111590e+00
6.680518234474974726e-02
-9.159418626957498422e-01
-2.237355517644072922e+00
1.554954595385330984e+00
-2.046249618733879116e-01
-4.004642567655085639e-01
6.412480331680125989e-01
-1.500412761784414073e+00
1.099305646312361384e+00
1.717024422874927403e+00
1.850420167123415283e+00
-1.796211677923842620e+00
1.095001909394501372e+00
-4.749678035950524180e-01
-1.910711075094686240e-01
6.161359819589011799e-01
-2.347925834963502378e+00
-2.837188049180828120e+00
-2.089235952302514576e+00
2.314266362591528292e-01
-3.156062684098856597e+00
-6.490605255716699329e-01
-2.506376761581662116e+00
-1.752427440156191230e+00
7.610132790468734365e-01
8.718034637837546175e-01
-6.902242303419802161e-01
-1.309016994375414855e+00
1.519925670240926285e+00
-1.103886379833770803e+00
1.795776517780548698e+00
-5.502244311599563398e-01
-2.005309772719641614e+00
-1.654208349834093150e+00
4.570343702931861651e-01
-4.755842639491747459e-01
-1.812007032722269928e+00
2.721976450883160092e-01
-2.492842357337074599e+00
1.360224565322630141e+00
1.775943729607337929e+00
1.438278783632274127e+00
-3.590485104288218543e-01
2.109864446573170405e+00
2.075453722354135166e+00
1.572697515382929900e+00
3.575214220842219071e+00
-6.485746393449818292e-01
3.053368898507655693e-01
7.599723648631738770e-01
2.073693504070085680e+00
-1.010183573809872559e+00
3.619837238582619965e-01
-7.492943625907804162e-01
-1.065017747179148877e+00
2.648307187114456784e+00
7.148933876917539232e-01
3.351241916453366887e-01
-2.167586329666530975e-01
2.674858565518792641e+00
5.098341481427020039e-01
2.785263041342953994e+00
9.304024033632876112e-01
-1.556039029923492745e+00
5.537585714516294333e-01
4.958463347964524592e-01
-8.744198820975457309e-02
-2.473137462100258865e+00
-6.494858818784230436e-01
-3.679550324324432076e+00
-2.851162093329716596e-01
1.937515086059488079e-02
-1.975957492809267357e+00
-1.843079738945887058e+00
-5.985639420373346509e-01
5.879511599739984939e-01
-5.184355767625197231e-01
2.000000000000026645e+00
-2.400197114670722609e+00
-6.868968195235266583e-01
4.195188894637480459e-01
1.214947625113989571e-01
-1.663088562728611386e+00
-1.733238209227597748e+00
-1.785338348593714652e+00
-2.943301218955206799e+00
1.349527238852874733e+00
-1.855103473350225851e+00
-1.667752012961328578e+00
-1.192809516207468779e+00
9.900450542444713120e-01
4.281903727057252418e-01
1.838383402841735181e+00
1.416168829485674019e+00
-1.325675103225195661e+00
2.800439604577338315e+00
1.703828738387467734e+00
1.510694696230387546e+00
-4.092733680124959750e-01
7.111408648571316826e-01
-1.253234373815803160e+00
1.060359742340931888e+00
1.776197286231682826e+00
-1.861742156940062509e+00
8.256957486373006638e-02
2.625925905336069510e-01
1.959498038400046216e+00
9.694593494046646054e-01
3.017232008763558682e+00
-4.233559414733150117e-01
1.281157941084225538e+00
3.567801701416266180e+00
1.422964537947964070e+00
1.187612316503473764e+00
-1.758897942700664574e-01
2.885709753649463583e-01
-1.267028250031126735e+00
2.174310677678394921e+00
-1.749185514565588129e+00
-2.335137235726041816e+00
-8.655893603540839587e-01
-6.907010016305897837e-01
-2.993309152940548667e-02
-1.754618019887626001e-01
7.429246377276388369e-02
-2.644912865385355527e+00
2.197401510731199714e+00
6.909830056250586550e-01
-1.274838985160742233e-02
-6.692230217678902804e-01
-9.604707749608204503e-01
-1.377664810984326804e+00
-5.310000803914984857e-01
3.144468226319332427e-01
-4.478686414746129607e+00
-1.628126335517578793e+00
-2.026414434145791699e+00
-9.350750165905252764e-01
-1.122111727657722380e+00
-4.555176079992412363e-01
-2.142904631386775005e+00
-7.256342707242142698e-01
2.877014957771376835e+00
-3.382744230807706032e-01
1.056124385853807635e+00
-2.790290339815595377e-01
5.413234342340577099e-01
1.176212269655694254e-01
2.295409181716868918e+00
-8.978440310945471348e-01
-2.195748891079863263e+00
7.033960122551639049e-01
-8.231419552709237086e-01
8.937122422361181151e-01
-1.214114442923636128e-01
2.301137119041140044e-01
-1.344577570141948009e+00
3.238712207577988167e+00
2.364290499905542742e+00
9.297917770751663591e-01
2.255018285551886326e+00
8.178692572614914003e-01
2.153018263758279094e+00
2.154827462263833482e+00
2.689196568863198689e+00
-2.053081171968814900e+00
6.836780171101468628e-01
3.390161308356451908e-01
-2.041152713014771081e-01
5.013044564937677583e-01
-1.005944614713333074e+00
-1.356903951653988027e+00
-6.462878134727717550e-01
2.975595416196491705e+00
-9.014821203933990335e-01
8.397920786335354437e-01
7.941720217585013231e-02
1.909830056248185137e-01
1.306210548537694027e+00
1.473998083612266363e+00
-7.669861146021952347e-01
-2.783497621577362580e+00
7.247331602521694949e-01
-2.152679866495741834e+00
-5.925325287471429059e-01
-2.046177300470868765e+00
-2.849900548574487047e+00
-2.934953994398893151e+00
9.114375529460422287e-02
-1.261201869985347224e-01
-2.482008238599775929e+00
4.162508876019241910e-01
-1.604705778674396344e+00
9.180674204539072125e-01
1.097185517711213532e+00
8.714226239318791922e-01
-2.269074010394452223e+00
-2.283590594603608637e-02
6.080378604317590030e-01
-1.331455625976730506e+00
5.327643066530852733e-01
-2.446175012132443261e+00
-1.707106781186594979e+00
-8.898558983544726519e-01
1.882759479836368488e+00
-1.385709810894553584e+00
9.310544160676037517e-02
8.275859419296552888e-01
2.255935039028056366e-01
3.355311226307681860e+00
2.149155646935200448e+00
1.206540650693507244e+00
-2.320676981912683789e-01
3.427895432470181802e+00
6.665880118720819425e-01
1.555280716440835986e+00
6.879237776738146293e-01
-1.592764113689895789e+00
6.145871854240697596e-02
1.129191453409525092e+00
1.106351115248883854e+00
-1.835684140557024335e+00
1.434505770248740930e+00
-6.012850738087905933e-01
1.818657923541011190e+00
2.635966404202359836e+00
8.553430213248762737e-01
-1.909830056252116437e-01
1.080980011913499794e+00
2.423431704259937369e+00
-6.000417000268406520e-01
1.530346269512947721e+00
-2.287790393437327374e+00
-1.675174703138423205e+00
-5.136814010023426080e-01
-5.079484327893493689e-02
-2.529144513884095780e+00
-2.378994634677436881e+00
-7.422079939084254008e-01
-2.400773285873835761e+00
1.616487744163240148e+00
-6.216830949796049444e-01
-1.156553261626897200e+00
-1.220870064752405115e+00
1.571341856589341113e+00
-1.122755035016405334e-01
-2.477753573988615843e-01
-1.764301086511677052e-02
-3.374157219434365640e+00
-1.996784350594563717e-01
-5.402439278429542746e-01
-9.360011349067953734e-01
-3.412926022228981449e+00
-7.611064317422786552e-01
-1.888825946832455749e+00
-2.506095077414616235e-01
1.680365867344340902e+00
-1.404762058760592458e+00
-3.949050904412909624e-02
9.814815053069967377e-01
2.916930773207184302e+00
3.768622464699356023e-01
2.495525282046917148e+00
-4.372703316294216380e-01
-5.310737597612649741e-02
2.416519403330009919e+00
6.878147324995943501e-01
-4.425351671727421055e-01
-1.207177339921055470e+00
8.575809408582750759e-01
-1.093891591376418226e+00
2.706473741785884179e+00
3.209305708298646476e-01
-5.782047072404150612e-01
1.308273414327180140e+00
2.579177905488136524e+00
2.329761968196478072e+00
1.309016994374662346e+00
2.392809056248490052e+00
-1.198652100852356295e+00
2.578613804780322649e+00
1.560851998485110581e+00
-1.249378617148121373e-01
-1.527078343196338617e+00
-6.539373864192937758e-01
-9.618558318132895968e-01
-9.317433243344315219e-01
1.157508526587176068e+00
-3.264173479213697604e+00
-8.257430265856453566e-01
1.092380579347662639e-02
1.109250285267255443e+00
-3.831456983582406939e-01
6.294009460432496983e-01
-9.006405923563298721e-01
-1.138811591143055191e+00
2.387858915566778872e+00
-1.188938714934855145e+00
-1.410588765119801469e+00
-2.456669061996738623e+00
-1.008243992138068368e+00
-2.490845917677611876e+00
-1.259157463587700088e-01
-2.090458543059798835e+00
-3.869741337487812238e+00
-1.569466584746382898e-01
-4.607274656618874920e-01
4.570784588153932182e-01
-6.282447467974021649e-01
8.428559244398163841e-01
-1.494354214525161595e+00
2.356686568787948133e+00
2.024732960162203721e+00
-7.143896419395902031e-01
-3.291519387838892641e-03
-4.602941658406476400e-01
3.771972726817977017e-01
-3.615053683000257756e-01
1.431780697488006959e+00
-3.005483031347231826e+00
-2.912392046894293207e-01
1.181746748051913265e+00
8.568211638303141475e-01
1.125399329501596934e+00
9.357165184948648129e-01
1.129067673022665641e+00
8.666441955684274223e-01
