5.000000000000000000e+00
7.576379164956293932e-01
7.274391351361780833e-01
1.161733894443639947e+00
1.543820121931029021e+00
2.401274086008773068e-01
-7.138881662573083320e-01
-5.195532172558339212e-01
-2.848948268828228159e+00
1.249840960209585461e+00
-1.114704657023211531e+00
-2.172262170884136534e+00
-1.517819858388808951e+00
1.192768021052851957e+00
2.111430920940787215e-01
-1.556272632635947950e+00
9.526219595230485115e-01
-1.337257777921253110e+00
1.073575412055833844e+00
-1.083682010887460079e-01
-1.156954719716565272e+00
-2.534987810465173297e+00
2.982847177593148658e-01
5.679508118866545274e-01
-3.130627649380100408e+00
-1.279990300738751419e-01
-3.682193243730886856e-01
1.315101789864471460e+00
4.701642244620858335e-01
1.739086015135120400e+00
3.699658466203196716e-01
2.104884377117719030e+00
4.390403790438686116e+00
2.470544736135271702e-02
8.806942715772499986e-01
1.111299401973199652e+00
2.201591372076022957e+00
-1.341265681566810475e+00
-4.232054749738480837e-01
-1.155323190292620428e+00
-1.868421381358334799e+00
7.732113184119772109e-01
-1.925490679944090289e+00
-1.892540207031887078e+00
-1.396189378794144620e+00
2.208546928070127979e+00
-1.240792679053760228e+00
-1.037172407088766901e+00
6.579081101231130102e-01
-4.017312034527673603e-01
8.090169943749327963e-01
-8.743422759465194760e-01
-8.067905187760490149e-01
-2.504488374214864255e+00
1.534701417696997972e+00
-8.144176665327031994e-01
-2.605827093570145081e+00
-7.406614003351941200e-02
6.728095345466903465e-01
1.276629475068234765e+00
-1.668246836642419684e-01
2.346838943069654793e+00
2.592696159036161907e-01
3.345894624643682036e+00
2.938917158781313876e+00
1.111435904359736881e-01
6.555737397545069456e-01
1.730909170775551953e+00
1.786635451528222784e+00
-2.545839353827253237e+00
2.398384428894528853e-02
-1.616787752951100110e+00
-8.385390570248363318e-01
-5.718529978798927438e-01
-1.835579565977295768e+00
-1.953139800010313065e+00
-5.809827108669103346e-01
2.231501855849626015e+00
-2.391242369734868589e+00
-2.404469767239602040e-01
4.327563661496315328e-01
6.718917781346522844e-01
-3.888262320694002572e-01
-7.192187173148745227e-01
-8.057137853463006705e-01
-1.810723327151725348e+00
1.847252980186101068e+00
-2.011673790407431550e+00
-1.701685381597266566e+00
-5.696063844776444451e-02
1.908464643321625465e+00
2.221471776747679649e-01
1.061963999987448615e-01
2.574083101291782416e+00
7.192052199804066515e-01
3.712391466343477830e+00
1.519249274852866982e+00
6.436125985112578496e-01
2.913695027092238488e-01
2.611689625026888173e+00
3.090169943749115355e-01
-2.807321843441783926e+00
1.582126075517519270e-01
-1.534245819890395213e+00
-5.340510079758832296e-01
-1.938675672242194725e+00
-1.160412370893726841e+00
-2.190878373478525099e+00
6.044119656470462454e-01
1.173327825473020836e+00
-2.597390008779722148e+00
3.053523569092770895e-01
6.704458645845684517e-01
1.107878014162474223e+00
-1.716759372782269200e+00
1.046044512518181646e-01
-1.074547005251538900e+00
-6.890419379858296889e-01
1.052332326206040447e+00
-2.311085039338855118e+00
-9.925670054175882440e-01
3.293268928338678458e-01
2.575592463634845064e+00
-1.096686348064577210e+00
1.111260787611906720e+00
2.414213562373104693e+00
1.608007508200189672e+00
2.937150042796287774e+00
9.119364263537842463e-01
1.022437590735010282e+00
2.046676235990474435e-01
3.023908796765376827e+00
-1.532870867243621316e+00
-2.213872304502781052e+00
-1.112747462224545625e-01
-9.561630343819029765e-01
-1.299262534702851468e+00
-2.493156370010557232e+00
-5.208249836624915252e-01
-2.199548966898746905e+00
1.464719189280987433e+00
-3.427909274432097697e-01
-1.862828219773300820e+00
4.146054758513954552e-01
1.402298270892427645e+00
4.862292841312503833e-01
-2.301553466344287813e+00
9.642072949504429946e-01
-1.230681432833273581e+00
2.126433320095179047e-01
-3.090169943749222492e-01
-1.626234941930265965e+00
-7.544708888304245686e-01
1.192848906049924107e+00
2.189290317773217698e+00
-1.775225144086219675e+00
2.219676557562286767e+00
2.217366832407783761e+00
2.341309840248948504e+00
1.479841785914631558e+00
1.302085971608976989e+00
8.928999851153369693e-01
5.834429098523802315e-01
2.435688010251552349e+00
-2.807575583516006557e+00
-1.370163434077042330e+00
-4.755274182770778957e-01
-3.945325156614717388e-01
-2.762091956734901821e+00
-1.957218062519774815e+00
-3.551430156688503148e-01
-1.728681692334408160e+00
1.420753058731271334e+00
-1.384226189678351204e+00
-7.662312364556800315e-01
3.351058112603991779e-01
2.186902913324650477e+00
-9.170334392120464972e-01
-1.776153777594384753e+00
1.341207171581880075e+00
-9.700563951882855696e-01
2.827538965669321724e-01
-1.313883239192259467e+00
-4.951899445948625411e-01
-8.057447978158982504e-01
2.171464162496535621e+00
9.305220354804980554e-01
-1.355992590681099674e+00
2.844383651035385263e+00
2.334338754906840396e+00
2.294200672923421891e+00
2.482555469546168236e-01
2.209974886890872625e+00
3.711859118710091887e-01
1.158381437091454025e+00
9.399987055913099354e-01
-2.965427405910800118e+00
-9.175289556147251391e-01
-5.473628791767267687e-01
-4.763233402955255880e-01
-4.045084971874786106e+00
-7.495605597600332182e-01
-6.296583662204113807e-01
-9.621959714777617023e-01
4.674739761103649527e-01
-1.328533014338021623e+00
-3.286119920904884140e-03
4.694688526132748674e-01
2.399720244263441771e+00
-2.270540701105505210e+00
-4.905706504421856740e-01
1.180455270059297623e+00
-3.884995313626619651e-01
-5.739466080763593325e-01
-1.272158734978472872e+00
3.466378528696268946e-01
-7.356299111219440912e-01
2.658918480991627753e+00
-4.231982670001839253e-01
-1.074104639056269739e-01
2.842048455134231322e+00
2.760489266817476306e+00
1.293518965935066545e+00
-1.930278358591164256e-03
2.878559029492567589e+00
-1.279990300738740316e-01
1.362022618605771118e+00
-7.436532049881147133e-01
-2.181494754205089315e+00
-1.085218589513823995e+00
-2.434742988394154040e-01
-1.448556402045319214e+00
-4.341730600531264805e+00
3.545582621235888743e-01
-9.494658468322272338e-01
-4.279567699930094671e-01
-7.546740858415794673e-01
-2.654745495326533700e-01
1.013179328803501256e-01
9.764522047689985218e-01
1.721083328735938611e+00
-2.730923979591329598e+00
7.741995249217056285e-01
8.448275476456456046e-01
3.940531205827546568e-02
-1.798278851280492585e+00
-1.816455900721564709e-01
4.853313008132651429e-01
-3.100467948229999049e-01
2.276249683458300588e+00
-9.999999999999596989e-01
1.202072188272859332e+00
2.536095914014120822e+00
3.088140018958234201e+00
-1.816455900721601346e-01
8.315261813570957727e-01
2.814018535309446900e+00
-2.947639438616919128e-01
7.741995249217406005e-01
-1.722838954257031929e+00
-1.194791180949715148e+00
-1.597716209109859120e+00
1.013179328803655022e-01
-2.920614855438585789e+00
-3.456005318325604314e+00
7.763289274248782457e-01
-9.494658468322013656e-01
-5.867975652509125339e-01
-1.357966018834583899e+00
1.095345807624255707e+00
-2.434742988395214303e-01
1.593579946134536574e+00
4.448482688065865664e-01
-2.011872455658080039e+00
1.362022618605724711e+00
7.460330188238096794e-01
-1.712110145533176642e-01
-2.513959500658518031e+00
1.293518965935120946e+00
5.972448799751983728e-02
2.923524961396692934e-01
1.223941305555360737e+00
-4.231982670002568669e-01
1.852762267946369334e+00
2.378219295146098311e+00
2.825207436302117348e+00
-1.272158734978422245e+00
2.147078552993980871e+00
2.082938920998798960e+00
-2.131881078798850138e-01
-4.905706504421523118e-01
-1.532769509455575996e+00
-7.762413503279219640e-01
-1.974075574278340017e+00
-3.286119920832608621e-03
-4.068099899846565393e+00
-1.924145956119770462e+00
4.928587599116092122e-01
-6.296583662203638632e-01
-1.418480737917241497e+00
-8.090169943750354919e-01
1.930652535021966543e+00
-5.473628791767418678e-01
1.838849285168840275e+00
-6.551365922216543236e-01
-5.755483354930852613e-01
1.158381437091375421e+00
9.708325722136488256e-01
-1.084155503622793226e+00
-2.120631479236074757e+00
2.294200672923412565e+00
-4.371098535763612292e-01
6.168811850826327881e-01
2.190895081038480852e-01
9.305220354804828453e-01
1.641469769651671129e+00
2.544367362352686346e+00
1.834111992650081735e+00
-1.313883239192296326e+00
3.067522366406989942e+00
1.173250784727704943e+00
-2.924151292906164157e-01
-1.776153777594390970e+00
-4.570260696830501512e-01
-1.217075013854186150e+00
-1.953139800010360361e+00
-7.662312364556906896e-01
-4.180555601422744516e+00
-6.370050763946891736e-01
-3.755102023367729025e-02
-3.551430156688640816e-01
-2.346947858218909833e+00
6.936017120365036703e-01
1.851211464662017026e+00
-4.755274182770579117e-01
1.435960697980203093e+00
-8.366662173227845667e-01
6.881171213017166499e-01
5.834429098522927459e-01
1.212106045292286050e+00
-2.203140748566539742e+00
-7.219821034297763118e-01
2.341309840248849916e+00
-5.967796118159449659e-01
3.368608289009381584e-01
2.768215848287558511e-02
2.189290317773165295e+00
9.443681987843747239e-01
2.798074906423756669e+00
5.302781372742212396e-01
-3.090169943750692427e-01
3.033034613188719142e+00
5.628514315269520507e-01
-8.928976663431404948e-01
-2.301553466344386845e+00
6.638276927448267806e-01
-2.195322735372974510e+00
-1.695234693330663012e+00
-1.862828219773160043e+00
-3.167645625994262026e+00
-2.383979769794192238e-01
-2.894193341782257400e-01
-5.208249836624481155e-01
-2.599760305010887507e+00
2.341161348037071654e+00
1.105671604505805039e+00
-1.112747462224346062e-01
6.136615726459513365e-01
7.875487561105931622e-02
1.061960971434522172e+00
2.046676235989183246e-01
1.057979718791782542e+00
-2.768990963109712933e+00
9.246232331528305703e-01
1.608007508200213431e+00
-4.142135623731661997e-01
-4.078555944753057827e-01
9.158404615788615644e-01
2.575592463634837959e+00
3.648690208905506216e-01
2.726538938135461443e+00
-3.491372140080211683e-01
1.052332326206150359e+00
2.138491939162983080e+00
3.511005096015809013e-01
-1.957230187636019636e+00
-1.716759372782278747e+00
1.001274079162201014e+00
-3.084489566030946595e+00
-1.604777275811323456e+00
-2.597390008779799864e+00
-1.651526873077843849e+00
-7.268662124449228878e-01
-8.103820429636499068e-02
-1.160412370893780132e+00
-1.761077263628486378e+00
3.254342212003100698e+00
3.228591414031783957e-01
1.582126075518139885e-01
1.306943773739743797e-02
1.545084971874896462e+00
4.551765458225484062e-01
2.913695027092550460e-01
3.951318912456307508e-01
-2.300208904133673293e+00
1.909484163774302079e+00
7.192052199803207202e-01
-2.400633429318852485e-01
-1.033880649881235181e+00
2.423971067019210057e+00
1.908464643321812870e+00
2.622454217291220191e-01
2.146425304747059393e+00
-2.641029014575837497e-01
1.847252980186079974e+00
9.954008049056614071e-01
2.376522398134170988e-01
-2.964962697638472644e+00
-3.888262320695874408e-01
2.821619824356552120e-01
-3.441576278364968822e+00
-1.931577648824840843e+00
-2.391242369734877027e+00
-5.648275558947040142e-01
-1.526978698961905190e+00
3.351058112605262984e-01
-1.835579565977211836e+00
-1.118456283509182830e-01
3.059568434121590741e+00
1.683454792140437473e-02
2.398384428888089559e-02
2.389291160127500202e-01
2.634663891216533216e+00
-5.983927664693009518e-01
6.555737397544856293e-01
-4.188508024088760107e-01
-9.805030507557456199e-01
1.770812525858649789e+00
2.592696159037251036e-01
-4.246096654134733361e-01
-9.163499420072809265e-01
3.645516501258959430e+00
6.728095345466836852e-01
5.255805203092305256e-01
1.332430244546705778e+00
7.011293745517512832e-01
1.534701417697031944e+00
2.518898665687361316e-01
-1.562418579965091370e-01
-3.281318151264006389e+00
8.090169943749444537e-01
-1.070651381610024266e+00
-3.296698868828582984e+00
-2.492227138478297910e+00
-1.240792679053759562e+00
-5.310199574384850685e-01
-1.947350541532721468e+00
5.510042198597838725e-01
-1.925490679943977712e+00
1.510982510061998241e+00
2.100037423899533184e+00
2.383201876467073710e-01
-4.232054749738309862e-01
1.379759479503746444e+00
2.653016911569830327e+00
-1.367270181459198319e+00
8.806942715772431152e-01
-7.814507656838021177e-01
4.105997225135757933e-01
7.735326076565054443e-01
3.699658466204794882e-01
-9.616787636845769427e-01
1.187594382589617359e-01
3.827131012164569412e+00
-3.682193243728938414e-01
7.460330188237216387e-01
8.580079516623935199e-01
1.836170062556658600e+00
2.982847177594263322e-01
1.438107251830355038e-01
-9.057926415992664237e-01
-2.652270410758314156e+00
1.073575412055777445e+00
-2.278613605295599420e+00
-3.042325866901052223e+00
-2.760558330053955789e+00
2.111430920940201572e-01
-1.462372284852935911e+00
-1.668580589068604514e+00
4.019062429948410120e-01
-1.114704657023082968e+00
2.257925985543776548e+00
1.149788488305023781e+00
6.200382742515591072e-01
-7.138881662572890141e-01
2.869932441238365328e+00
1.594084281464364539e+00
-1.441074823701335328e+00
7.274391351360723901e-01
-3.165395786897408081e-01
1.000000000000000000e+00
-3.165395786898752561e-01
7.274391351362068381e-01
-1.441074823701295360e+00
1.594084281464233088e+00
2.869932441238427501e+00
-7.138881662571441300e-01
6.200382742514096712e-01
1.149788488305028222e+00
2.257925985543925318e+00
-1.114704657023191103e+00
4.019062429948068171e-01
-1.668580589068478837e+00
-1.462372284852990534e+00
2.111430920939034728e-01
-2.760558330053786591e+00
-3.042325866901071763e+00
-2.278613605295748634e+00
1.073575412055899125e+00
-2.652270410758263086e+00
-9.057926415994004277e-01
1.438107251830732236e-01
2.982847177594613042e-01
1.836170062556495841e+00
8.580079516624111724e-01
7.460330188238398774e-01
-3.682193243730358390e-01
3.827131012164483259e+00
1.187594382591029563e-01
-9.616787636846881870e-01
3.699658466203455398e-01
7.735326076567708986e-01
4.105997225133179995e-01
-7.814507656839997374e-01
8.806942715772592134e-01
-1.367270181459135037e+00
2.653016911569952896e+00
1.379759479503550601e+00
-4.232054749738117239e-01
2.383201876466191638e-01
2.100037423899743683e+00
1.510982510061837925e+00
-1.925490679944115824e+00
5.510042198597419061e-01
-1.947350541532583801e+00
-5.310199574383738241e-01
-1.240792679053879244e+00
-2.492227138478063431e+00
-3.296698868828755735e+00
-1.070651381609760922e+00
8.090169943748962700e-01
-3.281318151263943772e+00
-1.562418579963578136e-01
2.518898665687702154e-01
1.534701417697029946e+00
7.011293745513965670e-01
1.332430244546670473e+00
5.255805203090108124e-01
6.728095345469783384e-01
3.645516501258830644e+00
-9.163499420072296342e-01
-4.246096654135048665e-01
2.592696159036438353e-01
1.770812525858847852e+00
-9.805030507554786112e-01
-4.188508024091697202e-01
6.555737397547868328e-01
-5.983927664695034565e-01
2.634663891216346698e+00
2.389291160129581870e-01
2.398384428901068066e-02
1.683454792139849054e-02
3.059568434121465508e+00
-1.118456283506714805e-01
-1.835579565977600414e+00
3.351058112604200501e-01
-1.526978698961706682e+00
-5.648275558947893904e-01
-2.391242369734949857e+00
-1.931577648824707838e+00
-3.441576278364929742e+00
2.821619824352041839e-01
-3.888262320689542806e-01
-2.964962697638442890e+00
2.376522398132747127e-01
9.954008049056064511e-01
1.847252980186128379e+00
-2.641029014576998790e-01
2.146425304747071827e+00
2.622454217294932777e-01
1.908464643321462040e+00
2.423971067019300651e+00
-1.033880649881131708e+00
-2.400633429320839785e-01
7.192052199802427825e-01
1.909484163774578303e+00
-2.300208904133711041e+00
3.951318912454450105e-01
2.913695027093739509e-01
4.551765458226010308e-01
1.545084971874754798e+00
1.306943773745739001e-02
1.582126075518747177e-01
3.228591414031395379e-01
3.254342212003165535e+00
-1.761077263628452627e+00
-1.160412370893906475e+00
-8.103820429640018475e-02
-7.268662124447626827e-01
-1.651526873077958424e+00
-2.597390008779898452e+00
-1.604777275811188231e+00
-3.084489566031049179e+00
1.001274079162098651e+00
-1.716759372782036941e+00
-1.957230187636001206e+00
3.511005096012966842e-01
2.138491939163103428e+00
1.052332326206156576e+00
-3.491372140081660524e-01
2.726538938135453893e+00
3.648690208906405497e-01
2.575592463634805096e+00
9.158404615788480196e-01
-4.078555944752585982e-01
-4.142135623733111394e-01
1.608007508200170133e+00
9.246232331530985782e-01
-2.768990963109752013e+00
1.057979718791593804e+00
2.046676235990604331e-01
1.061960971434547485e+00
7.875487561092542332e-02
6.136615726460550313e-01
-1.112747462224009942e-01
1.105671604505885641e+00
2.341161348037264389e+00
-2.599760305010836436e+00
-5.208249836626063223e-01
-2.894193341782881346e-01
-2.383979769791881864e-01
-3.167645625994202074e+00
-1.862828219773239979e+00
-1.695234693330651687e+00
-2.195322735373089529e+00
6.638276927447759324e-01
-2.301553466344159027e+00
-8.928976663431299476e-01
5.628514315265995549e-01
3.033034613188797302e+00
-3.090169943749906389e-01
5.302781372739818755e-01
2.798074906423724695e+00
9.443681987845269354e-01
2.189290317773087580e+00
2.768215848285793257e-02
3.368608289009749068e-01
-5.967796118160166863e-01
2.341309840249015117e+00
-7.219821034297857487e-01
-2.203140748566399409e+00
1.212106045292125067e+00
5.834429098524650525e-01
6.881171213015900845e-01
-8.366662173228152088e-01
1.435960697980447343e+00
-4.755274182771199731e-01
1.851211464661926875e+00
6.936017120363219268e-01
-2.346947858218769056e+00
-3.551430156689679984e-01
-3.755102023362122399e-02
-6.370050763948209571e-01
-4.180555601422810241e+00
-7.662312364555453614e-01
-1.953139800010340155e+00
-1.217075013854011178e+00
-4.570260696831043301e-01
-1.776153777594057459e+00
-2.924151292906911337e-01
1.173250784727696061e+00
3.067522366406963297e+00
-1.313883239192370933e+00
1.834111992650156786e+00
2.544367362352480733e+00
1.641469769651770605e+00
9.305220354803330762e-01
2.190895081040220571e-01
6.168811850827564669e-01
-4.371098535766432258e-01
2.294200672923483175e+00
-2.120631479235725259e+00
-1.084155503623137839e+00
9.708325722134272251e-01
1.158381437091700938e+00
-5.755483354928880857e-01
-6.551365922219443139e-01
1.838849285169212422e+00
-5.473628791767151114e-01
1.930652535021706306e+00
-8.090169943747058667e-01
-1.418480737917271028e+00
-6.296583662205206267e-01
4.928587599114776507e-01
-1.924145956119405421e+00
-4.068099899846840728e+00
-3.286119920922203619e-03
-1.974075574278223666e+00
-7.762413503280836125e-01
-1.532769509455617740e+00
-4.905706504420378478e-01
-2.131881078799836571e-01
2.082938920998406829e+00
2.147078552994410305e+00
-1.272158734978447781e+00
2.825207436301812702e+00
2.378219295146351442e+00
1.852762267946557628e+00
-4.231982670001986913e-01
1.223941305555411585e+00
2.923524961395038702e-01
5.972448799738422354e-02
1.293518965935110288e+00
-2.513959500658403456e+00
-1.712110145532773631e-01
7.460330188236488080e-01
1.362022618605972735e+00
-2.011872455658167969e+00
4.448482688063879475e-01
1.593579946134703107e+00
-2.434742988393884255e-01
1.095345807624063639e+00
-1.357966018834477318e+00
-5.867975652507960715e-01
-9.494658468323742273e-01
7.763289274248593719e-01
-3.456005318325400921e+00
-2.920614855438620872e+00
1.013179328801743773e-01
-1.597716209109764751e+00
-1.194791180949850595e+00
-1.722838954257055022e+00
7.741995249219287833e-01
-2.947639438616811436e-01
2.814018535309453117e+00
8.315261813572484284e-01
-1.816455900721948291e-01
3.088140018957907351e+00
2.536095914014319330e+00
1.202072188272959696e+00
-1.000000000000006883e+00
2.276249683458283712e+00
-3.100467948229500559e-01
4.853313008129043205e-01
-1.816455900722801775e-01
-1.798278851280272095e+00
3.940531205822683791e-02
8.448275476456977851e-01
7.741995249216980790e-01
-2.730923979591390882e+00
1.721083328736003004e+00
9.764522047691858164e-01
1.013179328803263113e-01
-2.654745495326090721e-01
-7.546740858412777087e-01
-4.279567699928987778e-01
-9.494658468324010947e-01
3.545582621235557896e-01
-4.341730600531249706e+00
-1.448556402045443336e+00
-2.434742988395798280e-01
-1.085218589513747611e+00
-2.181494754205234088e+00
-7.436532049879103212e-01
1.362022618605857716e+00
-1.279990300738550468e-01
2.878559029492380184e+00
-1.930278358601822397e-03
1.293518965935100073e+00
2.760489266817510945e+00
2.842048455134679408e+00
-1.074104639056987498e-01
-4.231982670004111879e-01
2.658918480991580235e+00
-7.356299111219439801e-01
3.466378528695420735e-01
-1.272158734978599437e+00
-5.739466080762440914e-01
-3.884995313626677937e-01
1.180455270059145079e+00
-4.905706504422897574e-01
-2.270540701105563386e+00
2.399720244263390256e+00
4.694688526134607187e-01
-3.286119920973384900e-03
-1.328533014338097562e+00
4.674739761106949110e-01
-9.621959714779696471e-01
-6.296583662204450205e-01
-7.495605597603797188e-01
-4.045084971874540081e+00
-4.763233402953925832e-01
-5.473628791767201074e-01
-9.175289556146973835e-01
-2.965427405910915581e+00
9.399987055915185463e-01
1.158381437091395405e+00
3.711859118710685856e-01
2.209974886890786916e+00
2.482555469547961247e-01
2.294200672923361495e+00
2.334338754906795987e+00
2.844383651035497618e+00
-1.355992590680826559e+00
9.305220354796757132e-01
2.171464162496840267e+00
-8.057447978158378543e-01
-4.951899445948428902e-01
-1.313883239192295438e+00
2.827538965670364224e-01
-9.700563951882754665e-01
1.341207171581800139e+00
-1.776153777594101424e+00
-9.170334392125825129e-01
2.186902913324425324e+00
3.351058112607446793e-01
-7.662312364554673128e-01
-1.384226189678660512e+00
1.420753058731468510e+00
-1.728681692334303133e+00
-3.551430156691717244e-01
-1.957218062519634483e+00
-2.762091956735003517e+00
-3.945325156613729845e-01
-4.755274182769942959e-01
-1.370163434076968834e+00
-2.807575583516260131e+00
2.435688010251452429e+00
5.834429098526128232e-01
8.928999851150318801e-01
1.302085971609076243e+00
1.479841785914759233e+00
2.341309840248921859e+00
2.217366832407595911e+00
2.219676557562641150e+00
-1.775225144086145290e+00
2.189290317772870864e+00
1.192848906049996716e+00
-7.544708888302181782e-01
-1.626234941930288391e+00
-3.090169943749132564e-01
2.126433320096868806e-01
-1.230681432833472533e+00
9.642072949504892909e-01
-2.301553466344259391e+00
4.862292841309214242e-01
1.402298270892589960e+00
4.146054758516956040e-01
-1.862828219773244420e+00
-3.427909274436133358e-01
1.464719189280945244e+00
-2.199548966898654534e+00
-5.208249836624943008e-01
-2.493156370010400913e+00
-1.299262534702695371e+00
-9.561630343821299061e-01
-1.112747462225807116e-01
-2.213872304502904065e+00
-1.532870867243937063e+00
3.023908796765459428e+00
2.046676235991947701e-01
1.022437590734945667e+00
9.119364263537540483e-01
2.937150042796458305e+00
1.608007508200122615e+00
2.414213562372844457e+00
1.111260787611836776e+00
-1.096686348064564553e+00
2.575592463634599927e+00
3.293268928339638801e-01
-9.925670054173703072e-01
-2.311085039338926173e+00
1.052332326206090851e+00
-6.890419379859071825e-01
-1.074547005251420329e+00
1.046044512519755387e-01
-1.716759372782124426e+00
1.107878014162425817e+00
6.704458645845361442e-01
3.053523569095144552e-01
-2.597390008779880688e+00
1.173327825472773700e+00
6.044119656472463076e-01
-2.190878373478517105e+00
-1.160412370893882272e+00
-1.938675672242127002e+00
-5.340510079759351880e-01
-1.534245819890565965e+00
1.582126075518415220e-01
-2.807321843441751952e+00
3.090169943750470938e-01
2.611689625026971662e+00
2.913695027096340762e-01
6.436125985111795789e-01
1.519249274852970455e+00
3.712391466343543556e+00
7.192052199802173584e-01
2.574083101291759768e+00
1.061963999989269380e-01
2.221471776748900340e-01
1.908464643321327481e+00
-5.696063844786569685e-02
-1.701685381597417557e+00
-2.011673790407441320e+00
1.847252980186219862e+00
-1.810723327151762874e+00
-8.057137853464139132e-01
-7.192187173148146817e-01
-3.888262320693884888e-01
6.718917781343604068e-01
4.327563661497252356e-01
-2.404469767238439637e-01
-2.391242369734709605e+00
2.231501855849605143e+00
-5.809827108669878282e-01
-1.953139800010160965e+00
-1.835579565977493832e+00
-5.718529978798405633e-01
-8.385390570251395337e-01
-1.616787752951234669e+00
2.398384428893474141e-02
-2.545839353827084928e+00
1.786635451528325813e+00
1.730909170775563943e+00
6.555737397544406653e-01
1.111435904358080151e-01
2.938917158781553685e+00
3.345894624643610094e+00
2.592696159033882619e-01
2.346838943069618821e+00
-1.668246836639876163e-01
1.276629475068118413e+00
6.728095345466774679e-01
-7.406614003349826225e-02
-2.605827093570054043e+00
-8.144176665330592479e-01
1.534701417697424297e+00
-2.504488374214612456e+00
-8.067905187763459995e-01
-8.743422759465335758e-01
8.090169943750988857e-01
-4.017312034529035847e-01
6.579081101229341533e-01
-1.037172407088655879e+00
-1.240792679054009362e+00
2.208546928070106219e+00
-1.396189378794109537e+00
-1.892540207031958577e+00
-1.925490679944229733e+00
7.732113184119939753e-01
-1.868421381358305045e+00
-1.155323190292856017e+00
-4.232054749735181809e-01
-1.341265681566619739e+00
2.201591372075828446e+00
1.111299401973313117e+00
8.806942715774680464e-01
2.470544736111923712e-02
4.390403790438578646e+00
2.104884377118078742e+00
3.699658466202541685e-01
1.739086015135117513e+00
4.701642244620590771e-01
1.315101789864409509e+00
-3.682193243733010712e-01
-1.279990300738013120e-01
-3.130627649380173239e+00
5.679508118864620148e-01
2.982847177597265365e-01
-2.534987810464807811e+00
-1.156954719716852376e+00
-1.083682010887395686e-01
1.073575412056128497e+00
-1.337257777921357693e+00
9.526219595230521753e-01
-1.556272632635749886e+00
2.111430920941684830e-01
1.192768021052763139e+00
-1.517819858388840704e+00
-2.172262170884372345e+00
-1.114704657023366519e+00
1.249840960209798180e+00
-2.848948268828350283e+00
-5.195532172560211048e-01
-7.138881662571969766e-01
2.401274086007466613e-01
1.543820121930834732e+00
1.161733894443830462e+00
7.274391351364091207e-01
7.576379164954701873e-01
