5.000000000000000000e+00
1.070967128084222342e+00
1.151988231675597163e+00
1.047063300998679614e+00
-3.214041801190883896e-01
7.652402260786732580e-01
1.022791298669571969e+00
1.289482095399828276e+00
-2.253943277996264705e+00
3.890732967772038142e-01
-2.713626990484608315e-01
-2.351513085981622453e-01
3.544579271990896174e+00
1.162818883025932948e+00
1.023519151876799871e+00
1.938770885618028572e-01
1.223220786616367350e+00
3.660212352363284571e-02
1.132893283759661029e+00
1.693672614985270553e+00
-3.085005543954626894e+00
-7.932136090654446914e-01
-1.902429177398071714e+00
-1.536144558462449794e+00
3.572027795084140589e-01
3.179135584892510691e-01
-5.009125816088159100e-01
-1.913803864624294082e+00
1.323362090643367406e+00
-8.997336771116003495e-01
1.085370325985366424e+00
1.807391220585007341e+00
-2.141128841730705723e+00
-1.433931109291800787e+00
-2.272111134359162232e+00
-1.356100117117638337e+00
-2.073908651040310414e+00
-7.530496158537898499e-02
-1.844931731092777749e+00
-3.689900063555724419e+00
1.988251460971477425e-01
-1.597509620829265842e+00
7.478722483195211490e-01
1.369320755833537184e+00
-6.304926364895804825e-02
-1.356146544758759731e+00
-1.201087315597723304e+00
4.371375869679245962e-01
-2.109204702676712451e+00
8.898386024886442147e-01
-1.538841768587634107e+00
-3.512319308053138300e+00
-1.020538971084047120e+00
-1.368603129713992672e+00
3.970607548042175416e-01
4.728066279301147423e-01
1.817305210778301650e+00
-1.150472554251736002e+00
1.202240871811456890e-01
2.326589813183384425e+00
-2.257306730671493344e-01
2.523412146381646348e+00
2.949530977635630435e-01
-1.268321261391874177e+00
-1.476674954634288994e+00
-2.826111858760849138e-02
4.552140681736341898e-01
-3.121650508034294891e-01
2.536620686065166108e+00
-1.287404649604426909e+00
3.750250833085817526e-01
2.497210240373658685e+00
1.687647662840852991e+00
3.121254888944274164e+00
2.006610052216163620e+00
1.376611581068367895e+00
-1.356805432616659424e+00
1.603447077341437321e+00
9.431675977137202738e-01
-3.822195311846706689e-01
2.038098814276820825e+00
-1.525526016199564072e+00
-6.134404248420524119e-01
5.473385476693215512e-01
2.183985512104943183e+00
1.719261944330704228e+00
2.020878842663739405e+00
2.371724979806572708e+00
-1.469167637179003894e+00
2.159034331881888757e+00
1.318228813559088497e+00
3.284159735821945980e-01
8.938498900922803303e-01
-1.236563662570368205e+00
-1.819137278596165697e+00
-2.095668891518229771e+00
1.424837954948713126e+00
-7.566088037572558100e-01
4.068548905089014456e-01
1.095535592733424490e+00
-2.118033988749884244e+00
9.105138884285511880e-01
9.938055463948903823e-01
1.278041905710683768e+00
-2.793340610344179908e-01
-2.171101382348799846e-01
-2.109709420153345061e+00
-3.441239307007466053e+00
6.448560624020195364e-01
-2.180963975965481971e+00
-1.161369725675584164e+00
-1.124562917672643270e+00
-2.564930657632657596e+00
-1.418347953710073384e+00
4.052510959890864850e-02
1.841172614812347508e+00
-1.089475611959708434e+00
9.505178722468718977e-01
-1.331864013006145431e+00
-2.658801466915508893e+00
6.497964487437820624e-01
-1.176917281062443532e+00
-1.043163304934480839e+00
-2.292013200319685584e+00
-1.772993097613856150e+00
-3.121320343559645050e+00
-7.430089975791601686e-01
1.858665785504923118e+00
-1.261872233870200422e+00
1.395333743484985956e+00
-3.368938182511337365e-01
-6.651115744479891845e-01
9.795492759776607272e-01
1.543208334208729937e+00
7.453990200393686427e-01
-1.582988844554479080e+00
2.776024482928081127e-01
-2.962816068464560360e+00
-5.921762566150343687e-01
1.626141997312998244e+00
-5.758784885363346095e-01
7.848471698359407167e-01
-4.051652176221343105e-02
8.536315772965223925e-01
5.629244397315866788e-01
3.758072089063297039e+00
2.539736334524257177e+00
2.509262679431079057e-02
2.158057855286701354e+00
-1.280941864587395340e+00
3.632712640026058426e-01
1.389134671368172036e+00
8.929316042879037463e-01
-3.698161062242386055e-01
-5.470568510970544862e-01
9.354860854838584761e-01
-9.144303316215584010e-01
3.705113092855655488e+00
2.664156839076125216e+00
8.949323738848109500e-01
2.107526436755508659e+00
3.477397457157955785e-01
1.098070965223238105e+00
9.969606870009608546e-01
2.515374369801556931e+00
-1.198042599230750627e+00
-1.182640685058909291e+00
-4.806502103120247060e-02
-2.442214860284181555e+00
1.583467570289169402e+00
1.074413169895729325e+00
4.337483072404358930e-01
-2.413652041189524311e-01
5.948168933462296692e-01
6.752727799478673854e-01
1.816053296644893900e-01
3.327247266671085502e+00
-1.199517941078797278e+00
-1.275630753280355911e+00
-1.059370566337272335e+00
-2.572709052527967888e+00
-7.708013636803713320e-01
-6.180535591621880709e-01
-3.795404963917815566e-01
-3.240588126687087289e+00
-4.227595629783137965e-01
-7.346851057183695355e-01
-8.507943733187317559e-01
2.739934141779209575e+00
-5.078567124851984804e-01
-7.995592602453579500e-01
-1.478477431329177083e+00
-8.912144283852948545e-01
-1.625112318863043415e+00
-7.466860780044463075e-01
-1.516136038450244250e-01
-4.478711463030142781e+00
-1.408034988713247948e+00
-1.900769728214270149e+00
-1.302759331660952036e+00
1.118033988749864482e+00
4.395185865945018255e-01
-2.593264370661058082e-01
-1.495397413876193848e+00
1.421802145669110340e+00
-8.002042165033484977e-01
7.851817227266348898e-01
1.318426954056051148e+00
-2.865628140226605947e+00
-1.315479869917392408e+00
-1.711145214285070715e+00
-4.812257151582083337e-01
-4.234066128719940481e-01
1.326948278825612615e+00
-6.805285731893440104e-02
-1.579810539286589322e+00
2.532422520555555501e+00
4.650977399054097017e-01
2.451292091197673884e+00
2.689312733796373145e+00
3.794236577673392175e-01
-4.575282999329224332e-01
-3.446713061858974747e-01
1.313292080782081594e+00
-9.187229262898489734e-01
2.007227211447224491e+00
-1.542085795262227166e-01
-1.779037813104134447e+00
1.520008472117253540e+00
9.125348882846342491e-01
2.633630350652105268e+00
2.403658292638306548e+00
2.791761342098254772e+00
-1.211855274122122933e-01
8.027986937520927846e-01
2.723395707915513775e+00
-3.211783989219626489e-01
2.268618655434951670e+00
-1.770285608033366209e-01
-1.662623545745002707e+00
-8.842438137831710732e-01
4.359802970249089249e-01
1.191813740353429019e+00
3.683452852831688995e-01
2.799820661725316739e+00
-1.080293792629086091e+00
4.633016285129269995e-01
2.397321061668021613e+00
6.055763901351730594e-01
1.807876575045142431e+00
3.819167204710538499e-14
-9.169601589226061833e-01
-2.997196322365223153e+00
-7.814627465912246662e-02
-4.633016285130783229e-01
-1.746737674071134450e+00
9.551147688902454913e-01
-2.581280676070125679e+00
-1.191813740353471207e+00
2.846201340891483245e-01
1.135405891900444608e+00
6.049071846877323022e-01
1.770285608034538605e-01
1.476428044418527374e-01
-3.576929092224343520e+00
9.247875713343345350e-02
-8.027986937521418565e-01
-1.976777022159378117e+00
-8.208519759050070252e-01
-2.951098858053482044e+00
-2.633630350652100827e+00
-2.132876871024414811e+00
1.254604751133952423e+00
-7.247744395432045295e-01
1.542085795262369552e-01
7.863772818876360038e-01
-2.633822868964332820e+00
6.614179278588042665e-01
3.446713061858124316e-01
8.540809802655580096e-02
-1.128948916110277034e+00
-1.311161261658745580e+00
-2.451292091197554868e+00
-3.046579382245318879e+00
1.447381547369536836e+00
-1.180498901675317125e+00
6.805285731895049928e-02
5.167159106398619972e-01
-1.095709769215229334e+00
6.765569651243419358e-01
1.711145214284943261e+00
2.846001897209744946e+00
-2.482210660414339021e-01
1.330536149300591164e+00
-7.851817227265053267e-01
-1.915916491787891918e+00
1.872328244844462919e+00
-2.099448561477361697e-01
2.593264370661040319e-01
-4.217471717736130943e-01
1.180339887498858542e-01
-3.740929795733931584e-01
1.900769728214116050e+00
4.114025305913967756e+00
4.799747058970034175e-01
2.812826291907220444e+00
7.466860780046269408e-01
6.482217512329171982e-02
1.934580453544665346e+00
1.638335987309047947e+00
7.995592602454739684e-01
-1.308708112699648263e+00
6.640437853995797557e-01
-1.901543850193278651e+00
7.346851057183548805e-01
3.018561640124198586e+00
2.568235449903903955e-01
1.788620761478547649e+00
6.180535591622078329e-01
1.107659001772883123e+00
8.695918862675715566e-01
3.008478754017160473e+00
1.275630753280426077e+00
-1.588305967200010382e+00
6.273597122805939508e-01
-2.701752351004750086e+00
-6.752727799478426274e-01
6.574924970287139292e-01
-3.097959586195635495e-01
-9.462756042437627801e-01
-1.074413169895696685e+00
4.904917403318747038e-01
-1.198209022455827721e+00
2.860372346746671290e+00
1.182640685058970798e+00
-1.236503497356216785e+00
1.109686532102085454e-01
-2.087556909626314905e+00
-1.098070965223262974e+00
-1.033913990540162864e+00
3.578074316050694481e-02
-3.085557837549901539e+00
-2.664156839076021743e+00
-8.794212418972680023e-01
-2.933680354722852712e+00
1.403851045144757670e+00
5.470568510972457776e-01
-5.547628636065382590e-01
-8.426674447544396651e-01
-5.320214949841510776e-01
-3.632712640026004580e-01
-1.017704354218241347e+00
1.661400323699944837e+00
-2.853017288195580647e+00
-2.539736334524361983e+00
-1.523176219305714563e+00
-2.790426905684338266e+00
-9.871875105416538787e-02
4.051652176224929125e-02
2.398223039787051869e-01
-1.973817470458400836e+00
7.714532701587513142e-01
5.921762566151411722e-01
1.438191233025685190e-01
3.403324941170699613e+00
-5.386456513605186736e-01
-7.453990200394151611e-01
-9.609409475930136280e-01
-5.281237364836615100e-01
-5.230702945107150725e-01
3.368938182510416990e-01
1.091748359489858933e+00
-2.676385104246587154e+00
9.402781503517209094e-01
7.430089975791867030e-01
1.121320343559614852e+00
3.566525961974078562e+00
1.884689196693025925e+00
1.043163304934517921e+00
-1.700877720323380471e-01
2.266078060941822070e+00
9.204790525860317985e-02
1.331864013006154979e+00
1.817326901306100195e+00
-2.366218056811645987e+00
2.929980298557111063e-02
-4.052510959895716525e-02
1.187574854826036086e+00
1.618934669537695603e+00
2.625075141346959295e+00
1.161369725675646558e+00
-4.553312407036679277e-01
3.350091764022008256e+00
7.154171145716985425e-01
2.109709420153468962e+00
1.950673073735362140e+00
-1.051944117057538985e+00
-1.224730467560464886e+00
-9.938055463949085899e-01
7.375836695973727597e-01
-1.118033988749940200e+00
1.599897026136607892e+00
-4.068548905088218981e-01
-1.916433232677357656e+00
1.751123639642583107e+00
5.058570192322449088e-01
1.819137278596198781e+00
1.112203044096155224e+00
5.317976247608375839e-01
-2.117594577842356163e+00
-1.318228813559294554e+00
5.848980480684465855e-01
-2.519467963863465165e+00
2.379876249059691418e-01
-2.020878842663613284e+00
-3.159048492258222929e+00
-1.335957072416671831e+00
-2.457966671168432815e-01
6.134404248420756156e-01
-3.976725637417363179e-01
1.467127905898726770e+00
-2.399383562325664521e+00
-9.431675977139647449e-01
9.326367522625096385e-01
-1.489337276220519257e+00
-9.253253722793042257e-02
-2.006610052216055706e+00
-2.643721794354354060e+00
-3.570463391502143313e+00
-4.475816709205952537e-01
-3.750250833084974311e-01
-1.520891440849490461e+00
1.382799523471900160e+00
-2.140281239442854311e+00
-4.552140681737877337e-01
1.151564984994766005e+00
1.125270168431256046e+00
6.166815577251085756e-01
-2.949530977634843287e-01
-3.554425349937582190e-01
-3.493375270485864270e+00
4.973162125333133732e-01
-1.202240871810471012e-01
-1.208657511545562002e+00
6.541332415830662939e-01
-1.430902149731939410e+00
-3.970607548042447421e-01
5.454285411746895296e-01
3.330829784773090552e+00
1.234564640335839236e+00
1.538841768587691838e+00
1.938532691527625307e+00
-1.679188517302252492e+00
1.819365845794545411e+00
1.201087315597741512e+00
5.670405328744941853e-01
-8.771146703075620443e-02
-3.778599764500197300e-01
-7.478722483195908710e-01
-7.810408461513191902e-01
3.675507498417352359e+00
8.682257905776270546e-01
1.844931731092891436e+00
2.220276373162401118e+00
1.615051591438465550e-02
1.973102378163638537e+00
2.272111134359144469e+00
2.589765236778533541e+00
-5.602023907533844049e-01
6.625679936217112598e-01
-1.085370325985198781e+00
-1.904107715573507331e+00
2.274258915622017874e+00
-1.111703035499123082e-01
5.009125816087842686e-01
1.245499256757871542e-01
2.933458812711190467e-01
2.204986321231262592e-01
1.902429177397947146e+00
3.344833769897333831e+00
-8.834532613031618187e-01
1.081270416382638100e+00
-1.132893283759526248e+00
-1.933587400376243437e+00
3.884049562381369225e-01
-4.600555946160281851e-01
-1.023519151876657318e+00
-2.633084354807849969e+00
-4.948092279450976294e-01
-2.388059719808042214e+00
2.713626990483337664e-01
2.346019940880181398e+00
-1.096168882172241510e+00
4.720277558931955664e-01
-1.022791298669526228e+00
-8.540832690641438907e-01
-8.186728697610231587e-01
5.720192501090434201e-01
-1.151988231675387109e+00
-3.755416408566881525e+00
-1.000000000000000000e+00
-3.755416408566824238e+00
-1.151988231675726837e+00
5.720192501090899384e-01
-8.186728697608359751e-01
-8.540832690640662861e-01
-1.022791298669608384e+00
4.720277558932285400e-01
-1.096168882172461334e+00
2.346019940880021526e+00
2.713626990486729951e-01
-2.388059719808041770e+00
-4.948092279451157260e-01
-2.633084354807817995e+00
-1.023519151876898237e+00
-4.600555946161102305e-01
3.884049562382723697e-01
-1.933587400376028276e+00
-1.132893283759726089e+00
1.081270416382709598e+00
-8.834532613033491133e-01
3.344833769897129994e+00
1.902429177398201166e+00
2.204986321232391688e-01
2.933458812710937336e-01
1.245499256757202078e-01
5.009125816087165450e-01
-1.111703035500924974e-01
2.274258915622119126e+00
-1.904107715573189363e+00
-1.085370325985405282e+00
6.625679936217405697e-01
-5.602023907533699720e-01
2.589765236778445612e+00
2.272111134359175999e+00
1.973102378163734461e+00
1.615051591425931132e-02
2.220276373162482386e+00
1.844931731092653404e+00
8.682257905776477047e-01
3.675507498417362129e+00
-7.810408461511777478e-01
-7.478722483195124893e-01
-3.778599764502242331e-01
-8.771146703071552864e-02
5.670405328743437501e-01
1.201087315597693550e+00
1.819365845794710168e+00
-1.679188517302260042e+00
1.938532691527645291e+00
1.538841768587465575e+00
1.234564640335938490e+00
3.330829784773118973e+00
5.454285411747563650e-01
-3.970607548042152102e-01
-1.430902149732106832e+00
6.541332415830425351e-01
-1.208657511545723651e+00
-1.202240871809604483e-01
4.973162125335082173e-01
-3.493375270485822526e+00
-3.554425349938254985e-01
-2.949530977636675155e-01
6.166815577248891955e-01
1.125270168431353524e+00
1.151564984994773777e+00
-4.552140681732609329e-01
-2.140281239443206029e+00
1.382799523471719416e+00
-1.520891440849160947e+00
-3.750250833089421865e-01
-4.475816709200510224e-01
-3.570463391502035400e+00
-2.643721794354610299e+00
-2.006610052216386553e+00
-9.253253722787735391e-02
-1.489337276220478845e+00
9.326367522622800443e-01
-9.431675977132327748e-01
-2.399383562325963837e+00
1.467127905898394147e+00
-3.976725637415762238e-01
6.134404248418976469e-01
-2.457966671165426886e-01
-1.335957072416514402e+00
-3.159048492258219376e+00
-2.020878842664120878e+00
2.379876249062282678e-01
-2.519467963863450066e+00
5.848980480682054450e-01
-1.318228813558666168e+00
-2.117594577842482728e+00
5.317976247604216944e-01
1.112203044095995130e+00
1.819137278596280716e+00
5.058570192322282555e-01
1.751123639642783392e+00
-1.916433232677198006e+00
-4.068548905092699286e-01
1.599897026136723355e+00
-1.118033988749886909e+00
7.375836695973515544e-01
-9.938055463947097490e-01
-1.224730467560404712e+00
-1.051944117057761474e+00
1.950673073735177843e+00
2.109709420153665249e+00
7.154171145716470281e-01
3.350091764022128160e+00
-4.553312407034601494e-01
1.161369725675278408e+00
2.625075141346961072e+00
1.618934669537760218e+00
1.187574854826096704e+00
-4.052510959889088493e-02
2.929980298576573272e-02
-2.366218056811840498e+00
1.817326901305832410e+00
1.331864013006485603e+00
9.204790525858796979e-02
2.266078060941871808e+00
-1.700877720321715136e-01
1.043163304934353830e+00
1.884689196692785895e+00
3.566525961974008396e+00
1.121320343559813359e+00
7.430089975790327150e-01
9.402781503520640793e-01
-2.676385104246613800e+00
1.091748359489529641e+00
3.368938182513244728e-01
-5.230702945107159607e-01
-5.281237364837352288e-01
-9.609409475928807343e-01
-7.453990200393009191e-01
-5.386456513609193530e-01
3.403324941170668083e+00
1.438191233029838534e-01
5.921762566149305629e-01
7.714532701589842389e-01
-1.973817470458301138e+00
2.398223039783824451e-01
4.051652176221687274e-02
-9.871875105393679295e-02
-2.790426905684332937e+00
-1.523176219305751200e+00
-2.539736334524069772e+00
-2.853017288195886181e+00
1.661400323699840698e+00
-1.017704354217868312e+00
-3.632712640027033757e-01
-5.320214949841008956e-01
-8.426674447542964463e-01
-5.547628636067576391e-01
5.470568510970194032e-01
1.403851045145145582e+00
-2.933680354722718597e+00
-8.794212418973049727e-01
-2.664156839076020411e+00
-3.085557837549808280e+00
3.578074316020773971e-02
-1.033913990539957917e+00
-1.098070965223167050e+00
-2.087556909626359758e+00
1.109686532104490198e-01
-1.236503497356304715e+00
1.182640685058897967e+00
2.860372346746793859e+00
-1.198209022455676731e+00
4.904917403318236335e-01
-1.074413169895704900e+00
-9.462756042436299975e-01
-3.097959586199061088e-01
6.574924970288180681e-01
-6.752727799476468951e-01
-2.701752351004792274e+00
6.273597122806391368e-01
-1.588305967199931112e+00
1.275630753280333485e+00
3.008478754017287926e+00
8.695918862678537753e-01
1.107659001772857366e+00
6.180535591621721947e-01
1.788620761478682208e+00
2.568235449901338230e-01
3.018561640124056034e+00
7.346851057185439515e-01
-1.901543850193220031e+00
6.640437853994693995e-01
-1.308708112699476178e+00
7.995592602450048991e-01
1.638335987309008424e+00
1.934580453545073020e+00
6.482217512356813760e-02
7.466860780041247869e-01
2.812826291907525089e+00
4.799747058968391045e-01
4.114025305913499686e+00
1.900769728214840582e+00
-3.740929795732436114e-01
1.180339887497429685e-01
-4.217471717735703507e-01
2.593264370661806373e-01
-2.099448561480864450e-01
1.872328244844781775e+00
-1.915916491787333698e+00
-7.851817227271290500e-01
1.330536149300646453e+00
-2.482210660416105386e-01
2.846001897209391451e+00
1.711145214285300309e+00
6.765569651247650418e-01
-1.095709769215354346e+00
5.167159106396628232e-01
6.805285731942123384e-02
-1.180498901675817613e+00
1.447381547369735788e+00
-3.046579382244629652e+00
-2.451292091197977197e+00
-1.311161261658954746e+00
-1.128948916110381395e+00
8.540809802641613491e-02
3.446713061857992200e-01
6.614179278592497990e-01
-2.633822868964401653e+00
7.863772818873865367e-01
1.542085795265888126e-01
-7.247744395435156139e-01
1.254604751133951090e+00
-2.132876871023947629e+00
-2.633630350652111929e+00
-2.951098858053825325e+00
-8.208519759050882936e-01
-1.976777022159220465e+00
-8.027986937523453603e-01
9.247875713387165852e-02
-3.576929092224290230e+00
1.476428044415034613e-01
1.770285608036021863e-01
6.049071846875986314e-01
1.135405891900379993e+00
2.846201340894439769e-01
-1.191813740353205642e+00
-2.581280676070486724e+00
9.551147688901637789e-01
-1.746737674070844459e+00
-4.633016285133192413e-01
-7.814627465879137036e-02
-2.997196322365037080e+00
-9.169601589229324778e-01
-1.431077478741826781e-13
1.807876575045003875e+00
6.055763901353056200e-01
2.397321061668026498e+00
4.633016285131332790e-01
-1.080293792629156258e+00
2.799820661725128890e+00
3.683452852831741176e-01
1.191813740353425466e+00
4.359802970250403753e-01
-8.842438137831311051e-01
-1.662623545745091302e+00
-1.770285608034872782e-01
2.268618655434924580e+00
-3.211783989218834900e-01
2.723395707915524433e+00
8.027986937523250432e-01
-1.211855274122156378e-01
2.791761342098223686e+00
2.403658292638284788e+00
2.633630350652157226e+00
9.125348882845845111e-01
1.520008472117335918e+00
-1.779037813103971688e+00
-1.542085795262161663e-01
2.007227211447188076e+00
-9.187229262897546045e-01
1.313292080782167082e+00
-3.446713061857565874e-01
-4.575282999329303157e-01
3.794236577674562350e-01
2.689312733796380694e+00
2.451292091197766254e+00
4.650977399055132855e-01
2.532422520555625223e+00
-1.579810539286514715e+00
-6.805285731905585944e-02
1.326948278825591743e+00
-4.234066128718541600e-01
-4.812257151581003090e-01
-1.711145214285061833e+00
-1.315479869917412614e+00
-2.865628140226577081e+00
1.318426954056040490e+00
7.851817227267277044e-01
-8.002042165031588716e-01
1.421802145669168738e+00
-1.495397413876273340e+00
-2.593264370661358953e-01
4.395185865944953862e-01
1.118033988750017027e+00
-1.302759331660975572e+00
-1.900769728214339871e+00
-1.408034988713377844e+00
-4.478711463030228934e+00
-1.516136038450148771e-01
-7.466860780045115886e-01
-1.625112318862752536e+00
-8.912144283851961557e-01
-1.478477431329302094e+00
-7.995592602454817399e-01
-5.078567124852382264e-01
2.739934141779259757e+00
-8.507943733181215773e-01
-7.346851057185697087e-01
-4.227595629778118647e-01
-3.240588126687133474e+00
-3.795404963920828711e-01
-6.180535591621734159e-01
-7.708013636802170110e-01
-2.572709052527647700e+00
-1.059370566337405339e+00
-1.275630753280046825e+00
-1.199517941079314198e+00
3.327247266671000236e+00
1.816053296649281501e-01
6.752727799477362680e-01
5.948168933465833863e-01
-2.413652041189473518e-01
4.337483072403582884e-01
1.074413169895608533e+00
1.583467570289434967e+00
-2.442214860283938194e+00
-4.806502103130805281e-02
-1.182640685058605090e+00
-1.198042599231003091e+00
2.515374369801466337e+00
9.969606870010330191e-01
1.098070965223362450e+00
3.477397457158603045e-01
2.107526436755517096e+00
8.949323738848854459e-01
2.664156839075918271e+00
3.705113092855952139e+00
-9.144303316214730248e-01
9.354860854837954154e-01
-5.470568510968981668e-01
-3.698161062244016417e-01
8.929316042878288062e-01
1.389134671368387197e+00
3.632712640029379103e-01
-1.280941864587559209e+00
2.158057855286630744e+00
2.509262679440860122e-02
2.539736334523985839e+00
3.758072089063530630e+00
5.629244397315599224e-01
8.536315772965492599e-01
-4.051652176231157476e-02
7.848471698358656656e-01
-5.758784885364107708e-01
1.626141997313150789e+00
-5.921762566147305007e-01
-2.962816068464747765e+00
2.776024482926898740e-01
-1.582988844554513719e+00
7.453990200392041077e-01
1.543208334208775234e+00
9.795492759775686897e-01
-6.651115744479093594e-01
-3.368938182514060742e-01
1.395333743484901357e+00
-1.261872233870314108e+00
1.858665785504954204e+00
-7.430089975788779499e-01
-3.121320343559792487e+00
-1.772993097614022240e+00
-2.292013200319906741e+00
-1.043163304934556113e+00
-1.176917281062502152e+00
6.497964487437750680e-01
-2.658801466915353906e+00
-1.331864013006487157e+00
9.505178722466911534e-01
-1.089475611959773271e+00
1.841172614812275565e+00
4.052510959904997989e-02
-1.418347953710055176e+00
-2.564930657632771727e+00
-1.124562917672944140e+00
-1.161369725675636566e+00
-2.180963975965580559e+00
6.448560624021223431e-01
-3.441239307007274206e+00
-2.109709420153585757e+00
-2.171101382351003084e-01
-2.793340610345614317e-01
1.278041905710537662e+00
9.938055463949688750e-01
9.105138884286773093e-01
-2.118033988749961960e+00
1.095535592733109853e+00
4.068548905087905898e-01
-7.566088037573039937e-01
1.424837954948643626e+00
-2.095668891518056132e+00
-1.819137278596211882e+00
-1.236563662570600464e+00
8.938498900922033918e-01
3.284159735820186832e-01
1.318228813559095602e+00
2.159034331882167201e+00
-1.469167637178964814e+00
2.371724979806323130e+00
2.020878842663650587e+00
1.719261944330668035e+00
2.183985512104696269e+00
5.473385476695034058e-01
-6.134404248419484951e-01
-1.525526016199742818e+00
2.038098814276775084e+00
-3.822195311848147758e-01
9.431675977137490285e-01
1.603447077341724869e+00
-1.356805432616530194e+00
1.376611581068274415e+00
2.006610052216079687e+00
3.121254888944276384e+00
1.687647662840668694e+00
2.497210240373826995e+00
3.750250833087289126e-01
-1.287404649604487084e+00
2.536620686065120811e+00
-3.121650508035002103e-01
4.552140681736690508e-01
-2.826111858738161731e-02
-1.476674954634111359e+00
-1.268321261391880617e+00
2.949530977631295015e-01
2.523412146381824872e+00
-2.257306730670679551e-01
2.326589813183151279e+00
1.202240871815622447e-01
-1.150472554252201851e+00
1.817305210777995894e+00
4.728066279301900154e-01
3.970607548043257884e-01
-1.368603129713915179e+00
-1.020538971084003377e+00
-3.512319308053161837e+00
-1.538841768588209868e+00
8.898386024886770773e-01
-2.109204702676632959e+00
4.371375869678535420e-01
-1.201087315597460847e+00
-1.356146544759023964e+00
-6.304926364932197935e-02
1.369320755833367764e+00
7.478722483199826687e-01
-1.597509620829308474e+00
1.988251460972899620e-01
-3.689900063555599630e+00
-1.844931731093334637e+00
-7.530496158548592722e-02
-2.073908651040195839e+00
-1.356100117117447157e+00
-2.272111134359085405e+00
-1.433931109291796124e+00
-2.141128841730997046e+00
1.807391220584648961e+00
1.085370325985987705e+00
-8.997336771116080101e-01
1.323362090643564359e+00
-1.913803864624141760e+00
-5.009125816091327676e-01
3.179135584890141475e-01
3.572027795085254143e-01
-1.536144558462035459e+00
-1.902429177398093696e+00
-7.932136090652297522e-01
-3.085005543954761897e+00
1.693672614984885083e+00
1.132893283760154635e+00
3.660212352374109940e-02
1.223220786616574074e+00
1.938770885619044426e-01
1.023519151876769007e+00
1.162818883025656946e+00
3.544579271990976999e+00
-2.351513085976551509e-01
-2.713626990484815371e-01
3.890732967774762630e-01
-2.253943277996349970e+00
1.289482095399464789e+00
1.022791298669754934e+00
7.652402260788023769e-01
-3.214041801189769787e-01
1.047063300998716251e+00
1.151988231675777463e+00
1.070967128083994968e+00
