5.000000000000000000e+00
1.018423906463692630e+00
9.203788343150033358e-01
7.438134362123205445e-01
7.613731336777361802e-01
3.520350362834335778e-01
1.984702515588503413e-01
1.818363469373480701e-01
-4.351607437512827303e+00
-1.052361701331237631e+00
-1.020265357280419227e+00
-9.382294502864850783e-01
-1.653315751838883019e+00
-1.142931610108143481e+00
-1.248911627640427735e+00
-1.629386130107101760e+00
3.070210649478918086e+00
2.829709650998566417e-01
1.718625346515266772e-01
-8.917012978631233544e-03
1.360632099313409116e+00
8.265203099310094448e-01
1.224908402904700599e+00
2.154812241746228541e+00
-2.389515307234244545e+00
8.055804084527629083e-02
4.843067037056661972e-01
1.105709749894856486e+00
-6.411618621411201424e-01
9.309161465089123288e-02
-3.461852154540188686e-01
-1.654074244459323495e+00
2.710032739385144218e+00
6.154046727806519179e-01
-5.175958045702921950e-02
-1.271129325342280403e+00
6.653090504451562026e-01
-4.055505435935670699e-01
-2.055990924132941600e-01
1.179012230668698979e+00
-3.160971080788941734e+00
-1.711656404330004655e+00
-1.091579849605979646e+00
5.735596952657567860e-01
-1.648527188036414293e+00
-3.938933822217756120e-01
-3.451386936143745476e-01
-1.700562659779476515e+00
2.628836472402955593e+00
1.993155309813906095e+00
1.729824774212673555e+00
-1.424275440414178862e-01
2.587519874555641142e+00
1.504019808370934408e+00
1.467860006203868695e+00
2.967002898979378855e+00
-1.069578968815614983e+00
-1.090549595348328182e+00
-1.210801425465621195e+00
8.548824085528021754e-01
-2.404248176337310916e+00
-1.719791085236580308e+00
-1.928427497468515384e+00
-3.770321129721657005e+00
-4.048210733620785096e-01
-8.412182044330851483e-02
2.025747149866335972e-01
-2.306711762981193292e+00
1.184486523291083060e+00
8.022536546845766559e-01
1.202990519645833256e+00
3.316433645707852929e+00
7.671006490271911060e-01
3.690723385624091746e-01
6.487648610505925006e-02
3.250695834709623533e+00
-8.848149032648688905e-02
2.561053520455293109e-01
-7.995289801975705157e-02
-2.126919696992368269e+00
-2.201978594656349708e-01
3.316379039301841081e-01
7.970233604283674111e-01
-3.000688092548905228e+00
3.568082916849490971e-02
-3.747366806327693256e-01
-2.411381144863741222e-01
1.437520943383793659e+00
-6.588740839207263278e-02
-9.579127334682301376e-01
-1.897663183752746896e+00
2.190861897798567881e+00
-6.728564523736080272e-01
-3.760852632147073105e-01
-4.809112546417504408e-01
-1.784513182385900398e+00
-6.781933776155668614e-01
5.308691674251074799e-01
2.096694991189223867e+00
-2.020216063090380043e+00
8.090169943749406789e-01
8.633545060720108077e-01
1.263327094592153088e+00
2.402188648337988841e+00
1.921002001970735673e+00
7.048262140852654678e-01
-1.317514191038934523e+00
2.851976222621662949e+00
1.843653478921792876e-01
-2.045415787270338237e-01
-1.041856739975160151e+00
-2.122629589474950507e+00
-2.432394009059382078e+00
-1.546676505551757952e+00
6.355946954387784453e-01
-3.778200873016338779e+00
-1.618103503759832362e+00
-1.203243323457710012e+00
-9.178523628578499904e-02
7.431609239620539098e-01
1.696664653292407898e+00
1.203909126236202498e+00
-1.039802027297395126e+00
3.651093443288173646e+00
2.244645649049277658e+00
2.121320343559644162e+00
9.798724013133355282e-01
7.106497305321017866e-01
-5.135544967139138439e-01
-1.986006449823125575e-01
2.289155798762739114e+00
-2.397656325008889588e+00
-1.662117050860925538e+00
-1.873031801252825090e+00
-7.140004942164759338e-01
-1.130481567387476849e+00
9.603959751554952406e-02
-2.363153874509367203e-01
-3.178258028561722792e+00
1.108398310638963657e+00
7.525001676072394785e-01
1.102319182382141660e+00
-3.335424524455682382e-01
5.658765957046963946e-01
-6.996898370649182741e-01
-4.290109920352075390e-01
2.907188708336424732e+00
-7.981646520406462386e-01
-6.522528774070527335e-01
-1.017420033751548880e+00
9.457457303722360820e-01
-1.373892111653857440e-01
1.355951918712773985e+00
1.418745726097796034e+00
-1.983571277295649526e+00
1.261571076533400948e+00
1.438590338610371999e+00
1.989380214323663187e+00
-4.626520807111309530e-01
7.240575773019967132e-01
-1.013656156384881379e+00
-1.551325540928483182e+00
1.622037780271458285e+00
-1.336332673423957562e+00
-2.040650695266826631e+00
-3.115761243363584843e+00
-4.614423342165600017e-01
-1.934322723402473576e+00
-2.243352261419680749e-01
6.073703013733604550e-01
-2.332135170282276349e+00
2.704235729327923998e-01
1.477482251641313526e+00
3.251121858843915469e+00
6.151120477046563284e-01
2.543589053523039656e+00
1.191652037363851946e+00
4.065866732411781981e-01
3.317800554962768267e+00
1.379044384748870256e+00
-4.523041030485286385e-04
-2.320988047455890158e+00
3.685158840384311629e-01
-1.896759760826839392e+00
-9.740664958511143778e-01
-4.026182723006036523e-01
-3.379439342411636904e+00
-2.349770691731157157e+00
-1.173062951406673271e+00
1.410095260621812674e+00
-1.575920694797249944e+00
6.652909216235798340e-01
-5.907337649646227096e-02
-5.491367999749747764e-01
2.283821946280847559e+00
2.089756061706353307e+00
1.230435071080105525e+00
-1.523031788927549313e+00
1.844731056582034512e+00
-8.900897833149956639e-02
6.909830056250390040e-01
1.308595439230006097e+00
-1.029482691756940849e+00
-1.360956072900165292e+00
-6.666235464687855217e-01
2.439806178042929208e+00
-1.079280033490264579e+00
5.725184506711550325e-01
-2.595816279450730013e-01
-9.795581356470778323e-01
7.034007697658362090e-01
1.339829963072712182e+00
6.842767386791827056e-01
-2.979648447001848499e+00
3.408242161044573448e-01
-1.246723043457633739e+00
-5.848010425810281632e-01
-5.997669442117396776e-02
-1.242158381325366268e+00
-2.249366618304279086e+00
-1.782099321643208611e+00
2.368974330538792028e+00
-6.103905852818756195e-01
9.971846939952848654e-01
6.359604829383935787e-01
5.943011892182573641e-01
1.520029290553838841e+00
3.094749685342456758e+00
3.154597313506834588e+00
-1.141367564992434858e+00
1.646587766563264443e+00
2.238277123095696597e-01
4.671075624892130351e-01
2.828802263390051142e-02
-6.621088444291878261e-01
-2.806787559016728828e+00
-3.594237319783655682e+00
5.349749940019720151e-01
-2.251499478249643804e+00
-1.310695928334503435e+00
-1.804930590019721226e+00
-1.138931068003492086e+00
-9.266941897421606678e-01
1.479886576701527678e+00
2.861256398166605042e+00
-1.078520673508695182e+00
1.640407349761400457e+00
1.244991878776694705e+00
2.209573223606859038e+00
1.506501022552842350e+00
2.000000000000003997e+00
-2.821584577219873879e-01
-1.948842154367553814e+00
1.989218273693213579e+00
-3.430409900565093428e-01
-2.406116599986618532e-01
-1.580529952263381777e+00
-7.408979728966968992e-01
-1.873918138961152113e+00
1.396636698752894423e-01
1.939509961357611889e+00
-2.073742065464915463e+00
-3.983690134252111381e-01
-5.198360180643609718e-01
9.751261569633760118e-01
-2.691836845759058017e-01
1.186071368064619769e+00
-7.041442126625626630e-01
-2.765925534832816446e+00
1.097563292864020656e+00
4.309981214464653210e-02
2.533110501819169080e-01
-1.371385728274209015e+00
3.857105091308521416e-01
-1.139787571430621815e+00
7.876648220319546478e-01
3.298679752530865095e+00
-5.038420533485599151e-02
6.452564857061440229e-01
5.228912007892183578e-01
2.525714349451696261e+00
4.652185678695770488e-01
2.103114978334589491e+00
2.372971788542868055e-01
-2.659175605974807066e+00
3.451683879081457462e-03
-4.983882242916491956e-01
-5.925617529226493430e-01
-3.238544666247883619e+00
-1.205065134328094256e+00
-3.172993341645808485e+00
-1.682596455476198294e+00
1.248486739546808000e+00
-8.719007145028571104e-01
-6.893355374405105707e-01
-5.469242097957468518e-01
2.723731819523199871e+00
8.415898382671667122e-01
3.206110271688656699e+00
2.303626963111675252e+00
-3.090169943749621617e-01
1.504492288008866918e+00
1.897784337468257476e+00
2.084202611590415977e+00
-1.509447097364053025e+00
3.878308988200491747e-01
-2.133108827455440171e+00
-1.703093544504373336e+00
5.206863048722971676e-01
-9.987310367902859642e-01
-2.026342696581509450e+00
-2.796650238350902207e+00
8.358987440345049258e-01
-1.281523906154680148e+00
1.046888376587649994e+00
7.688136861797100208e-01
-1.242189347976891289e+00
-2.679703338091679043e-01
1.134189202097784399e+00
2.421437006747793053e+00
-1.241066678923494759e+00
1.043274821451175782e+00
-9.630968679398826948e-01
-6.438753471161988706e-01
1.267197297473344753e+00
1.074444935226792408e+00
-3.530018055315796710e-01
-1.922522718600336855e+00
1.957758492677269313e+00
-1.842246660713959816e-01
1.675321179534786653e+00
1.412407347674749847e+00
-2.258077683692623627e-01
-7.576995544594411491e-01
5.739009663447910414e-01
2.349285837743749106e+00
-1.813220077030872179e+00
-7.785820426499190372e-02
-2.018286385604727062e+00
-2.010216394437486009e+00
-9.791404615364274200e-01
-2.977688774093517621e-02
-1.417785569982060512e+00
-3.599862069675753062e+00
5.967197899414623530e-01
-7.691181268421046768e-01
1.235012925883490542e+00
1.462262883163724547e+00
1.202474312802139567e+00
7.708162021074091430e-02
1.672288258377395032e+00
4.511510959142891686e+00
6.770194031091937292e-01
1.930827576493785891e+00
1.241749863901833173e-01
-2.460860917304763529e-02
-3.705390899914553504e-01
9.834161182959592074e-01
-6.937185237858085607e-01
-4.175977665012257312e+00
-9.125969015143573504e-01
-2.208393091371829264e+00
-8.053397526338910151e-01
-1.082274926131954418e+00
-4.307075472692848406e-01
-2.240165781450021765e+00
-8.364280666504029238e-01
2.970526963695806266e+00
1.736031887131346263e-01
1.368091957222980160e+00
2.660445122444645705e-01
1.044541465193267626e+00
1.952188539297179393e-01
2.533845920403825058e+00
1.670117678370721670e+00
-2.121320343559562893e+00
4.053444306344357040e-01
-4.065977923522022808e-01
7.214663845131382702e-01
-3.579683060251323545e-01
8.585356577147804646e-01
-1.772725291747918153e+00
-1.396728625862080797e+00
2.300738485900637897e+00
6.767494289319753165e-02
4.075535241787521246e-01
-9.702626451923237472e-01
2.280861919687515726e-01
-1.551203772136176218e+00
1.022634808742034718e+00
8.817600060681842766e-01
-2.869116903903075499e+00
-1.211626324123811438e+00
-1.302683508620997799e+00
2.472852639824923981e-01
-1.158445815293262626e+00
1.110361692755728269e+00
-1.269525723884951551e+00
-1.238560568890217484e+00
2.630736419319350095e+00
1.809016994374869736e+00
1.959908472135630797e+00
4.617312403259025144e-01
2.350139441836240017e+00
-7.036497379640205274e-02
2.276966132077097971e+00
2.516221383193749439e+00
-1.234396592137316340e+00
-1.207581198319451765e+00
-1.496581208237609095e+00
-9.513343416863506707e-02
-2.603629201897589063e+00
-3.303611969412535432e-01
-2.851711821072554720e+00
-3.612732657811581483e+00
-3.917387249869945243e-01
7.677780295963765322e-02
3.086658146871130715e-01
-1.247166354939757804e+00
1.688139745117843926e+00
-4.366161312817887774e-01
2.213118603853489574e+00
3.515193642338632962e+00
1.072493788198079168e+00
3.505917324996358220e-01
3.673381540400935119e-01
2.393972848731939163e+00
-6.063610124372108556e-01
1.587603037995646060e+00
-8.941144395075356632e-01
-2.444509502672425061e+00
-7.018046953927534748e-01
3.182185628452203208e-01
1.419816683451818884e-01
-2.418830558814658360e+00
4.503172343223692531e-01
-1.927729892461877981e+00
1.390265318357910562e-01
1.591263290096421423e+00
3.332361075075553902e-01
-1.198015215041485781e+00
-1.188322523719624213e+00
1.672414353841339629e+00
-1.161680749130852508e+00
1.220292087641016154e+00
-4.894159384528938839e-01
-1.746872032487997384e+00
-9.428489857081756575e-01
1.154995519494612211e+00
1.557910853718968092e+00
-1.347858762962608870e+00
1.619067092527629370e+00
-4.522088924710840896e-01
1.181196425146382012e+00
2.402246966668991401e+00
2.286775350468948975e+00
-1.200883828943614673e-01
-8.729419590973737098e-01
2.080484961207592853e+00
-9.504981867930545336e-01
6.913785089089121705e-01
-1.044247401923889207e+00
-2.348668835155530044e+00
-3.166659656331163308e+00
-8.228730586322486884e-01
2.785796576377352896e-02
-3.192217068098716304e+00
-4.380841883477386567e-01
-1.849076142376039567e+00
-1.300738059755531806e-01
1.089800243262631252e+00
2.798773916677040230e+00
6.760277625656609946e-01
-1.589092612346508226e-01
3.450333531763630557e+00
1.301407970404820258e+00
2.769757026357425822e+00
1.325647952727362133e+00
5.583031823278450378e-01
-1.714576824741357086e+00
3.290554793941921075e-01
1.330308018152571492e+00
-2.470680506995183379e+00
-9.588271551285270089e-01
-2.546248125843575849e+00
-1.446585113485631346e+00
-1.370199535179757344e+00
1.158070586045787609e+00
-9.965527398360175537e-01
-2.446208543512948808e+00
1.154844728618214411e+00
5.309430320304164841e-02
1.550995108809512413e+00
5.571522568676215981e-01
1.082256194344407119e+00
-1.671167369790783175e+00
5.359932260271279558e-01
2.490396716257626597e+00
-6.596477650756259470e-01
2.059186583672245607e-01
-1.000000000000000000e+00
2.059186583670917781e-01
-6.596477650756663591e-01
2.490396716257491594e+00
5.359932260274139493e-01
-1.671167369790898416e+00
1.082256194344377143e+00
5.571522568674677212e-01
1.550995108809517742e+00
5.309430320315500218e-02
1.154844728618258376e+00
-2.446208543512790712e+00
-9.965527398362935552e-01
1.158070586045889527e+00
-1.370199535179731143e+00
-1.446585113485454821e+00
-2.546248125843576293e+00
-9.588271551286259298e-01
-2.470680506995237113e+00
1.330308018152412064e+00
3.290554793944532319e-01
-1.714576824741435912e+00
5.583031823278142847e-01
1.325647952727143419e+00
2.769757026357409835e+00
1.301407970404869330e+00
3.450333531763668748e+00
-1.589092612344764066e-01
6.760277625653949851e-01
2.798773916677107287e+00
1.089800243262621038e+00
-1.300738059753284714e-01
-1.849076142375840615e+00
-4.380841883478507892e-01
-3.192217068098776256e+00
2.785796576376142752e-02
-8.228730586323224072e-01
-3.166659656331118011e+00
-2.348668835155596213e+00
-1.044247401923999119e+00
6.913785089089892200e-01
-9.504981867928877781e-01
2.080484961207561323e+00
-8.729419590973037657e-01
-1.200883828944948606e-01
2.286775350469228751e+00
2.402246966668827088e+00
1.181196425146522344e+00
-4.522088924710990221e-01
1.619067092527525453e+00
-1.347858762962655277e+00
1.557910853719044031e+00
1.154995519494537604e+00
-9.428489857079509484e-01
-1.746872032487944537e+00
-4.894159384528342649e-01
1.220292087640774570e+00
-1.161680749130864942e+00
1.672414353841507495e+00
-1.188322523719699486e+00
-1.198015215041425829e+00
3.332361075074140588e-01
1.591263290096523564e+00
1.390265318361493252e-01
-1.927729892461915728e+00
4.503172343224312035e-01
-2.418830558814605958e+00
1.419816683449847128e-01
3.182185628453604309e-01
-7.018046953925470843e-01
-2.444509502672306045e+00
-8.941144395082665230e-01
1.587603037995719557e+00
-6.063610124373576271e-01
2.393972848731900083e+00
3.673381540405157297e-01
3.505917324992489092e-01
1.072493788198062292e+00
3.515193642338204860e+00
2.213118603854243194e+00
-4.366161312818739315e-01
1.688139745118041102e+00
-1.247166354939670541e+00
3.086658146868627162e-01
7.677780295983960279e-02
-3.917387249870388222e-01
-3.612732657811087211e+00
-2.851711821073171116e+00
-3.303611969409999682e-01
-2.603629201897807555e+00
-9.513343416857267254e-02
-1.496581208237435234e+00
-1.207581198319681803e+00
-1.234396592137662729e+00
2.516221383193459893e+00
2.276966132077311578e+00
-7.036497379647010941e-02
2.350139441836259113e+00
4.617312403257516351e-01
1.959908472135562629e+00
1.809016994374942566e+00
2.630736419319412711e+00
-1.238560568889826907e+00
-1.269525723885025492e+00
1.110361692755813756e+00
-1.158445815293360326e+00
2.472852639824733023e-01
-1.302683508620807284e+00
-1.211626324123831422e+00
-2.869116903903064397e+00
8.817600060677688312e-01
1.022634808742324486e+00
-1.551203772136257486e+00
2.280861919688518258e-01
-9.702626451923990203e-01
4.075535241786443219e-01
6.767494289332487423e-02
2.300738485900601926e+00
-1.396728625861772599e+00
-1.772725291748193266e+00
8.585356577147754686e-01
-3.579683060253524562e-01
7.214663845131993325e-01
-4.065977923520509574e-01
4.053444306345582726e-01
-2.121320343559534027e+00
1.670117678370405256e+00
2.533845920403966723e+00
1.952188539298041481e-01
1.044541465193427943e+00
2.660445122443921839e-01
1.368091957222899779e+00
1.736031887130463636e-01
2.970526963695887535e+00
-8.364280666501879846e-01
-2.240165781450128790e+00
-4.307075472692434293e-01
-1.082274926131980841e+00
-8.053397526337601198e-01
-2.208393091371752881e+00
-9.125969015143228225e-01
-4.175977665012248430e+00
-6.937185237862413256e-01
9.834161182960136083e-01
-3.705390899915202985e-01
-2.460860917288920646e-02
1.241749863899954676e-01
1.930827576493602260e+00
6.770194031091434361e-01
4.511510959142831290e+00
1.672288258377782277e+00
7.708162021057465840e-02
1.202474312802417344e+00
1.462262883163523597e+00
1.235012925883686385e+00
-7.691181268421614092e-01
5.967197899414999895e-01
-3.599862069675773935e+00
-1.417785569981953042e+00
-2.977688774110864856e-02
-9.791404615362567787e-01
-2.010216394437478016e+00
-2.018286385604636912e+00
-7.785820426509959535e-02
-1.813220077030992528e+00
2.349285837743947170e+00
5.739009663447053322e-01
-7.576995544593420062e-01
-2.258077683693977822e-01
1.412407347674642821e+00
1.675321179534676741e+00
-1.842246660712820727e-01
1.957758492677350581e+00
-1.922522718600258251e+00
-3.530018055314979586e-01
1.074444935226811948e+00
1.267197297473249273e+00
-6.438753471160654218e-01
-9.630968679397147181e-01
1.043274821451110501e+00
-1.241066678923598232e+00
2.421437006747835241e+00
1.134189202097893201e+00
-2.679703338092893627e-01
-1.242189347976820679e+00
7.688136861796270871e-01
1.046888376587695069e+00
-1.281523906154581560e+00
8.358987440347103171e-01
-2.796650238350617101e+00
-2.026342696581878045e+00
-9.987310367901569563e-01
5.206863048719977405e-01
-1.703093544503788248e+00
-2.133108827455898027e+00
3.878308988202138208e-01
-1.509447097364387869e+00
2.084202611590125542e+00
1.897784337468480187e+00
1.504492288008953960e+00
-3.090169943746663428e-01
2.303626963111107262e+00
3.206110271688862312e+00
8.415898382671742617e-01
2.723731819523285580e+00
-5.469242097955002713e-01
-6.893355374405897296e-01
-8.719007145028956351e-01
1.248486739546720292e+00
-1.682596455475711794e+00
-3.172993341645875098e+00
-1.205065134327967247e+00
-3.238544666248041271e+00
-5.925617529229795233e-01
-4.983882242915663729e-01
3.451683879113875975e-03
-2.659175605974640533e+00
2.372971788536056559e-01
2.103114978334626350e+00
4.652185678694751303e-01
2.525714349451777530e+00
5.228912007893022906e-01
6.452564857062127457e-01
-5.038420533488019437e-02
3.298679752530727427e+00
7.876648220322445271e-01
-1.139787571430788349e+00
3.857105091311113787e-01
-1.371385728274355120e+00
2.533110501818659488e-01
4.309981214458002974e-02
1.097563292864144557e+00
-2.765925534832562871e+00
-7.041442126629255949e-01
1.186071368064492093e+00
-2.691836845758475150e-01
9.751261569635956139e-01
-5.198360180642616069e-01
-3.983690134251753889e-01
-2.073742065465128626e+00
1.939509961357600787e+00
1.396636698754019634e-01
-1.873918138961157664e+00
-7.408979728963767108e-01
-1.580529952263634463e+00
-2.406116599986366511e-01
-3.430409900565045689e-01
1.989218273693188266e+00
-1.948842154367171675e+00
-2.821584577224022228e-01
1.999999999999775069e+00
1.506501022552907187e+00
2.209573223606764003e+00
1.244991878776772865e+00
1.640407349761396016e+00
-1.078520673508801320e+00
2.861256398166585946e+00
1.479886576701640477e+00
-9.266941897418988772e-01
-1.138931068003402824e+00
-1.804930590019755865e+00
-1.310695928334441707e+00
-2.251499478249821884e+00
5.349749940020677164e-01
-3.594237319783563311e+00
-2.806787559016820310e+00
-6.621088444293994346e-01
2.828802263373286774e-02
4.671075624892262468e-01
2.238277123096561461e-01
1.646587766563320621e+00
-1.141367564992469052e+00
3.154597313506776857e+00
3.094749685342493173e+00
1.520029290553905454e+00
5.943011892183061029e-01
6.359604829383876945e-01
9.971846939951762856e-01
-6.103905852818979350e-01
2.368974330538837769e+00
-1.782099321642962586e+00
-2.249366618304280863e+00
-1.242158381325376482e+00
-5.997669442126318806e-02
-5.848010425809869739e-01
-1.246723043457429903e+00
3.408242161045101914e-01
-2.979648447001911560e+00
6.842767386789326833e-01
1.339829963072781238e+00
7.034007697656829983e-01
-9.795581356468332501e-01
-2.595816279452179964e-01
5.725184506712597265e-01
-1.079280033490314317e+00
2.439806178043032681e+00
-6.666235464686043333e-01
-1.360956072900220359e+00
-1.029482691756706148e+00
1.308595439229732094e+00
6.909830056251069497e-01
-8.900897833151943939e-02
1.844731056582104900e+00
-1.523031788927768915e+00
1.230435071080033582e+00
2.089756061706415924e+00
2.283821946280745419e+00
-5.491367999747044371e-01
-5.907337649651001055e-02
6.652909216236198020e-01
-1.575920694797355193e+00
1.410095260621827551e+00
-1.173062951406601551e+00
-2.349770691731023042e+00
-3.379439342411713731e+00
-4.026182723009178455e-01
-9.740664958509636095e-01
-1.896759760827049002e+00
3.685158840385646117e-01
-2.320988047455839531e+00
-4.523041033295260860e-04
1.379044384748694174e+00
3.317800554962727411e+00
4.065866732415375773e-01
1.191652037363395866e+00
2.543589053523229282e+00
6.151120477043345858e-01
3.251121858843904810e+00
1.477482251641575317e+00
2.704235729328844373e-01
-2.332135170282116476e+00
6.073703013730449296e-01
-2.243352261415814120e-01
-1.934322723402706945e+00
-4.614423342162036201e-01
-3.115761243363598609e+00
-2.040650695266909231e+00
-1.336332673424203366e+00
1.622037780271192720e+00
-1.551325540928012447e+00
-1.013656156385251528e+00
7.240575773022137618e-01
-4.626520807113726486e-01
1.989380214323716922e+00
1.438590338610457042e+00
1.261571076533589464e+00
-1.983571277295453239e+00
1.418745726097319082e+00
1.355951918713098614e+00
-1.373892111656692672e-01
9.457457303725675946e-01
-1.017420033751558872e+00
-6.522528774071043589e-01
-7.981646520408064438e-01
2.907188708336181815e+00
-4.290109920345980266e-01
-6.996898370652214760e-01
5.658765957050415629e-01
-3.335424524460016693e-01
1.102319182382005991e+00
7.525001676074044576e-01
1.108398310639117978e+00
-3.178258028561744108e+00
-2.363153874511118024e-01
9.603959751559282276e-02
-1.130481567387425779e+00
-7.140004942163624690e-01
-1.873031801252734718e+00
-1.662117050860937084e+00
-2.397656325008947320e+00
2.289155798762648075e+00
-1.986006449821652309e-01
-5.135544967139271666e-01
7.106497305319824376e-01
9.798724013131511201e-01
2.121320343559517596e+00
2.244645649049221259e+00
3.651093443288366824e+00
-1.039802027297338283e+00
1.203909126236160532e+00
1.696664653292449643e+00
7.431609239620651230e-01
-9.178523628559182024e-02
-1.203243323457682035e+00
-1.618103503759835249e+00
-3.778200873016531958e+00
6.355946954386878511e-01
-1.546676505551720204e+00
-2.432394009059334117e+00
-2.122629589474888778e+00
-1.041856739975264068e+00
-2.045415787270740138e-01
1.843653478921930544e-01
2.851976222621709134e+00
-1.317514191038801297e+00
7.048262140849936852e-01
1.921002001970836481e+00
2.402188648337838739e+00
1.263327094592417543e+00
8.633545060718786912e-01
8.090169943751637227e-01
-2.020216063090539471e+00
2.096694991189243851e+00
5.308691674252167259e-01
-6.781933776155134597e-01
-1.784513182385587760e+00
-4.809112546419729295e-01
-3.760852632146143293e-01
-6.728564523738100878e-01
2.190861897798629609e+00
-1.897663183752736904e+00
-9.579127334683490425e-01
-6.588740839195361687e-02
1.437520943383613137e+00
-2.411381144860537118e-01
-3.747366806328890632e-01
3.568082916863202225e-02
-3.000688092549022468e+00
7.970233604284018281e-01
3.316379039302426168e-01
-2.201978594657467703e-01
-2.126919696992072506e+00
-7.995289802003055502e-02
2.561053520455738308e-01
-8.848149032637953049e-02
3.250695834709530274e+00
6.487648610514917813e-02
3.690723385624480324e-01
7.671006490269905997e-01
3.316433645707958178e+00
1.202990519645655620e+00
8.022536546848795247e-01
1.184486523290907645e+00
-2.306711762981203062e+00
2.025747149864983720e-01
-8.412182044333860187e-02
-4.048210733620756230e-01
-3.770321129721615705e+00
-1.928427497468945262e+00
-1.719791085236318517e+00
-2.404248176337691056e+00
8.548824085529205252e-01
-1.210801425465397152e+00
-1.090549595348370371e+00
-1.069578968815858566e+00
2.967002898978894354e+00
1.467860006204263490e+00
1.504019808370505862e+00
2.587519874556075905e+00
-1.424275440417047678e-01
1.729824774212703087e+00
1.993155309813823273e+00
2.628836472403184743e+00
-1.700562659779090602e+00
-3.451386936147228246e-01
-3.938933822214550351e-01
-1.648527188036737368e+00
5.735596952658899017e-01
-1.091579849605952557e+00
-1.711656404329863879e+00
-3.160971080788977261e+00
1.179012230668188499e+00
-2.055990924127958919e-01
-4.055505435939843473e-01
6.653090504456388166e-01
-1.271129325342521099e+00
-5.175958045692574672e-02
6.154046727805565498e-01
2.710032739385324962e+00
-1.654074244459009080e+00
-3.461852154541404936e-01
9.309161465088139353e-02
-6.411618621413429642e-01
1.105709749894799199e+00
4.843067037057776636e-01
8.055804084559459177e-02
-2.389515307234289843e+00
2.154812241745999835e+00
1.224908402904735016e+00
8.265203099309488266e-01
1.360632099313556109e+00
-8.917012978632232745e-03
1.718625346513656948e-01
2.829709650996626857e-01
3.070210649479042875e+00
-1.629386130106808661e+00
-1.248911627640424848e+00
-1.142931610108121054e+00
-1.653315751839013581e+00
-9.382294502863515184e-01
-1.020265357280395691e+00
-1.052361701330991606e+00
-4.351607437512861054e+00
1.818363469370524177e-01
1.984702515587799532e-01
3.520350362833636892e-01
7.613731336778405412e-01
7.438134362122648113e-01
9.203788343148670004e-01
1.018423906463580941e+00
