5.000000000000000000e+00
1.634562714473639655e+00
5.006112703892898752e-01
1.422525128190488264e+00
-7.402980076480043525e-01
-4.586700690327822905e-01
-3.160733283824813111e-01
1.111786241273942100e+00
2.048691425749706863e+00
-1.027623025635812759e+00
7.953256796276748641e-01
1.730560320696806098e+00
-1.010175583359923746e+00
1.432346937878551607e+00
2.390477812864142404e+00
1.210411804366267496e+00
4.810091691036919581e-01
-1.622011870570950309e+00
-7.132502791692350019e-01
-2.074741680672750110e+00
-3.321413435818546755e+00
1.164485813223253174e+00
7.910100098840217031e-01
-5.620875177598017025e-01
1.218373030378148147e+00
-1.858985576673886086e-01
-7.555952844917450673e-01
-1.527087336861026934e+00
-1.203857183306079826e+00
1.052377678311960274e+00
-1.945100356415232934e+00
-2.212125797968952590e+00
-2.695751757319522213e-01
-3.388502369478267440e+00
-2.701881020989063575e+00
-3.990409842846186494e-01
1.856701108603024952e-01
1.304756186249281136e+00
-1.957197016654225741e-01
6.037227027538070168e-01
4.789968467012439834e-02
-3.892620236461260763e+00
-1.449210680325105471e+00
-2.561743420892449441e-01
-2.010724871005396430e+00
-1.138204758220134893e-01
-9.689002978109684250e-02
-1.709648411588202688e-01
-6.679043785515478282e-01
-1.306068715630300581e+00
2.278768257917525020e+00
1.430667662964692388e+00
-2.070372258713282232e-02
2.672058009988229621e+00
1.314737238010704745e-01
-1.942698908257552537e+00
-1.119308876172403933e+00
-9.929547390373149041e-01
9.137157938281903480e-01
4.451790712439455122e-01
1.666665516832029681e+00
3.925419547471526993e+00
1.769243753338871628e-01
3.439941418431137210e-01
2.379375325593164003e+00
3.575258818144424477e-01
1.112919446374428967e+00
1.358815981360983027e+00
1.136778131813340087e+00
5.798187925365594353e-01
-2.166459342651934961e+00
3.314215066723534830e-01
1.494878624585008531e+00
-3.584667671898035257e-01
3.124929010297623488e+00
3.501728832441491690e+00
1.151683087498234670e+00
7.372033109449253052e-01
-7.050894553324225100e-01
4.867317906733109600e-02
-9.605715139816717318e-01
-1.564918964770531939e+00
2.018825465258949681e+00
-7.768441193672770417e-02
-1.772704059647747687e+00
6.513799666108065489e-01
-5.143575508724287371e-01
-2.509378259668606503e-01
6.146046021947825233e-01
1.045012240686347349e+00
1.864852274811712896e+00
-1.846699278240571340e+00
-2.177212465519809292e+00
-7.955349167153091816e-01
-4.010831722844443448e+00
-2.237225855867806867e+00
3.864104844342988176e-01
-2.692397515059179458e-01
2.420864023759513595e-01
-8.497565450350565985e-01
-1.180339887499025076e-01
-3.986734113806741364e-01
-2.827486072203617695e+00
4.465173643638540302e-01
5.544862036239098790e-01
-2.464955487476180984e+00
-1.005570922996917194e+00
-1.807034151403326350e+00
-2.500173542092068324e+00
-1.793017879747313081e+00
-1.014829033800607627e+00
2.371315987108357781e+00
1.066754001615805025e+00
-1.851952732857758965e-01
2.184409680802184894e+00
-9.956354554453190620e-01
-2.317170591889118114e+00
-2.058354175934338226e-01
-4.522146048166941767e-01
3.950735097107345717e-01
-3.699197948017514115e-01
1.828662147017333650e-01
1.502087757828376668e+00
-1.514591431964463997e+00
5.678421698992237587e-01
3.414213562373103361e+00
1.205458709454301447e+00
2.151395324072344462e+00
2.014806515304497836e+00
3.259876240541982328e-01
-5.452574240703326192e-01
-2.143329682122387503e+00
7.389934775837962988e-01
1.494559018710410081e+00
-2.130529264058552696e-01
3.240205267222746599e+00
2.598705343104161347e+00
5.149175888241175336e-02
1.223935211447821914e+00
9.434152553449174361e-01
1.677222817239857333e+00
9.085493564953466272e-01
1.172098466702906627e-01
2.024566294939728728e+00
-1.403585457394170399e+00
-2.577911957226805661e+00
7.164636800084085433e-01
-3.165976440695430494e-01
5.711782276946915093e-01
2.225452880422332136e+00
1.857960478079794031e+00
1.591819803776100439e+00
-1.589483358138954694e+00
-1.100380564146550721e+00
2.128079698753505555e-01
-2.864445880609121087e+00
-7.504090947083948970e-01
7.714905602399000362e-01
-1.703717816603653290e+00
-1.337700121957002830e+00
-1.546538783078391877e+00
-4.761961733448885625e-01
5.933203677528853248e-02
-1.016306592357251848e+00
2.096047823239888253e+00
6.798499969698381662e-01
-3.010016316328091968e+00
-1.327447567710596354e+00
-2.464906460116214504e+00
-3.232130479189474048e+00
-1.537381264957316418e+00
-7.356195379594532291e-01
1.234050795699227931e+00
-6.254489205633375626e-01
-1.300833563748609700e+00
1.329525043113429561e+00
-1.410327024540833030e+00
-1.287307408368151718e+00
1.501057055600703016e+00
-9.212573603225349128e-02
-5.606583659547276222e-01
-1.579576718151192383e+00
-1.603220450071512371e+00
-5.981041048851419850e-01
-2.348913920980084225e+00
9.917475818767789164e-01
3.462410668331605379e+00
6.042457732257386915e-01
1.824886018867525772e+00
1.635888422878773785e+00
-4.473110260149896766e-01
-3.497471150942271789e-01
-7.293962789067804930e-01
1.545077674899892894e+00
1.073174083475243901e+00
-1.038042323235921494e+00
1.923576926760850014e+00
6.382468552195513789e-01
-9.994477902594181007e-01
2.170440247028132763e+00
2.500000000000013767e+00
2.768561947394865719e+00
2.065712479631192089e+00
8.748620643189299884e-01
1.556054328005262999e+00
-1.927457956686688956e+00
-1.892731095986776690e+00
1.723761478578225592e+00
-1.593495417793522329e-02
7.480073113843412891e-01
2.324996904892783878e+00
1.007379082536084880e+00
8.075468717164316912e-01
-6.104710668633221982e-01
9.684662118891276261e-01
2.083473775429089514e+00
-1.088077609401987056e+00
6.385223638419146308e-01
5.413461055370171193e-01
-3.125978923272939358e+00
-1.989389198551111404e+00
-1.256859010250848563e+00
-2.403453226512272112e-01
6.836140079650063761e-01
9.935408769599751722e-02
2.334668970845501956e+00
3.446594337356834181e-03
-2.970530330043926970e+00
-2.627599989442407358e-01
-1.504124062004341900e+00
-2.392001100644847167e+00
-5.810115341016284241e-01
-1.076840417065968891e+00
-8.579957194829292977e-01
-2.595672376904389012e+00
-2.194761654548166963e+00
9.097208036565392897e-01
-1.142167759062999055e+00
5.456883136014459290e-02
2.529013664207789613e+00
-6.472709119604405092e-01
-1.579771240559936230e+00
-2.058224112863242361e+00
-2.265670592056441279e+00
-1.289381432120900950e+00
-2.251582679711416013e+00
8.593473377783890088e-01
1.869220805408871477e+00
-1.468158809904775097e+00
6.269706036988317299e-01
1.000000000000039968e+00
-5.811436076510769766e-01
9.059721978332310188e-01
9.606923250421220972e-01
1.696085079507329452e+00
-2.097794958490983852e-02
-2.212045642684163038e+00
4.931295288682244760e-01
-8.898533307082233668e-01
-1.325124662275173115e+00
2.954992479418313334e+00
2.654908839138533594e+00
2.164674114533713389e+00
1.904974738182477978e+00
8.777584568553848943e-01
1.434776175191288416e+00
-9.990388810767157901e-01
5.877489699477500551e-02
2.856442731136132451e+00
-3.377328736227142025e-01
7.491706275223442013e-03
1.327755400042587075e+00
-4.342019820286540099e-01
4.422634388863385668e-01
9.503899167348393018e-01
2.840901533739478069e+00
3.268398677182862144e+00
3.512844932820446964e-03
1.412447871901235441e+00
3.547349204913758380e-01
-3.230908181577706095e+00
-8.443469607396069110e-01
9.265238991242985556e-03
-2.320685141089562364e-02
6.065532929094182846e-01
-1.111566925599061229e-01
1.345317970861258594e+00
-6.579738680431255204e-01
-1.820284609040921486e+00
1.902720354152896531e+00
1.859190521045670508e-01
-1.108420397903760790e+00
2.539746253648957897e-01
-1.796801739153265132e+00
-2.531037687068130815e+00
-3.273184522270444319e+00
-1.978554723855639352e+00
9.164557278516987093e-01
-1.033399920079588696e+00
4.397711287631300703e-01
2.118033988749967733e+00
-1.799835919383288463e+00
-1.748161696327605874e+00
-1.044146195944637201e+00
-1.492900648149667830e+00
-8.289314424065277187e-01
-1.909593690667709343e+00
-1.733524012803482339e-01
-6.954512429010931696e-01
-3.670436715097810776e+00
-2.537873187425681021e-01
6.555024708088903473e-01
-4.497439186812287604e-01
1.926730454447335816e+00
1.524412844226120445e+00
7.417001699525914704e-01
-1.123829343796616254e+00
-2.532085686946938807e+00
1.559487785293300899e-01
-1.306471458494453897e+00
-1.217472356702239189e+00
2.690771626031253305e+00
8.919875395310088440e-01
9.998806552068068010e-02
1.060330921071516608e+00
7.683619242962544948e-01
1.872871423237449040e+00
6.663007007314528662e-01
1.872912922810624270e+00
3.057051522059461846e+00
-1.323924083370944693e+00
-8.195181019588591020e-01
5.482020100757752923e-01
-1.262437422503996265e+00
7.264046498675758023e-01
2.097244466081544800e+00
3.091806281166446624e+00
2.771413628585669642e+00
8.130329340477526756e-02
1.899063939972897241e+00
9.230537888017512627e-01
-1.710577756192428689e+00
1.495858740495573658e+00
1.249386256070244228e+00
-4.383136957939966494e-01
-1.209556297620375531e-01
-9.196008096685824862e-01
2.977731047554841859e-01
-5.490816399213982457e-01
-1.324564315750165200e-02
3.760073510670062458e+00
1.106934097630593694e+00
-3.736229264167174047e-01
8.719450534718868884e-01
-1.950548703027382480e+00
-2.467810125205156080e+00
-2.002241053304858465e+00
-8.966036845364757646e-01
7.026518819493356993e-01
-1.694964524022344987e+00
-3.155738006815592134e-01
8.618354199880520206e-01
-2.559090781899933997e+00
-6.445561387040065204e-01
9.371196022162177064e-01
-3.154814387188934477e-01
-2.218837622223540640e-01
-1.769594425847250685e+00
-1.420938318146697910e+00
-2.578439375422290958e+00
-4.443423913517253077e+00
-1.681504742403547858e-01
3.375735205567257369e-01
-9.520720848509300893e-01
1.664274312310276338e+00
5.857864376269482642e-01
-6.818737298314412332e-01
-1.260530570894057956e+00
-1.459998535656347851e+00
8.720539789096787286e-01
-1.113534822610187103e+00
-1.344880423684132742e+00
1.289386146341028550e+00
-1.817663056147046596e+00
-1.965876783083476464e+00
5.430475819410898186e-01
7.008666037385954395e-01
2.102896338627018746e+00
1.593038254356087480e+00
2.244534567419872229e+00
2.125315972241789364e+00
-2.138551016326345700e+00
-6.182220674051810416e-01
8.342982419615346812e-01
-1.260178537822277622e+00
1.038541614908433885e+00
1.892356162820564069e+00
1.392604484267152998e+00
1.054132007288511641e+00
-1.780121048394364136e-01
2.499999999999987121e+00
2.026883846248979992e+00
3.206798320476125230e-01
3.466316468930186190e+00
1.533139698784320659e+00
-1.249508588760680716e+00
-4.720214581715664881e-01
-1.070115198633256437e+00
8.653766075025964843e-02
1.769930927893164641e-01
1.230768674464488122e+00
3.953221222546721592e+00
5.693967531451092912e-01
-1.795325247419224945e-01
1.747604676327173090e+00
-9.563384746625266386e-01
-6.616683374926655148e-01
3.690355212737511659e-01
5.310568574303176081e-02
-5.500842559935636977e-02
-2.650259092689510876e+00
-1.157347819742114314e+00
-7.405005144104914727e-03
-2.353853854749950347e+00
1.031980514845238339e+00
2.400384200148925729e+00
-1.923144499563678167e-02
-3.001265359991878157e-02
-1.493453961683364417e+00
-1.717310053246133839e+00
-2.527545889690542502e+00
-3.365346587409110413e+00
4.657202406902318792e-01
-5.271600704064123288e-01
-2.358160245198565264e+00
3.811623213555820344e-01
-9.450976082896642705e-01
-1.550333683996560241e+00
-2.274297900005139983e-01
2.042907887019747015e-01
1.506568782925007621e+00
-1.142979304652691486e+00
-1.787402152897768826e+00
-2.235438336207837828e-01
-3.715847488153242395e+00
-2.662463281099817447e+00
6.506073410131453238e-01
1.283105887701542214e-01
1.192514445537048662e+00
9.544294712231022881e-01
1.103197753332628039e+00
8.534371013047742371e-01
-1.940206944636958752e+00
7.741163070211728447e-01
1.732147769056876507e+00
-1.157673000220406312e+00
7.629176825419008434e-01
4.844413036258972682e-01
-1.087362871739130377e+00
-4.649507406203016169e-01
-8.667968666774228392e-02
2.907279090418313228e+00
2.533094124509710721e+00
1.288325434177176598e+00
3.921646936250237303e+00
8.988598564151313308e-01
-1.534578726119061987e+00
4.746529761695854055e-01
-1.258094678347275730e-01
5.108757104632628554e-01
6.932617815444095388e-01
1.062503754872732742e+00
2.426223892089454992e+00
-7.358382796737191756e-01
1.435439814450959473e-01
3.010328053082468536e+00
5.834919203823034639e-01
1.514555645280157847e+00
2.300421229122154188e+00
2.246401921639663568e-01
-7.662131248113051019e-01
-2.678089883121054449e+00
-9.111253339396438999e-01
1.226988121817584876e-01
-1.604281974723479554e+00
2.021709629989844270e+00
2.243144156485148866e+00
-8.705172314781512988e-01
1.155693229856823434e-01
-4.933815941819169604e-01
-6.309112920858777063e-01
-7.854651351298457262e-01
-1.399147863055789420e+00
8.159815228757925087e-01
-1.854075568330479484e+00
-3.740905256670478352e+00
-6.023770662125307318e-01
-1.857969000608094445e+00
-1.514223421954802307e+00
1.075311751311181840e+00
1.000000000000000000e+00
1.075311751311229580e+00
-1.514223421954616899e+00
-1.857969000608281407e+00
-6.023770662124328101e-01
-3.740905256670326473e+00
-1.854075568330810553e+00
8.159815228758603434e-01
-1.399147863055683505e+00
-7.854651351299497541e-01
-6.309112920857884443e-01
-4.933815941820077766e-01
1.155693229857674975e-01
-8.705172314781938203e-01
2.243144156484890406e+00
2.021709629990142698e+00
-1.604281974723452464e+00
1.226988121816137145e-01
-9.111253339394251860e-01
-2.678089883121109516e+00
-7.662131248114005810e-01
2.246401921639202826e-01
2.300421229122023181e+00
1.514555645280351692e+00
5.834919203821447020e-01
3.010328053082421462e+00
1.435439814453741691e-01
-7.358382796739402210e-01
2.426223892089346634e+00
1.062503754872870632e+00
6.932617815443221643e-01
5.108757104633491197e-01
-1.258094678347149165e-01
4.746529761696557381e-01
-1.534578726119102621e+00
8.988598564150049874e-01
3.921646936250333226e+00
1.288325434177182593e+00
2.533094124509544187e+00
2.907279090418239509e+00
-8.667968666764247487e-02
-4.649507406203524651e-01
-1.087362871739320891e+00
4.844413036259703209e-01
7.629176825420147523e-01
-1.157673000220418746e+00
1.732147769056683329e+00
7.741163070213530339e-01
-1.940206944636915676e+00
8.534371013047163945e-01
1.103197753332595177e+00
9.544294712231917721e-01
1.192514445537153245e+00
1.283105887700981551e-01
6.506073410131832935e-01
-2.662463281099593626e+00
-3.715847488153213973e+00
-2.235438336207691279e-01
-1.787402152897684227e+00
-1.142979304652619765e+00
1.506568782925094219e+00
2.042907887019861368e-01
-2.274297900004629280e-01
-1.550333683996226730e+00
-9.450976082899319453e-01
3.811623213557897571e-01
-2.358160245198305027e+00
-5.271600704067771481e-01
4.657202406906457703e-01
-3.365346587408818202e+00
-2.527545889690826275e+00
-1.717310053245935775e+00
-1.493453961683572695e+00
-3.001265359993676718e-02
-1.923144499573414823e-02
2.400384200148669489e+00
1.031980514845730390e+00
-2.353853854749990315e+00
-7.405005144424103847e-03
-1.157347819741780803e+00
-2.650259092689717821e+00
-5.500842559944585375e-02
5.310568574313379031e-02
3.690355212735969004e-01
-6.616683374923881811e-01
-9.563384746627811017e-01
1.747604676327088713e+00
-1.795325247416775238e-01
5.693967531445200958e-01
3.953221222546650537e+00
1.230768674464863155e+00
1.769930927891191774e-01
8.653766075053292983e-02
-1.070115198633338371e+00
-4.720214581715566071e-01
-1.249508588760661176e+00
1.533139698783937632e+00
3.466316468930340289e+00
3.206798320477176611e-01
2.026883846248526577e+00
2.500000000000176748e+00
-1.780121048394371908e-01
1.054132007288404171e+00
1.392604484267202292e+00
1.892356162820598264e+00
1.038541614908614186e+00
-1.260178537822297606e+00
8.342982419613126366e-01
-6.182220674047971265e-01
-2.138551016326412313e+00
2.125315972241584195e+00
2.244534567419980142e+00
1.593038254356128780e+00
2.102896338627142203e+00
7.008666037385533620e-01
5.430475819412490246e-01
-1.965876783083301715e+00
-1.817663056147387879e+00
1.289386146341110262e+00
-1.344880423684023052e+00
-1.113534822610342756e+00
8.720539789098471495e-01
-1.459998535656207297e+00
-1.260530570894037750e+00
-6.818737298313505280e-01
5.857864376267883921e-01
1.664274312310510595e+00
-9.520720848508007483e-01
3.375735205566833819e-01
-1.681504742402366581e-01
-4.443423913517168700e+00
-2.578439375422526769e+00
-1.420938318146432566e+00
-1.769594425847365482e+00
-2.218837622223979178e-01
-3.154814387189689984e-01
9.371196022161383254e-01
-6.445561387038861723e-01
-2.559090781899983735e+00
8.618354199878489608e-01
-3.155738006814187702e-01
-1.694964524022576136e+00
7.026518819492721946e-01
-8.966036845363474228e-01
-2.002241053304778085e+00
-2.467810125205041061e+00
-1.950548703027558783e+00
8.719450534716853829e-01
-3.736229264166609498e-01
1.106934097630188907e+00
3.760073510670097985e+00
-1.324564315723730790e-02
-5.490816399217137711e-01
2.977731047554740273e-01
-9.196008096685795996e-01
-1.209556297620701937e-01
-4.383136957939150480e-01
1.249386256070296852e+00
1.495858740495603634e+00
-1.710577756192478427e+00
9.230537888014699321e-01
1.899063939972994497e+00
8.130329340490027867e-02
2.771413628585699840e+00
3.091806281166529224e+00
2.097244466081631398e+00
7.264046498675583718e-01
-1.262437422504006923e+00
5.482020100758188130e-01
-8.195181019587287619e-01
-1.323924083371088578e+00
3.057051522059329063e+00
1.872912922810594960e+00
6.663007007314442065e-01
1.872871423237585820e+00
7.683619242962653750e-01
1.060330921071577226e+00
9.998806552085046095e-02
8.919875395308560773e-01
2.690771626031336350e+00
-1.217472356702106628e+00
-1.306471458494422144e+00
1.559487785292640316e-01
-2.532085686946912606e+00
-1.123829343796607816e+00
7.417001699527721037e-01
1.524412844226108010e+00
1.926730454447451502e+00
-4.497439186808673828e-01
6.555024708087027197e-01
-2.537873187422355903e-01
-3.670436715097786795e+00
-6.954512429015209385e-01
-1.733524012799507741e-01
-1.909593690667712451e+00
-8.289314424065875597e-01
-1.492900648149674048e+00
-1.044146195944777755e+00
-1.748161696327506842e+00
-1.799835919383579785e+00
2.118033988749728813e+00
4.397711287635357458e-01
-1.033399920079936862e+00
9.164557278517221350e-01
-1.978554723855279640e+00
-3.273184522270470076e+00
-2.531037687068086406e+00
-1.796801739153540689e+00
2.539746253647513496e-01
-1.108420397903539190e+00
1.859190521039697508e-01
1.902720354153193405e+00
-1.820284609040593526e+00
-6.579738680437523524e-01
1.345317970861361179e+00
-1.111566925599658529e-01
6.065532929092284364e-01
-2.320685141074829705e-02
9.265238990984969725e-03
-8.443469607394452625e-01
-3.230908181577735849e+00
3.547349204908855635e-01
1.412447871901476582e+00
3.512844932816117094e-03
3.268398677182749346e+00
2.840901533739686347e+00
9.503899167348963672e-01
4.422634388864215005e-01
-4.342019820286940890e-01
1.327755400042577971e+00
7.491706275451093244e-03
-3.377328736229802120e-01
2.856442731135998780e+00
5.877489699501670106e-02
-9.990388810767115713e-01
1.434776175191369907e+00
8.777584568554718247e-01
1.904974738182535710e+00
2.164674114533800875e+00
2.654908839138395038e+00
2.954992479418542040e+00
-1.325124662274932863e+00
-8.898533307083834609e-01
4.931295288682518985e-01
-2.212045642684119962e+00
-2.097794958510967867e-02
1.696085079507499760e+00
9.606923250422316762e-01
9.059721978333452608e-01
-5.811436076510754223e-01
9.999999999998872013e-01
6.269706036989148856e-01
-1.468158809904883011e+00
1.869220805408707609e+00
8.593473377785539880e-01
-2.251582679711427559e+00
-1.289381432120951576e+00
-2.265670592056281407e+00
-2.058224112863203725e+00
-1.579771240559811218e+00
-6.472709119605433159e-01
2.529013664207707901e+00
5.456883136027626535e-02
-1.142167759063273280e+00
9.097208036565466172e-01
-2.194761654547962682e+00
-2.595672376904543555e+00
-8.579957194830778455e-01
-1.076840417065996425e+00
-5.810115341017201285e-01
-2.392001100644727707e+00
-1.504124062004511098e+00
-2.627599989441266048e-01
-2.970530330043869682e+00
3.446594336994290853e-03
2.334668970845506841e+00
9.935408769615350355e-02
6.836140079649231094e-01
-2.403453226512262120e-01
-1.256859010250857667e+00
-1.989389198551002380e+00
-3.125978923273006860e+00
5.413461055370334396e-01
6.385223638421591019e-01
-1.088077609402053891e+00
2.083473775428844377e+00
9.684662118892148897e-01
-6.104710668633847037e-01
8.075468717164511201e-01
1.007379082536051573e+00
2.324996904892817629e+00
7.480073113845493449e-01
-1.593495417805945724e-02
1.723761478578323736e+00
-1.892731095986459833e+00
-1.927457956686707830e+00
1.556054328005366028e+00
8.748620643189276569e-01
2.065712479631183651e+00
2.768561947394972744e+00
2.499999999999944045e+00
2.170440247028138536e+00
-9.994477902593945640e-01
6.382468552193699685e-01
1.923576926760772743e+00
-1.038042323235903064e+00
1.073174083475233465e+00
1.545077674899845377e+00
-7.293962789067935937e-01
-3.497471150942735862e-01
-4.473110260149055772e-01
1.635888422878767345e+00
1.824886018867610371e+00
6.042457732255811509e-01
3.462410668331408203e+00
9.917475818772724105e-01
-2.348913920980120196e+00
-5.981041048853590336e-01
-1.603220450071180636e+00
-1.579576718151332049e+00
-5.606583659547376142e-01
-9.212573603239737619e-02
1.501057055600743428e+00
-1.287307408367828865e+00
-1.410327024541320196e+00
1.329525043113443328e+00
-1.300833563748252875e+00
-6.254489205637761007e-01
1.234050795699246361e+00
-7.356195379594123729e-01
-1.537381264957259130e+00
-3.232130479189357253e+00
-2.464906460116551568e+00
-1.327447567710383414e+00
-3.010016316328182562e+00
6.798499969691838007e-01
2.096047823240168917e+00
-1.016306592357048011e+00
5.933203677512444152e-02
-4.761961733446630762e-01
-1.546538783078390988e+00
-1.337700121956882260e+00
-1.703717816603756763e+00
7.714905602396125994e-01
-7.504090947078670970e-01
-2.864445880609272077e+00
2.128079698750198201e-01
-1.100380564146312690e+00
-1.589483358139202496e+00
1.591819803776006070e+00
1.857960478079820899e+00
2.225452880422360558e+00
5.711782276950397863e-01
-3.165976440697441108e-01
7.164636800085619761e-01
-2.577911957226398876e+00
-1.403585457394445291e+00
2.024566294939766919e+00
1.172098466704362130e-01
9.085493564951712120e-01
1.677222817239994557e+00
9.434152553449306478e-01
1.223935211447932714e+00
5.149175888238899379e-02
2.598705343103979715e+00
3.240205267222960650e+00
-2.130529264057897665e-01
1.494559018710284626e+00
7.389934775841540127e-01
-2.143329682122241842e+00
-5.452574240705053699e-01
3.259876240541952352e-01
2.014806515304710111e+00
2.151395324072405302e+00
1.205458709454268806e+00
3.414213562373243249e+00
5.678421698994832179e-01
-1.514591431964639856e+00
1.502087757828271641e+00
1.828662147018466078e-01
-3.699197948018739801e-01
3.950735097108319938e-01
-4.522146048166727494e-01
-2.058354175935337427e-01
-2.317170591888777498e+00
-9.956354554454133199e-01
2.184409680802203546e+00
-1.851952732855055572e-01
1.066754001615692005e+00
2.371315987108418621e+00
-1.014829033800411784e+00
-1.793017879747243137e+00
-2.500173542091966183e+00
-1.807034151403580147e+00
-1.005570922996923189e+00
-2.464955487476227169e+00
5.544862036235720382e-01
4.465173643639300249e-01
-2.827486072203524881e+00
-3.986734113809299318e-01
-1.180339887500131968e-01
-8.497565450350652583e-01
2.420864023759579098e-01
-2.692397515058477797e-01
3.864104844343833611e-01
-2.237225855867605695e+00
-4.010831722844695690e+00
-7.955349167153689116e-01
-2.177212465519522411e+00
-1.846699278240864217e+00
1.864852274811698685e+00
1.045012240686408411e+00
6.146046021946458549e-01
-2.509378259669419187e-01
-5.143575508725367618e-01
6.513799666108577302e-01
-1.772704059647849828e+00
-7.768441193697750435e-02
2.018825465259039831e+00
-1.564918964770592336e+00
-9.605715139816641823e-01
4.867317906751741918e-02
-7.050894553323350245e-01
7.372033109449567245e-01
1.151683087498291957e+00
3.501728832441614259e+00
3.124929010297549326e+00
-3.584667671897566743e-01
1.494878624584758064e+00
3.314215066723806835e-01
-2.166459342652025111e+00
5.798187925365001494e-01
1.136778131813297676e+00
1.358815981361011227e+00
1.112919446374601495e+00
3.575258818145645723e-01
2.379375325593088064e+00
3.439941418433041798e-01
1.769243753334218683e-01
3.925419547471324933e+00
1.666665516832432026e+00
4.451790712437531106e-01
9.137157938283334557e-01
-9.929547390372370774e-01
-1.119308876172472100e+00
-1.942698908257294077e+00
1.314737238007394060e-01
2.672058009988349081e+00
-2.070372258676833610e-02
1.430667662964409947e+00
2.278768257917819451e+00
-1.306068715630008592e+00
-6.679043785515887954e-01
-1.709648411587732508e-01
-9.689002978132521537e-02
-1.138204758218727131e-01
-2.010724871005431069e+00
-2.561743420895205015e-01
-1.449210680324754863e+00
-3.892620236461384664e+00
4.789968466963534510e-02
6.037227027542551028e-01
-1.957197016655448096e-01
1.304756186249316885e+00
1.856701108605044448e-01
-3.990409842844845345e-01
-2.701881020988701199e+00
-3.388502369478700871e+00
-2.695751757319916342e-01
-2.212125797968695906e+00
-1.945100356415704335e+00
1.052377678311980480e+00
-1.203857183305860223e+00
-1.527087336861306044e+00
-7.555952844918878419e-01
-1.858985576675037388e-01
1.218373030378163246e+00
-5.620875177598598782e-01
7.910100098838058758e-01
1.164485813223512967e+00
-3.321413435818382887e+00
-2.074741680672996136e+00
-7.132502791690198407e-01
-1.622011870570817305e+00
4.810091691035895956e-01
1.210411804366275268e+00
2.390477812864295171e+00
1.432346937878678617e+00
-1.010175583359921969e+00
1.730560320696425958e+00
7.953256796278431739e-01
-1.027623025635981957e+00
2.048691425749491035e+00
1.111786241274045794e+00
-3.160733283824332940e-01
-4.586700690326486196e-01
-7.402980076480264460e-01
1.422525128190342603e+00
5.006112703895447824e-01
1.634562714473443812e+00
