5.000000000000000000e+00
1.496261777289734862e+00
1.187545934074978327e+00
1.340314363739766090e+00
-9.672156577548733924e-01
-1.146287721181614927e+00
-1.636928477002250304e+00
1.342716704560768193e+00
1.248620977356798001e-01
6.770758156770619873e-01
3.811144485601372089e+00
4.569757493253696623e-01
5.112421189378998365e-01
2.061395537064480976e-02
-1.022292147350742919e+00
-1.866482992062093338e+00
-2.623667839996037365e+00
6.268738162168059347e-01
-1.654883395355763120e+00
-9.184012828535689232e-01
1.515699099927492632e+00
-1.108390734011055923e+00
-6.329267263268217869e-01
-1.162717862779530709e+00
-4.466947135290485482e-01
-1.722260399743279491e+00
-2.195392288984971074e+00
1.024344421011432971e+00
-2.046944083478912990e+00
-1.281444961103861413e+00
1.754069198013276931e-01
-1.409660803341260316e+00
-7.923001221019952967e-01
-1.001450002650289495e+00
1.456873102367531203e+00
-1.341522560637687933e-01
-1.337015393809415365e-02
2.798616561974228034e+00
-7.267692476777939392e-01
-2.671136806770760819e-01
-3.974369265929120210e-02
-6.517918435116858422e-01
-4.931932058224104409e-01
-3.886206000720795473e-01
3.238852370443622064e+00
1.279075463996310225e+00
1.989957560262384684e+00
4.044875503915490889e+00
5.053153662178250238e-01
3.766474817050020629e-01
-5.877852522924784662e-01
-3.848186554050089248e-01
-1.200651437008910527e+00
-8.823913909993338356e-01
3.147771008195368925e+00
8.431969744774422404e-01
2.027579887846237217e+00
3.253343709896763691e+00
3.617737029771554980e-01
-3.157173010971621174e-01
-1.925451383030962305e+00
-8.744351717518663580e-01
-2.737731729103908052e+00
-2.156836968806043586e+00
1.641479043763752310e+00
-7.819065441724086796e-01
7.189647725957786228e-01
1.312480928710529460e+00
-2.305077833335479609e-01
-1.190229989329562921e+00
-2.604317586856064182e+00
-5.863675166083722745e-01
-3.198466892719895593e+00
-2.267129010175698678e+00
7.976411056378220898e-01
-1.501431488968143269e+00
-4.964787383803614951e-02
7.968998908037994156e-02
1.984971379528497060e-01
-9.174091716299251908e-01
-1.493573116390848554e+00
1.368681141784775068e+00
-1.632419318925025564e+00
-4.582156990017194342e-01
1.423235752589962155e+00
-6.682006252093115606e-01
1.089549609953401887e-01
-2.515258049364011983e-01
1.265868819244365895e+00
-1.741645723804265966e-01
2.741125257823544548e-01
3.537524595081144696e+00
4.596436089510791412e-01
1.609061638337333511e+00
2.074942455719981371e+00
2.573561160853429230e-01
-2.026205939836758230e-01
-1.051272460106609907e+00
1.303712087210908033e+00
-6.676570163306445593e-01
6.909830056250574337e-01
3.855013119696899970e+00
1.098423699258833874e+00
2.047681806922099224e+00
1.350608137702637990e+00
1.140556188219083722e-01
-1.677329879463711926e+00
-2.691597401767616304e+00
3.613136686082285554e-02
-2.415450987343244815e+00
-3.505218724929204388e-01
2.374678622847905540e+00
4.251264725644526843e-01
1.150285446827207014e+00
-3.129014821499576104e-02
-2.045503358332624311e-01
-2.937975092973517555e+00
-3.550422204747224253e+00
-7.478247064740807248e-01
-3.411873455461497784e+00
-9.836643926702802743e-01
1.038679927097775346e+00
1.786974560735636874e-01
5.548581942133770095e-01
-4.414710309536588051e-01
7.071067811865608954e-01
-2.459272054214609149e+00
-2.240259744868154712e+00
3.274226729978941819e-01
-2.306171645256459790e+00
-1.120176778020546271e-01
8.848920411125043017e-01
9.591420252856762696e-01
5.857896099022305014e-01
8.545030968954603345e-02
2.331683954628021915e+00
-9.116155778811579902e-01
2.079088798304903341e-01
2.201975529986567537e+00
-2.201895801390851837e-01
1.069116047344738529e+00
8.289992544053119694e-01
1.423730068263887150e+00
-1.395848851892796394e-01
-1.115757762841264045e-01
2.705128885635490477e+00
-3.351255676307957065e-01
1.524900725312563488e+00
2.813484635650665311e+00
9.149674492175905449e-01
9.510565162951563067e-01
-2.908526317337066791e-01
5.584417164766002362e-01
-2.264101625999990652e+00
-1.675494218541611957e+00
1.223497108899840979e+00
-1.264572196638269475e+00
1.113837775277287889e+00
1.890496026013687381e+00
9.872892414319986987e-01
-1.088109166910329328e-01
-1.642478287750883448e+00
-5.206536536654476910e-01
-4.205134546680777241e+00
-2.990538546202148318e+00
-3.735580922078292065e-01
-2.016602031136133455e+00
5.011505223554457711e-01
1.041406676393868747e+00
1.437489776370900252e+00
-4.820575695962695528e-01
-1.527993963724416648e+00
-7.877938087695735003e-02
-4.047025804744126987e+00
-2.323655861285794710e+00
-3.573086833328019685e-01
-1.167654835561835913e+00
8.030731562291525405e-01
1.152610661765081090e+00
2.659181968927488704e+00
8.533181571297826506e-02
-3.541298370432877096e-02
1.608205392294415281e+00
-2.137745435588931819e+00
-2.701914890242237410e-01
7.150750766458916496e-01
4.571473506229208339e-01
1.076631270114692285e+00
1.099671582345646659e+00
3.137296895706232380e+00
-2.597974673916247923e-02
8.493186332268427563e-01
2.475333220421081393e+00
-5.754213641211011199e-01
1.071592548954917179e+00
1.074915547625485024e+00
1.166060910007942208e+00
-1.437637326210816635e-02
-2.954247443355612068e-01
1.718782199781892395e+00
-1.809016994374953002e+00
-2.768787370523012603e-02
1.510014596730192338e+00
-3.295286436621395754e-01
9.491422914659356502e-01
4.427839084632390065e-01
9.629485043035965752e-01
-1.849831103869957083e+00
-2.104420342344841544e+00
-4.043208411660160762e-01
-3.861574085572765824e+00
-1.393758594564135755e+00
8.008159052527066835e-02
-1.984855835946212343e-01
6.428096095082407313e-01
2.786569543735524235e-01
1.379119988636696714e+00
-2.497766284376820689e+00
-2.333566022337707047e+00
-1.089378047118849224e+00
-4.078268424701542827e+00
-1.429520479448546100e+00
-1.424893414118997281e-01
9.941928898441175777e-01
1.123230644299193948e+00
1.285244375294493757e+00
2.857417201693959186e+00
-1.484707371311210444e+00
-7.453207553659939588e-01
-8.310023703660807115e-02
-2.409684614863199403e+00
-3.331669212466286112e-01
4.795276876602302396e-01
2.398570018907657975e+00
1.364144011053937122e+00
2.057487758727157612e+00
3.733772166022950589e+00
-5.424101042690488983e-01
7.116667022259597353e-01
8.149672165369807875e-01
-7.077807263359696677e-01
1.777845553878013574e-01
3.882009510497103077e-01
2.388541649502262665e+00
-5.827606224321307815e-02
1.045753287216762084e+00
2.498182098843831245e+00
-1.138264543602250711e+00
5.490761159473592778e-01
4.443539438412807963e-01
2.009349221556541708e-14
-4.443539438413445231e-01
-5.490761159473644959e-01
1.138264543602280465e+00
-2.498182098843837906e+00
-1.045753287216713678e+00
5.827606224319020756e-02
-2.388541649502215147e+00
-3.882009510497325122e-01
-1.777845553878526497e-01
7.077807263360079704e-01
-8.149672165370424048e-01
-7.116667022259453024e-01
5.424101042690588903e-01
-3.733772166022939487e+00
-2.057487758727122085e+00
-1.364144011053950667e+00
-2.398570018907613122e+00
-4.795276876602103666e-01
3.331669212466251695e-01
2.409684614863254914e+00
8.310023703645125215e-02
7.453207553661477247e-01
1.484707371311044799e+00
-2.857417201693987607e+00
-1.285244375294391395e+00
-1.123230644299304748e+00
-9.941928898439873485e-01
1.424893414118195700e-01
1.429520479448625814e+00
4.078268424701525063e+00
1.089378047118715997e+00
2.333566022337655088e+00
2.497766284376928159e+00
-1.379119988636699601e+00
-2.786569543736080456e-01
-6.428096095082331818e-01
1.984855835945847080e-01
-8.008159052526622745e-02
1.393758594563981879e+00
3.861574085572786696e+00
4.043208411660604851e-01
2.104420342344879735e+00
1.849831103869939763e+00
-9.629485043035311831e-01
-4.427839084633530264e-01
-9.491422914660024857e-01
3.295286436622265058e-01
-1.510014596730246517e+00
2.768787370521391678e-02
1.809016994374982534e+00
-1.718782199781822229e+00
2.954247443355575431e-01
1.437637326206830934e-02
-1.166060910007877593e+00
-1.074915547625565404e+00
-1.071592548954928947e+00
5.754213641211521901e-01
-2.475333220421130243e+00
-8.493186332268655159e-01
2.597974673913577837e-02
-3.137296895706132016e+00
-1.099671582345638221e+00
-1.076631270114781325e+00
-4.571473506228155848e-01
-7.150750766460474139e-01
2.701914890242301803e-01
2.137745435588973564e+00
-1.608205392294406400e+00
3.541298370424972308e-02
-8.533181571294620738e-02
-2.659181968927411432e+00
-1.152610661765095301e+00
-8.030731562292080516e-01
1.167654835561883653e+00
3.573086833327212553e-01
2.323655861285817803e+00
4.047025804744150967e+00
7.877938087696734204e-02
1.527993963724441961e+00
4.820575695961706320e-01
-1.437489776370726613e+00
-1.041406676393947128e+00
-5.011505223554004740e-01
2.016602031136204509e+00
3.735580922077257338e-01
2.990538546202359260e+00
4.205134546680648455e+00
5.206536536654761127e-01
1.642478287750867461e+00
1.088109166910002923e-01
-9.872892414320799670e-01
-1.890496026013793296e+00
-1.113837775277150666e+00
1.264572196638291235e+00
-1.223497108899858743e+00
1.675494218541530245e+00
2.264101626000018630e+00
-5.584417164765197450e-01
2.908526317337273293e-01
-9.510565162951701845e-01
-9.149674492176012031e-01
-2.813484635650764343e+00
-1.524900725312578142e+00
3.351255676308204645e-01
-2.705128885635483815e+00
1.115757762840066114e-01
1.395848851893555231e-01
-1.423730068263850734e+00
-8.289992544052567913e-01
-1.069116047344748743e+00
2.201895801390433283e-01
-2.201975529986647917e+00
-2.079088798304429830e-01
9.116155778811491084e-01
-2.331683954628007704e+00
-8.545030968956823791e-02
-5.857896099022252834e-01
-9.591420252855552553e-01
-8.848920411125307250e-01
1.120176778020707253e-01
2.306171645256447356e+00
-3.274226729979536898e-01
2.240259744868261294e+00
2.459272054214537206e+00
-7.071067811864774066e-01
4.414710309536339361e-01
-5.548581942133512523e-01
-1.786974560735097306e-01
-1.038679927097763134e+00
9.836643926702389740e-01
3.411873455461472027e+00
7.478247064740543015e-01
3.550422204747289534e+00
2.937975092973444280e+00
2.045503358333198296e-01
3.129014821489251030e-02
-1.150285446827184810e+00
-4.251264725643819631e-01
-2.374678622848001019e+00
3.505218724930079244e-01
2.415450987343115141e+00
-3.613136686078621818e-02
2.691597401767682918e+00
1.677329879463634876e+00
-1.140556188218127681e-01
-1.350608137702694833e+00
-2.047681806922073910e+00
-1.098423699258803232e+00
-3.855013119696954593e+00
-6.909830056250332309e-01
6.676570163305819428e-01
-1.303712087210729731e+00
1.051272460106652984e+00
2.026205939835609149e-01
-2.573561160852891883e-01
-2.074942455720226064e+00
-1.609061638337455857e+00
-4.596436089509988721e-01
-3.537524595081121603e+00
-2.741125257825159922e-01
1.741645723805443358e-01
-1.265868819244305721e+00
2.515258049364025306e-01
-1.089549609953398557e-01
6.682006252093541931e-01
-1.423235752590051195e+00
4.582156990016421627e-01
1.632419318924941187e+00
-1.368681141784816813e+00
1.493573116390880529e+00
9.174091716299203059e-01
-1.984971379529268110e-01
-7.968998908042179696e-02
4.964787383802093945e-02
1.501431488968188566e+00
-7.976411056378055475e-01
2.267129010175685355e+00
3.198466892719899146e+00
5.863675166084044710e-01
2.604317586856086830e+00
1.190229989329521842e+00
2.305077833335091586e-01
-1.312480928710624717e+00
-7.189647725957734048e-01
7.819065441723855869e-01
-1.641479043763747425e+00
2.156836968806074673e+00
2.737731729103868084e+00
8.744351717520014722e-01
1.925451383030977404e+00
3.157173010971485727e-01
-3.617737029771436186e-01
-3.253343709896736158e+00
-2.027579887846135520e+00
-8.431969744773950559e-01
-3.147771008195391573e+00
8.823913909992980864e-01
1.200651437008819933e+00
3.848186554050305741e-01
5.877852522924087442e-01
-3.766474817049809687e-01
-5.053153662178406780e-01
-4.044875503915528192e+00
-1.989957560262224812e+00
-1.279075463996307560e+00
-3.238852370443554118e+00
3.886206000720817677e-01
4.931932058223154058e-01
6.517918435117822096e-01
3.974369265916685712e-02
2.671136806771327032e-01
7.267692476777112276e-01
-2.798616561974287542e+00
1.337015393816487485e-02
1.341522560636138617e-01
-1.456873102367538308e+00
1.001450002650246862e+00
7.923001221020267160e-01
1.409660803341335367e+00
-1.754069198013601116e-01
1.281444961103739955e+00
2.046944083478917875e+00
-1.024344421011441408e+00
2.195392288984934659e+00
1.722260399743331227e+00
4.466947135291536863e-01
1.162717862779466760e+00
6.329267263268569810e-01
1.108390734011183598e+00
-1.515699099927402038e+00
9.184012828534926509e-01
1.654883395355869924e+00
-6.268738162167589723e-01
2.623667839995970752e+00
1.866482992062074242e+00
1.022292147350728264e+00
-2.061395537078292151e-02
-5.112421189378983932e-01
-4.569757493252715186e-01
-3.811144485601362764e+00
-6.770758156770643188e-01
-1.248620977356088846e-01
-1.342716704560673158e+00
1.636928477002230098e+00
1.146287721181594499e+00
9.672156577548912670e-01
-1.340314363739905090e+00
-1.187545934074960785e+00
-1.496261777289709771e+00
-5.000000000000000000e+00
-1.496261777289708217e+00
-1.187545934075044274e+00
-1.340314363739806502e+00
9.672156577547876832e-01
1.146287721181624253e+00
1.636928477002323579e+00
-1.342716704560740215e+00
-1.248620977355283379e-01
-6.770758156771137237e-01
-3.811144485601337450e+00
-4.569757493253251424e-01
-5.112421189379702247e-01
-2.061395537067306494e-02
1.022292147350624791e+00
1.866482992062154622e+00
2.623667839996035589e+00
-6.268738162167788452e-01
1.654883395355929432e+00
9.184012828534072748e-01
-1.515699099927352078e+00
1.108390734011077017e+00
6.329267263268071320e-01
1.162717862779567124e+00
4.466947135290592619e-01
1.722260399743440251e+00
2.195392288984968410e+00
-1.024344421011423867e+00
2.046944083478944076e+00
1.281444961103649582e+00
-1.754069198012967179e-01
1.409660803341197699e+00
7.923001221019775331e-01
1.001450002650301263e+00
-1.456873102367580941e+00
1.341522560639940853e-01
1.337015393800333740e-02
-2.798616561974117012e+00
7.267692476778405686e-01
2.671136806768911187e-01
3.974369265938901274e-02
6.517918435115074294e-01
4.931932058224847149e-01
3.886206000719529818e-01
-3.238852370443758844e+00
-1.279075463996189210e+00
-1.989957560262576752e+00
-4.044875503915449144e+00
-5.053153662177759520e-01
-3.766474817050234902e-01
5.877852522926402257e-01
3.848186554049913832e-01
1.200651437009121469e+00
8.823913909992116000e-01
-3.147771008195417330e+00
-8.431969744773256670e-01
-2.027579887846578721e+00
-3.253343709896592273e+00
-3.617737029772699620e-01
3.157173010972366134e-01
1.925451383031039132e+00
8.744351717517235834e-01
2.737731729104208700e+00
2.156836968806244315e+00
-1.641479043763738987e+00
7.819065441722257148e-01
-7.189647725955857771e-01
-1.312480928710519468e+00
2.305077833335550663e-01
1.190229989329460780e+00
2.604317586856208067e+00
5.863675166083348600e-01
3.198466892719825871e+00
2.267129010175933601e+00
-7.976411056378078790e-01
1.501431488968070660e+00
4.964787383806856802e-02
-7.968998908052726815e-02
-1.984971379529769375e-01
9.174091716297603227e-01
1.493573116390930711e+00
-1.368681141784733324e+00
1.632419318924960061e+00
4.582156990019357612e-01
-1.423235752589948611e+00
6.682006252093574128e-01
-1.089549609953140985e-01
2.515258049363642279e-01
-1.265868819244423626e+00
1.741645723804059465e-01
-2.741125257822526473e-01
-3.537524595081154466e+00
-4.596436089510650413e-01
-1.609061638337321964e+00
-2.074942455720083956e+00
-2.573561160854296315e-01
2.026205939835599157e-01
1.051272460106562834e+00
-1.303712087210927351e+00
6.676570163306525529e-01
-6.909830056249481878e-01
-3.855013119696864887e+00
-1.098423699258927133e+00
-2.047681806922106773e+00
-1.350608137702698164e+00
-1.140556188219507272e-01
1.677329879463676399e+00
2.691597401767642062e+00
-3.613136686081275251e-02
2.415450987343350508e+00
3.505218724930978524e-01
-2.374678622847799403e+00
-4.251264725644519071e-01
-1.150285446827236990e+00
3.129014821506381772e-02
2.045503358332962374e-01
2.937975092973543756e+00
3.550422204747222032e+00
7.478247064740506378e-01
3.411873455461473803e+00
9.836643926701824636e-01
-1.038679927097837963e+00
-1.786974560737581985e-01
-5.548581942134157563e-01
4.414710309536497013e-01
-7.071067811865237029e-01
2.459272054214654002e+00
2.240259744868220437e+00
-3.274226729978199080e-01
2.306171645256527292e+00
1.120176778020626207e-01
-8.848920411124431284e-01
-9.591420252858746665e-01
-5.857896099022117387e-01
-8.545030968948452710e-02
-2.331683954628067657e+00
9.116155778811112498e-01
-2.079088798305930852e-01
-2.201975529986603508e+00
2.201895801390362228e-01
-1.069116047344721210e+00
-8.289992544052937617e-01
-1.423730068264006832e+00
1.395848851894184728e-01
1.115757762840515754e-01
-2.705128885635449620e+00
3.351255676307732800e-01
-1.524900725312690941e+00
-2.813484635650566723e+00
-9.149674492176588236e-01
-9.510565162950841422e-01
2.908526317337873923e-01
-5.584417164766239949e-01
2.264101626000230905e+00
1.675494218541586200e+00
-1.223497108899769259e+00
1.264572196638280577e+00
-1.113837775277334963e+00
-1.890496026013556374e+00
-9.872892414320380006e-01
1.088109166911488401e-01
1.642478287750848809e+00
5.206536536653264546e-01
4.205134546680813656e+00
2.990538546201930270e+00
3.735580922078408639e-01
2.016602031135984241e+00
-5.011505223554474364e-01
-1.041406676393793918e+00
-1.437489776370858063e+00
4.820575695965141350e-01
1.527993963724367799e+00
7.877938087706060077e-02
4.047025804744348143e+00
2.323655861285547353e+00
3.573086833329231493e-01
1.167654835561683369e+00
-8.030731562292432457e-01
-1.152610661765058886e+00
-2.659181968927614825e+00
-8.533181571284012557e-02
3.541298370403028750e-02
-1.608205392294243863e+00
2.137745435588997100e+00
2.701914890241092770e-01
-7.150750766457585339e-01
-4.571473506228587169e-01
-1.076631270114585259e+00
-1.099671582345550513e+00
-3.137296895706200406e+00
2.597974673902997411e-02
-8.493186332264931471e-01
-2.475333220421163993e+00
5.754213641211424202e-01
-1.071592548954881874e+00
-1.074915547625475032e+00
-1.166060910008010154e+00
1.437637326191099074e-02
2.954247443355783043e-01
-1.718782199781998532e+00
1.809016994374826881e+00
2.768787370549724569e-02
-1.510014596730214098e+00
3.295286436621015502e-01
-9.491422914658380616e-01
-4.427839084632851918e-01
-9.629485043036829506e-01
1.849831103869815196e+00
2.104420342344915706e+00
4.043208411659058310e-01
3.861574085572737403e+00
1.393758594564280751e+00
-8.008159052527802357e-02
1.984855835945456282e-01
-6.428096095082734829e-01
-2.786569543734117582e-01
-1.379119988636778871e+00
2.497766284376816248e+00
2.333566022337759893e+00
1.089378047118822135e+00
4.078268424701456674e+00
1.429520479448625370e+00
1.424893414119021151e-01
-9.941928898443067597e-01
-1.123230644299206604e+00
-1.285244375294469332e+00
-2.857417201693981834e+00
1.484707371311116741e+00
7.453207553661529428e-01
8.310023703665370132e-02
2.409684614863237151e+00
3.331669212467653907e-01
-4.795276876600748084e-01
-2.398570018907638435e+00
-1.364144011053908701e+00
-2.057487758726971983e+00
-3.733772166022991890e+00
5.424101042690322450e-01
-7.116667022260327879e-01
-8.149672165370479560e-01
7.077807263357980272e-01
-1.777845553877589468e-01
-3.882009510497416160e-01
-2.388541649502426534e+00
5.827606224334869189e-02
-1.045753287216842686e+00
-2.498182098843700683e+00
1.138264543602120593e+00
-5.490761159473707131e-01
-4.443539438411878706e-01
-1.455456049379082641e-13
4.443539438413459663e-01
5.490761159474806252e-01
-1.138264543602298229e+00
2.498182098843763299e+00
1.045753287216584448e+00
-5.827606224330289519e-02
2.388541649502183617e+00
3.882009510497330673e-01
1.777845553878600882e-01
-7.077807263360277323e-01
8.149672165372456867e-01
7.116667022258844622e-01
-5.424101042689876140e-01
3.733772166022836458e+00
2.057487758727019056e+00
1.364144011054015726e+00
2.398570018907571377e+00
4.795276876602098115e-01
-3.331669212466058516e-01
-2.409684614863238483e+00
-8.310023703650348814e-02
-7.453207553660986528e-01
-1.484707371311142055e+00
2.857417201693971620e+00
1.285244375294306796e+00
1.123230644299355374e+00
9.941928898440192119e-01
-1.424893414117319179e-01
-1.429520479448739723e+00
-4.078268424701633421e+00
-1.089378047118785942e+00
-2.333566022338038337e+00
-2.497766284376648382e+00
1.379119988636555050e+00
2.786569543735530896e-01
6.428096095083345451e-01
-1.984855835945734670e-01
8.008159052548227685e-02
-1.393758594564199260e+00
-3.861574085572685888e+00
-4.043208411658749668e-01
-2.104420342344912598e+00
-1.849831103869681526e+00
9.629485043036271064e-01
4.427839084633449218e-01
9.491422914660653243e-01
-3.295286436623561799e-01
1.510014596730379743e+00
-2.768787370568948081e-02
-1.809016994374924803e+00
1.718782199781879516e+00
-2.954247443357613800e-01
-1.437637326204771471e-02
1.166060910007491236e+00
1.074915547625720169e+00
1.071592548954878543e+00
-5.754213641209560137e-01
2.475333220421435332e+00
8.493186332265040273e-01
-2.597974673898928444e-02
3.137296895706272792e+00
1.099671582345604914e+00
1.076631270114690286e+00
4.571473506229891126e-01
7.150750766461404506e-01
-2.701914890239517364e-01
-2.137745435589102794e+00
1.608205392294231872e+00
-3.541298370443196619e-02
8.533181571282909272e-02
2.659181968927354145e+00
1.152610661765121058e+00
8.030731562291923975e-01
-1.167654835561922066e+00
-3.573086833327227541e-01
-2.323655861285486957e+00
-4.047025804744338373e+00
-7.877938087700109282e-02
-1.527993963724311177e+00
-4.820575695964290364e-01
1.437489776370950878e+00
1.041406676394007969e+00
5.011505223555403621e-01
-2.016602031136110806e+00
-3.735580922079365651e-01
-2.990538546202347714e+00
-4.205134546680804775e+00
-5.206536536655744785e-01
-1.642478287750859689e+00
-1.088109166909173586e-01
9.872892414317469001e-01
1.890496026013768871e+00
1.113837775277392916e+00
-1.264572196638198642e+00
1.223497108899955776e+00
-1.675494218541557334e+00
-2.264101626000120326e+00
5.584417164766860564e-01
-2.908526317336297407e-01
9.510565162951829521e-01
9.149674492176488316e-01
2.813484635650573384e+00
1.524900725312516858e+00
-3.351255676308023679e-01
2.705128885635479818e+00
-1.115757762841298462e-01
-1.395848851891145492e-01
1.423730068263660442e+00
8.289992544052811052e-01
1.069116047344707887e+00
-2.201895801393148888e-01
2.201975529986806013e+00
2.079088798305085140e-01
-9.116155778811384502e-01
2.331683954627985056e+00
8.545030968950573236e-02
5.857896099022990022e-01
9.591420252857350004e-01
8.848920411124299168e-01
-1.120176778021050312e-01
-2.306171645256483327e+00
3.274226729979616834e-01
-2.240259744867928227e+00
-2.459272054214369785e+00
7.071067811864442110e-01
-4.414710309537199784e-01
5.548581942133163913e-01
1.786974560732736972e-01
1.038679927097948985e+00
-9.836643926703205754e-01
-3.411873455461556404e+00
-7.478247064740443095e-01
-3.550422204747357036e+00
-2.937975092973429625e+00
-2.045503358333241595e-01
-3.129014821501419075e-02
1.150285446827176816e+00
4.251264725644489095e-01
2.374678622847941956e+00
-3.505218724928284568e-01
-2.415450987343005451e+00
3.613136686082807358e-02
-2.691597401767533704e+00
-1.677329879463794970e+00
1.140556188215534339e-01
1.350608137702811185e+00
2.047681806922146297e+00
1.098423699258809005e+00
3.855013119697192181e+00
6.909830056247451280e-01
-6.676570163306065897e-01
1.303712087210852300e+00
-1.051272460106578377e+00
-2.026205939835584724e-01
2.573561160851078888e-01
2.074942455720055090e+00
1.609061638337371480e+00
4.596436089513020740e-01
3.537524595081217971e+00
2.741125257823142647e-01
-1.741645723804749468e-01
1.265868819244087451e+00
-2.515258049362684156e-01
1.089549609953470721e-01
-6.682006252092884679e-01
1.423235752590272130e+00
-4.582156990018875220e-01
-1.632419318924875906e+00
1.368681141784832134e+00
-1.493573116391072375e+00
-9.174091716296935983e-01
1.984971379526415669e-01
7.968998908034097273e-02
-4.964787383828961342e-02
-1.501431488968329120e+00
7.976411056379373310e-01
-2.267129010175800374e+00
-3.198466892719898258e+00
-5.863675166085438040e-01
-2.604317586856017552e+00
-1.190229989329498084e+00
-2.305077833333879500e-01
1.312480928710801464e+00
7.189647725955500279e-01
-7.819065441723109799e-01
1.641479043763685697e+00
-2.156836968806544075e+00
-2.737731729104169176e+00
-8.744351717517382383e-01
-1.925451383030919228e+00
-3.157173010971470184e-01
3.617737029769891866e-01
3.253343709896563407e+00
2.027579887846195028e+00
8.431969744774174824e-01
3.147771008195390241e+00
-8.823913909989782312e-01
-1.200651437008718236e+00
-3.848186554051004071e-01
-5.877852522924245093e-01
3.766474817049760837e-01
5.053153662177204408e-01
4.044875503915544179e+00
1.989957560262619163e+00
1.279075463996160789e+00
3.238852370443488837e+00
-3.886206000720016096e-01
-4.931932058224051119e-01
-6.517918435117451281e-01
-3.974369265949756480e-02
-2.671136806772248518e-01
-7.267692476780468480e-01
2.798616561974240913e+00
-1.337015393782159389e-02
-1.341522560635326211e-01
1.456873102367369555e+00
-1.001450002650191129e+00
-7.923001221020320450e-01
-1.409660803341450830e+00
1.754069198014580333e-01
-1.281444961103794355e+00
-2.046944083479040888e+00
1.024344421011452066e+00
-2.195392288984810314e+00
-1.722260399743275716e+00
-4.466947135289940363e-01
-1.162717862779311329e+00
-6.329267263268583132e-01
-1.108390734011236889e+00
1.515699099927440674e+00
-9.184012828534415807e-01
-1.654883395355732034e+00
6.268738162168080441e-01
-2.623667839995970752e+00
-1.866482992062141744e+00
-1.022292147351076652e+00
2.061395537074045547e-02
5.112421189379416919e-01
4.569757493253391312e-01
3.811144485601479559e+00
6.770758156771066183e-01
1.248620977356615924e-01
1.342716704560866781e+00
-1.636928477001934334e+00
-1.146287721181563857e+00
-9.672156577549502199e-01
1.340314363739658843e+00
1.187545934074670129e+00
1.496261777289774608e+00
