5.000000000000000000e+00
1.459641776073448138e+00
1.172667613674639675e+00
2.163986406308656019e+00
-1.981507556692567729e+00
-1.121757575016485209e+00
-3.399417182368683621e-01
-1.626652616545404051e+00
4.237317888915956843e-01
1.094238913741872654e+00
1.268684650100544431e+00
1.026877386759014632e+00
5.037287220032102830e-01
3.752740678648048833e-01
-2.276959126951017875e+00
-1.585167583058394669e+00
-1.109457812272847121e+00
-3.610854883450439701e+00
-3.411094332715083888e-01
-2.069902442284629052e-01
-2.324138938581957525e+00
1.386187269552699330e+00
-3.296749824483874436e-01
-1.825972896381789612e+00
1.188200600846208932e+00
-9.729960540017873472e-01
-8.356203463439186852e-01
1.167698924618603362e+00
-1.757841496514944701e-01
3.717458633328457607e-01
5.557422614608542588e-01
3.390200789353441380e-01
4.973969873863137714e-02
-2.630690425811282873e-01
1.564751398048710440e+00
4.783593937578577426e-01
1.183553822200895445e+00
3.732630280834658087e+00
7.000636488647200562e-01
1.638997004705856408e+00
2.425788572559418821e+00
-2.082817413168371434e+00
-3.295006122300194740e-01
-3.429675784664021343e-01
-2.960918664513435772e+00
5.019862112007991151e-01
6.493600882617371894e-01
2.784023616425645997e-02
2.147555708508421368e+00
9.227605475875830798e-01
-1.334464897900008440e-01
-1.124040309336213017e+00
-2.110476633791408041e+00
-2.669875590344732874e+00
-3.760953338196086015e+00
-1.332118356490304523e+00
-9.951591453910559881e-01
-1.228351843101574747e+00
2.623467184983544698e+00
7.157494147566570986e-01
-1.861647578578813356e-01
2.243390871136336173e+00
-1.798350574577269878e+00
-1.678759205916329877e+00
4.041680514572859595e-01
-2.306827641739645607e+00
5.219474771384979839e-02
1.762709746085466822e+00
5.973124896120560745e-01
2.298849163644557159e+00
2.144311594067747073e+00
1.456213938021335030e+00
9.578106122012568502e-01
5.919041017216497558e-01
1.054880030786773171e+00
-6.218859244554048038e-01
7.402486406980274269e-01
1.430260010970469065e+00
-1.261443062101533341e+00
1.288604057136187864e+00
5.368170389812449983e-01
-2.214887192646045833e+00
1.185949767490094953e+00
-5.089317835665245759e-01
-1.676569475368956841e+00
1.629128434503748890e+00
-6.686492337015691456e-01
-9.780087327428671484e-01
2.722116448552474033e-01
-2.077854792470976264e+00
-2.134512069615495111e+00
-2.043851193599431681e+00
-1.969101703859717611e+00
-1.365766649265224508e+00
-7.280678557526634176e-01
1.607405833345788349e+00
6.621482413081520857e-01
8.797214344169623779e-01
2.466612250382565819e+00
-1.365550680942179573e+00
-8.090169943749583314e-01
2.346854230038626365e-01
-3.212085290838694540e+00
9.312261745050243178e-02
1.549928305521623084e+00
-3.781484480410346460e-02
3.758059522470306391e+00
3.281172133935145396e+00
1.499449114777972047e+00
2.494629177531680675e+00
3.513629547866602421e-01
-8.477084163740420397e-01
-1.080683188431609931e+00
-1.011626114346341421e+00
-3.699697641504389178e-01
-5.866504707798713136e-01
1.763982322081298681e+00
1.320130294950221383e+00
-1.957089852147135822e-01
2.094677507102283620e+00
-9.731747696728040298e-01
-2.342622356472642942e+00
2.276419396914903803e-01
-3.164700749802996871e+00
-2.193967433086184471e+00
4.142135623731046934e-01
-2.328651302394525668e+00
-3.904212306933972920e-01
5.088098927155503270e-01
-1.528857075965035284e+00
-1.710278138010438154e-01
-2.705829498475706973e-01
-5.025257262759137422e-01
-8.588526798106710380e-02
2.570727012472472373e-01
1.081408791671270242e+00
-4.492402057459253806e-01
6.095706111896520563e-01
9.421632243173420074e-01
-1.736050138626955786e+00
1.126478514158890665e+00
1.078609713392129299e+00
-6.799975458763675151e-01
3.536489264165062263e+00
2.172472379410785859e+00
8.344925014986162015e-01
3.462599168003312133e+00
1.396832590272845120e-01
-9.315645840408728340e-01
6.212517347973889326e-02
-2.093096038215340293e+00
-1.298102517952818280e+00
-1.966693457173113169e-01
4.252371149193637789e-01
1.124678755609516578e+00
1.050276837569238619e+00
1.901269998281910123e+00
-5.636980830035729362e-01
-1.643010285149864469e+00
-7.745380506883459137e-01
-4.331899881396751972e+00
-2.824935553450185655e+00
-5.939356612865630547e-01
-2.961550709587503771e+00
8.351168651749786287e-01
1.915921656153723340e+00
-6.601139343507220758e-01
1.968855041029254460e+00
4.241545688848235018e-01
-1.754610671325220750e+00
-2.154990784533803438e-01
-1.306035096548737506e+00
-1.063246779907836448e+00
1.406218734729232089e-01
9.130693876727412617e-01
1.666359686815360064e+00
1.069370393559041732e+00
2.563627138363544500e+00
1.486539646804671655e+00
-1.817867542437126005e-01
2.334975778298720162e+00
-2.140474388591424859e-02
-5.251674200978065921e-01
2.587626145911937403e+00
-7.028282145956331606e-01
-5.911315125259072878e-02
1.814746157308850139e+00
-1.756470130091172477e+00
-2.864993025861026776e-01
4.520017834845490579e-01
-1.472349580396230539e+00
3.204318417069313973e-01
3.874653931121261330e-01
-1.261399892262108358e-01
-2.297907691865829216e-01
-8.637885650205564536e-01
-1.049943372982073075e+00
-3.069624592930370266e+00
-2.092845351884472738e+00
-1.259448885951185204e+00
-2.927050983124843242e+00
8.294903690622302816e-01
1.297201125527443155e+00
-4.598774830569354322e-01
3.105768180826603331e+00
7.193491428197622550e-01
-1.455533779781457593e+00
8.552377009154786824e-01
-2.125603819250546866e+00
-2.006669785419797680e+00
6.177198332671274272e-01
-1.275908246968721071e-01
1.704692835887537505e+00
3.022033563785916588e+00
2.872066452239545598e+00
2.483564308495483708e+00
1.252756930457559648e+00
1.243728502131704383e+00
-1.152621008337453290e+00
-1.485152875596868149e+00
4.734885795528135377e-01
-1.864670115272818229e+00
3.383775068378828133e-01
2.425917887698370468e+00
-7.671412429285224821e-01
1.716997993854000093e+00
1.339918913230587760e+00
-2.282352970404545989e+00
1.071532252488704984e-02
-1.353163311271310620e+00
-2.902146703191116561e+00
-5.693518441195506430e-01
-1.353846966054194301e+00
-1.235091932134794401e+00
-4.901309162143271392e-01
-6.108799877646150511e-01
-5.394546697031283866e-01
-1.337277328015196165e+00
2.581700719264461430e-01
-1.906850646668130089e-01
-1.018431850092770707e+00
2.045534699060154615e+00
-2.539930517718254344e-02
-5.862420015557773256e-01
2.145389913030893769e+00
-1.443510232048914155e+00
-7.071950664330162173e-01
1.647492628055189368e+00
-1.087126278155325032e+00
1.473019696861052275e+00
3.000000000000027534e+00
1.282547942252243001e+00
2.836297443583336353e+00
2.045124160526443191e+00
4.436428298491708055e-01
-3.091031280387390723e-01
-1.199593503732399036e+00
-1.020146397927593096e+00
-2.013805583182214143e+00
-8.555732399378845887e-02
1.340560181707798559e+00
-3.027903982665663962e-01
2.550888468454241664e+00
1.523459503492083478e+00
-1.795759581335136579e+00
4.852989487059693463e-01
-2.492684846984847269e+00
-4.317294958100855951e+00
-9.927740177767684360e-01
-2.811710686158796602e+00
-1.668517823492024155e+00
1.351761762806291900e+00
7.656201331534917554e-02
9.427903424216749206e-01
1.095881868026947759e+00
-9.896400510410008344e-02
-6.717551360718053699e-01
-1.340531065924805976e+00
-3.043603816815069751e-01
-1.210553188936502877e+00
-3.144108022657344792e-01
2.233292377639792381e+00
-1.832476397701854332e-02
1.704891409044465345e+00
3.047836792061106248e+00
-6.240113367188725446e-01
1.815534707874632225e+00
1.797116296427407889e+00
-1.100459129302537420e+00
1.999055586971129506e+00
1.023306696921241210e+00
-5.691845737625977897e-01
1.378515912761980156e+00
-2.221034007026478907e-01
-8.046044808876062771e-01
-3.445865136482686997e-01
-5.636056997788050360e-01
-1.795856127665689250e-01
-5.266226190751358560e-01
1.073895813293247237e+00
3.090169943750045167e-01
-1.238956418395027903e+00
6.955921077780337081e-01
-2.321888821373707223e+00
-3.366426167159879856e+00
-5.941486898222558821e-01
-3.511125313365361045e+00
-1.713566301029282091e+00
1.554073353570769367e+00
-7.473318714943444352e-01
1.706398736393128335e+00
2.446860471566357997e+00
-3.963991454986430796e-01
3.816104430498210576e-01
-7.186605859355178483e-01
-1.878053171004733235e+00
-1.261891687846930843e+00
-5.745579136431839817e-01
1.033595532261156080e+00
1.060989593953941101e+00
2.997294121058589500e+00
3.652160306290686886e+00
9.212091858028934599e-01
2.588561536358284787e+00
8.778737480485631073e-01
-2.284393675565253190e+00
7.811654362371610594e-01
-1.061961110604948688e+00
-1.752983793040081562e+00
2.167850542679605752e+00
9.189852739930159942e-02
3.743250492542581354e-01
2.118672725493778053e+00
-5.712184737610961349e-01
-5.524249264460413533e-01
-6.410736766562996625e-01
-1.663215602289752404e+00
-1.540790488143891190e+00
-1.598871175914803322e+00
-4.370180918111731261e-01
-1.496111895637635136e+00
-1.215764858141088478e+00
4.879232383336010725e-01
-2.264092901815037973e+00
-6.785001341319414347e-01
9.339525650598216044e-01
-2.038091052442590811e+00
1.152371502778690937e+00
1.582720976305307392e+00
-1.201258441163685298e+00
1.711130026965088646e+00
2.766872685142172106e-01
-1.576983474320649226e+00
6.210678448207076485e-01
-4.114275754924561213e-01
1.706608163135858725e-02
1.660015690361541063e+00
2.104262110179547562e+00
2.679838640857806542e+00
1.954470209340492648e+00
2.504329245075198607e+00
7.211522294967824820e-01
-1.479750185997215306e+00
2.622982378930863723e-01
-2.171133537588564533e+00
-2.153062381629392341e+00
1.602408102672854717e+00
-7.210525524965339939e-01
9.688370758791995385e-01
3.244206750086203073e+00
-6.260547851059081736e-01
2.732929304614768462e-01
-2.216226133717957847e-01
-3.586252400687338859e+00
-2.309732065380252664e+00
-2.414213562373055844e+00
-2.444415934688648484e+00
-8.119728815777843556e-01
5.954533965212482904e-02
1.087058210969178651e+00
1.760921707659205693e-01
8.789462931362233000e-01
6.620203348182146508e-01
-2.127068115427835693e+00
9.549848183879058872e-02
-4.850031191780322937e-01
-2.250403979184288250e+00
1.883494963428957281e+00
5.430962267518582021e-01
-1.671894927562925792e-01
3.279444804447443573e+00
5.384507452009336115e-01
5.003919802034979547e-01
2.359579240409592771e+00
7.442854730203440905e-02
8.893734279342040416e-01
1.501243286989155212e+00
6.676284863973818151e-01
7.035372324772193320e-01
1.041270189898255705e-01
4.270509831248888166e-01
-1.133810278174215203e+00
-1.080560619794782351e+00
6.978871832813753340e-01
-1.575560538141225431e+00
3.768235692830182448e-01
1.950837719902872136e+00
-1.462024335553384402e+00
8.140146570431782136e-01
5.354828477032119727e-02
-3.693499707418884448e+00
-1.184098852790466339e+00
-2.465018482056324345e+00
-3.524332464988607416e+00
-1.594495034132551448e-01
-3.542804550062972346e-01
4.640306145720362041e-01
1.906568350834589420e+00
1.356877526888543795e+00
8.346015705751118618e-01
-6.604175900354041229e-01
-4.267886110053200066e-01
-1.554787510846140197e+00
-2.351599248102586248e+00
9.539861832118891050e-01
3.851935705656367448e-03
8.923641108205876415e-01
4.560284573000336295e+00
1.449938220406415734e+00
2.014159614025462730e+00
3.187958305289741112e+00
-1.259264313576538674e+00
-8.888437744882915492e-02
2.503584861833180186e-01
-2.016914650156569788e+00
3.696613194822632176e-01
6.919175199159462997e-01
3.038995188749913368e-01
1.115452126492588070e+00
6.554713839145056564e-01
4.202139138549234598e-01
-1.142649444544128645e+00
-6.819284383008259454e-01
-6.113544471537313285e-01
-2.745756937161027533e+00
-1.258188983526890847e-01
-6.554162019456474253e-01
-2.721637823959533353e+00
7.132233896848748644e-01
-1.374364995009820456e+00
-2.484587498959925700e+00
9.806256347678893315e-01
-1.376977202056078653e+00
-6.673033319879724257e-01
1.892802392786127053e+00
-1.272235820293047270e-01
7.007804038443411487e-01
9.761018786791739732e-01
-4.175872942584927805e-01
-4.930369460138376292e-01
-7.847620423711796356e-01
2.324677575686087683e-01
-9.582994227957769562e-02
1.086519579378420142e+00
3.504047337913458904e+00
1.381193578018674373e+00
2.735842324469773157e+00
3.211688953757581011e+00
-1.220685471053192250e+00
4.091194231073195797e-01
-3.966644841735556537e-01
-3.446969167542300205e+00
2.098012748076434342e-01
-8.231210284488610363e-02
-6.032760326566480868e-01
2.591030042751589324e+00
1.247600180411451376e+00
4.864102683988651421e-01
4.169523182886266666e-01
-1.387588818017568393e+00
-2.246525588101150994e+00
-3.174072286050008795e+00
-2.005511550559637257e+00
-1.941532006785103182e+00
-1.873357950926433091e+00
1.459586543999624286e+00
-5.825512408708538592e-02
-1.890918923880960945e-01
2.305329818377610973e+00
-1.520352849692253372e+00
-9.465563184856192747e-01
8.657384613246935645e-01
-2.462936677250977979e+00
2.026421706192926830e-02
1.285738127535452691e+00
-6.308557850712285253e-01
1.717955320108703221e+00
1.528630382273009625e+00
5.765035517534545795e-01
1.295925863040099824e+00
1.000000000000000000e+00
1.295925863040162884e+00
5.765035517533537712e-01
1.528630382272798016e+00
1.717955320108909723e+00
-6.308557850713016890e-01
1.285738127535302366e+00
2.026421706237058196e-02
-2.462936677251023276e+00
8.657384613245544536e-01
-9.465563184850900313e-01
-1.520352849692581998e+00
2.305329818377439111e+00
-1.890918923877973334e-01
-5.825512408741478909e-02
1.459586543999711772e+00
-1.873357950926148430e+00
-1.941532006785212428e+00
-2.005511550559564871e+00
-3.174072286049788971e+00
-2.246525588101192739e+00
-1.387588818017766901e+00
4.169523182886258894e-01
4.864102683988806297e-01
1.247600180411284398e+00
2.591030042751783835e+00
-6.032760326564958753e-01
-8.231210284519224762e-02
2.098012748080859691e-01
-3.446969167542254020e+00
-3.966644841740595284e-01
4.091194231076207277e-01
-1.220685471053102988e+00
3.211688953757535270e+00
2.735842324469841547e+00
1.381193578018566681e+00
3.504047337913402504e+00
1.086519579378416811e+00
-9.582994227973301582e-02
2.324677575682735364e-01
-7.847620423711013649e-01
-4.930369460138249726e-01
-4.175872942585689973e-01
9.761018786793087543e-01
7.007804038444934713e-01
-1.272235820294227437e-01
1.892802392785999155e+00
-6.673033319877279546e-01
-1.376977202056278049e+00
9.806256347679024321e-01
-2.484587498959866192e+00
-1.374364995009829782e+00
7.132233896850151966e-01
-2.721637823959550229e+00
-6.554162019457261401e-01
-1.258188983525025950e-01
-2.745756937160848121e+00
-6.113544471538805425e-01
-6.819284383006264383e-01
-1.142649444543856641e+00
4.202139138549102482e-01
6.554713839144735710e-01
1.115452126492566975e+00
3.038995188750674981e-01
6.919175199158719147e-01
3.696613194826950943e-01
-2.016914650156595101e+00
2.503584861831114616e-01
-8.888437744810340213e-02
-1.259264313576891059e+00
3.187958305289356087e+00
2.014159614025987199e+00
1.449938220405898370e+00
4.560284573000275898e+00
8.923641108212976292e-01
3.851935705242559571e-03
9.539861832119825857e-01
-2.351599248102145268e+00
-1.554787510846494580e+00
-4.267886110054074367e-01
-6.604175900355102602e-01
8.346015705749295632e-01
1.356877526888587759e+00
1.906568350834725312e+00
4.640306145722499775e-01
-3.542804550065321578e-01
-1.594495034128562416e-01
-3.524332464988490177e+00
-2.465018482057001581e+00
-1.184098852790236966e+00
-3.693499707418983924e+00
5.354828476970424633e-02
8.140146570437248874e-01
-1.462024335553547161e+00
1.950837719902661416e+00
3.768235692835371076e-01
-1.575560538141442146e+00
6.978871832810807918e-01
-1.080560619794704191e+00
-1.133810278174471442e+00
4.270509831248349153e-01
1.041270189899382581e-01
7.035372324772263264e-01
6.676284863973487305e-01
1.501243286989399461e+00
8.893734279343917803e-01
7.442854730177572709e-02
2.359579240409422241e+00
5.003919802037469777e-01
5.384507452006769279e-01
3.279444804447478656e+00
-1.671894927560912958e-01
5.430962267515513364e-01
1.883494963429320546e+00
-2.250403979184078196e+00
-4.850031191783240603e-01
9.549848183903493493e-02
-2.127068115427797945e+00
6.620203348180537795e-01
8.789462931363765108e-01
1.760921707658025803e-01
1.087058210969096717e+00
5.954533965218788971e-02
-8.119728815775688613e-01
-2.444415934688614289e+00
-2.414213562373133559e+00
-2.309732065380034172e+00
-3.586252400687256703e+00
-2.216226133720164693e-01
2.732929304615370203e-01
-6.260547851061387670e-01
3.244206750086009894e+00
9.688370758797457682e-01
-7.210525524968763866e-01
1.602408102672869372e+00
-2.153062381628926936e+00
-2.171133537588845641e+00
2.622982378930136527e-01
-1.479750185997233736e+00
7.211522294965206914e-01
2.504329245075053390e+00
1.954470209340493980e+00
2.679838640857713727e+00
2.104262110179523582e+00
1.660015690361690943e+00
1.706608163144873735e-02
-4.114275754927082529e-01
6.210678448207157532e-01
-1.576983474320733158e+00
2.766872685136599341e-01
1.711130026965355544e+00
-1.201258441163680413e+00
1.582720976304937910e+00
1.152371502779125922e+00
-2.038091052442565942e+00
9.339525650595480455e-01
-6.785001341316783119e-01
-2.264092901815070391e+00
4.879232383333316769e-01
-1.215764858141007654e+00
-1.496111895637773026e+00
-4.370180918112262503e-01
-1.598871175914553966e+00
-1.540790488143869652e+00
-1.663215602289792150e+00
-6.410736766562254996e-01
-5.524249264459751840e-01
-5.712184737613659191e-01
2.118672725493908615e+00
3.743250492543882535e-01
9.189852739910087109e-02
2.167850542679717663e+00
-1.752983793040002958e+00
-1.061961110605012859e+00
7.811654362373089411e-01
-2.284393675565133730e+00
8.778737480483724820e-01
2.588561536358504167e+00
9.212091858030337921e-01
3.652160306290539005e+00
2.997294121058697414e+00
1.060989593953892474e+00
1.033595532260953798e+00
-5.745579136431795408e-01
-1.261891687846863785e+00
-1.878053171004586241e+00
-7.186605859355154058e-01
3.816104430500603106e-01
-3.963991454987637608e-01
2.446860471566010276e+00
1.706398736393524906e+00
-7.473318714945221819e-01
1.554073353570708527e+00
-1.713566301028452088e+00
-3.511125313365727862e+00
-5.941486898223550250e-01
-3.366426167159267901e+00
-2.321888821374353817e+00
6.955921077779508854e-01
-1.238956418394751902e+00
3.090169943746603476e-01
1.073895813293407997e+00
-5.266226190750313840e-01
-1.795856127665983459e-01
-5.636056997789273826e-01
-3.445865136481472413e-01
-8.046044808876322563e-01
-2.221034007031340574e-01
1.378515912762146911e+00
-5.691845737624546819e-01
1.023306696920798231e+00
1.999055586971624887e+00
-1.100459129302463257e+00
1.797116296426790605e+00
1.815534707875299691e+00
-6.240113367190588400e-01
3.047836792060459210e+00
1.704891409045010908e+00
-1.832476397736160223e-02
2.233292377639758186e+00
-3.144108022654037438e-01
-1.210553188936681401e+00
-3.043603816815236285e-01
-1.340531065924504661e+00
-6.717551360718913012e-01
-9.896400510432112885e-02
1.095881868027021033e+00
9.427903424218652129e-01
7.656201331523204701e-02
1.351761762806432454e+00
-1.668517823491730612e+00
-2.811710686159123895e+00
-9.927740177765715934e-01
-4.317294958100605484e+00
-2.492684846985271374e+00
4.852989487061893925e-01
-1.795759581334964938e+00
1.523459503491862765e+00
2.550888468454620472e+00
-3.027903982665390847e-01
1.340560181707546317e+00
-8.555732399347448780e-02
-2.013805583182149306e+00
-1.020146397927929272e+00
-1.199593503732399036e+00
-3.091031280386389302e-01
4.436428298492738342e-01
2.045124160526334833e+00
2.836297443583445155e+00
1.282547942252269646e+00
2.999999999999889422e+00
1.473019696861395778e+00
-1.087126278155652548e+00
1.647492628055034825e+00
-7.071950664326757119e-01
-1.443510232049287190e+00
2.145389913030806284e+00
-5.862420015554787867e-01
-2.539930517749462713e-02
2.045534699060283845e+00
-1.018431850092477831e+00
-1.906850646671006677e-01
2.581700719264493626e-01
-1.337277328015123556e+00
-5.394546697032991389e-01
-6.108799877647942411e-01
-4.901309162143830389e-01
-1.235091932134851467e+00
-1.353846966054248480e+00
-5.693518441193898827e-01
-2.902146703191083255e+00
-1.353163311271516012e+00
1.071532252516105288e-02
-2.282352970404588177e+00
1.339918913230176312e+00
1.716997993854156412e+00
-7.671412429286220691e-01
2.425917887698219921e+00
3.383775068381713602e-01
-1.864670115272839990e+00
4.734885795527307151e-01
-1.485152875596631006e+00
-1.152621008337385566e+00
1.243728502131609126e+00
1.252756930457610718e+00
2.483564308495419315e+00
2.872066452239560697e+00
3.022033563786034271e+00
1.704692835887700486e+00
-1.275908246970084425e-01
6.177198332673372594e-01
-2.006669785419586294e+00
-2.125603819250869719e+00
8.552377009155799348e-01
-1.455533779781229997e+00
7.193491428195890602e-01
3.105768180826817826e+00
-4.598774830567776695e-01
1.297201125527394083e+00
8.294903690624305659e-01
-2.927050983124837913e+00
-1.259448885951398367e+00
-2.092845351884379923e+00
-3.069624592930385365e+00
-1.049943372982129031e+00
-8.637885650205280319e-01
-2.297907691863462221e-01
-1.261399892263547207e-01
3.874653931122191697e-01
3.204318417070074476e-01
-1.472349580396267177e+00
4.520017834844560767e-01
-2.864993025859912112e-01
-1.756470130091437820e+00
1.814746157308562147e+00
-5.911315125204821830e-02
-7.028282145961755045e-01
2.587626145911948505e+00
-5.251674200972044071e-01
-2.140474388651859849e-02
2.334975778298853388e+00
-1.817867542433780903e-01
1.486539646804240000e+00
2.563627138363596902e+00
1.069370393558964683e+00
1.666359686815208629e+00
9.130693876727010716e-01
1.406218734730119435e-01
-1.063246779907775608e+00
-1.306035096548803454e+00
-2.154990784531466419e-01
-1.754610671325186555e+00
4.241545688842874862e-01
1.968855041029386577e+00
-6.601139343507593793e-01
1.915921656153096064e+00
8.351168651754585781e-01
-2.961550709587531749e+00
-5.939356612867668916e-01
-2.824935553449597680e+00
-4.331899881396909180e+00
-7.745380506885065630e-01
-1.643010285149684169e+00
-5.636980830040235757e-01
1.901269998281789331e+00
1.050276837569401600e+00
1.124678755609455960e+00
4.252371149193736044e-01
-1.966693457171024839e-01
-1.298102517952631541e+00
-2.093096038215616073e+00
6.212517347970442083e-02
-9.315645840405938349e-01
1.396832590266841034e-01
3.462599168003462236e+00
8.344925014990117740e-01
2.172472379410493204e+00
3.536489264165509017e+00
-6.799975458761067237e-01
1.078609713391682323e+00
1.126478514159201971e+00
-1.736050138627002859e+00
9.421632243169166809e-01
6.095706111898753221e-01
-4.492402057459086162e-01
1.081408791671327307e+00
2.570727012474621764e-01
-8.588526798097995130e-02
-5.025257262758616728e-01
-2.705829498475372796e-01
-1.710278138008819449e-01
-1.528857075965278867e+00
5.088098927155947360e-01
-3.904212306930955334e-01
-2.328651302394685096e+00
4.142135623731778571e-01
-2.193967433085817209e+00
-3.164700749803361912e+00
2.276419396915173587e-01
-2.342622356472410239e+00
-9.731747696733360486e-01
2.094677507102408853e+00
-1.957089852144006104e-01
1.320130294949913186e+00
1.763982322081554033e+00
-5.866504707796901252e-01
-3.699697641505214074e-01
-1.011626114346229066e+00
-1.080683188431383668e+00
-8.477084163741429590e-01
3.513629547865008140e-01
2.494629177531956898e+00
1.499449114778015124e+00
3.281172133934763036e+00
3.758059522470508007e+00
-3.781484480415830962e-02
1.549928305521335314e+00
9.312261745074296160e-02
-3.212085290838759377e+00
2.346854230035860800e-01
-8.090169943748111159e-01
-1.365550680942255735e+00
2.466612250382404170e+00
8.797214344172309408e-01
6.621482413081951623e-01
1.607405833345850965e+00
-7.280678557525532835e-01
-1.365766649265217403e+00
-1.969101703859779340e+00
-2.043851193599516058e+00
-2.134512069615490670e+00
-2.077854792471199197e+00
2.722116448550911949e-01
-9.780087327428047539e-01
-6.686492337016738396e-01
1.629128434503908318e+00
-1.676569475368981710e+00
-5.089317835667219736e-01
1.185949767490359186e+00
-2.214887192646076475e+00
5.368170389808549769e-01
1.288604057136422565e+00
-1.261443062101391011e+00
1.430260010970380913e+00
7.402486406982804468e-01
-6.218859244551162568e-01
1.054880030786635947e+00
5.919041017217744338e-01
9.578106122011476042e-01
1.456213938021063692e+00
2.144311594067632054e+00
2.298849163644645532e+00
5.973124896119357263e-01
1.762709746085406426e+00
5.219474771403909141e-02
-2.306827641739722878e+00
4.041680514572869587e-01
-1.678759205916012576e+00
-1.798350574577984418e+00
2.243390871136186959e+00
-1.861647578574101569e-01
7.157494147560693465e-01
2.623467184983919509e+00
-1.228351843101278096e+00
-9.951591453913724017e-01
-1.332118356489936817e+00
-3.760953338195835993e+00
-2.669875590345032190e+00
-2.110476633791287249e+00
-1.124040309336050925e+00
-1.334464897901074254e-01
9.227605475873249530e-01
2.147555708508631422e+00
2.784023616435077342e-02
6.493600882612484693e-01
5.019862112012343225e-01
-2.960918664513470411e+00
-3.429675784670010996e-01
-3.295006122296448847e-01
-2.082817413168616127e+00
2.425788572558919221e+00
1.638997004706526317e+00
7.000636488645168853e-01
3.732630280834464021e+00
1.183553822201456107e+00
4.783593937577553801e-01
1.564751398048739972e+00
-2.630690425809960598e-01
4.973969873857420065e-02
3.390200789352303956e-01
5.557422614606151168e-01
3.717458633329427942e-01
-1.757841496515430979e-01
1.167698924618622458e+00
-8.356203463436797652e-01
-9.729960540021007631e-01
1.188200600846355037e+00
-1.825972896381755639e+00
-3.296749824489765279e-01
1.386187269552960011e+00
-2.324138938581903790e+00
-2.069902442287574473e-01
-3.411094332709898036e-01
-3.610854883450139496e+00
-1.109457812273121569e+00
-1.585167583057956353e+00
-2.276959126950843793e+00
3.752740678644707062e-01
5.037287220032066193e-01
1.026877386758814570e+00
1.268684650100478928e+00
1.094238913741841568e+00
4.237317888918168407e-01
-1.626652616545462449e+00
-3.399417182370443324e-01
-1.121757575016054886e+00
-1.981507556692948757e+00
2.163986406308513910e+00
1.172667613674971188e+00
1.459641776073268726e+00
