5.000000000000000000e+00
7.753748269620146516e-01
5.895889530703450898e-01
7.698978452578859599e-01
-3.135404626670794115e-01
5.316205920050168787e-01
-5.975720028256673588e-01
-1.126414619834953168e+00
-3.149498000838391487e+00
1.215963773699606509e+00
5.759589660457609117e-01
-1.003851081065826989e+00
8.971362641678990446e-01
-1.995406347070582953e+00
-5.236429837130573972e-03
2.412293169271376714e-01
-7.348211495171146357e-01
-3.017995279124883634e+00
-1.795966253859879513e+00
5.438975053632120193e-01
-1.176059761553124527e+00
2.342591723789499980e+00
-5.280530409238592959e-02
1.863707206558676555e-01
3.366236380624963331e+00
2.386303888753622537e+00
1.515757815743545178e+00
-4.342630739837203269e-01
7.578931812604285945e-01
-1.215189664975670381e+00
1.007753018494909281e+00
5.265953284182788297e-01
-3.086020209981692020e+00
6.727868441564907043e-01
2.884191412317214098e-01
9.593734623754098800e-01
3.003652279985370988e-01
-5.806090343385656993e-01
-1.670997013870293202e+00
-1.253598629856144120e+00
1.130351312913109751e+00
-3.533014316788053666e+00
-1.815526821067913854e+00
-1.190432588930841584e+00
-1.207074003016815889e+00
1.948983060056650451e+00
8.546057522131563777e-01
6.239852585567399190e-01
2.288961980946588870e-01
3.529705312483752966e+00
1.402113032590310393e+00
1.875414620493933149e-01
1.102117833690377635e+00
-2.348234568957037194e+00
1.134249376316046609e+00
1.086295575127897539e+00
-2.861188231723343911e-01
-7.347763160363074419e-01
4.727986459960574761e-01
1.572712854974773755e+00
-6.324643952720565565e-02
1.807566002102208413e+00
-2.683198767368245363e+00
-2.102387595941908049e+00
2.531198402413408211e-01
-2.159631370135027595e+00
-1.603079277350950349e+00
-2.429632721284220587e+00
-8.306015921423249848e-01
-5.266260333727277310e-01
2.477045607451744402e+00
1.179551176505068355e+00
-1.228246050868479156e+00
2.709036053887152740e+00
5.800616534772466970e-01
1.371085840813354162e+00
6.563368193589536048e-01
-1.163733466316256848e+00
-6.949705977127689227e-01
9.013177868503100543e-01
2.480684512408891429e+00
-1.120721166274361469e+00
1.471550461238950724e+00
6.637085715156915144e-01
2.659225385134622588e-01
2.537093534725806787e+00
-1.359778903454315735e+00
-2.122307149515323843e+00
-2.220778606395818144e+00
-3.952015644711109887e-01
-2.075589990128958728e+00
-1.702027476608239720e+00
-7.301215186203171559e-01
-2.656293173541376174e+00
2.520439486992097855e+00
1.368924183342283829e+00
-9.061950365974419386e-02
3.632861402004908813e-01
2.591029025150580756e-01
9.510962928332160615e-01
1.180339887498846885e-01
1.202167446699237363e+00
-2.469378513070672465e+00
4.941334951086829852e-01
2.745874764118001021e+00
4.061316111405207652e-01
2.208814443056763555e+00
2.991213006932620377e-01
7.959432878615844142e-01
9.501125949646279656e-01
1.460920555184094471e+00
-1.682118165798317300e+00
-3.406887939349496186e+00
-1.552846289347681319e-01
-2.703119146374922011e+00
-2.615522233508270622e-01
-7.834008127498297558e-01
-2.314239740351313301e+00
1.524835062318735668e-01
1.329225010375962857e+00
1.542072026151539266e+00
-1.381351599660464613e+00
6.550852016401965683e-01
-1.083834700961088249e+00
-2.410683611381559954e-01
2.121320343559668586e+00
-1.887737070081161317e+00
-9.084716103151202482e-02
1.059446728411090444e+00
2.471875414810817961e+00
1.828256848689930658e+00
1.812801676401355033e+00
9.930421443730093056e-01
-9.495472476369954951e-01
2.933697640113519078e+00
-8.631113387461232245e-01
-2.204840834310118236e+00
-1.446815025810488597e+00
-2.326004411771417146e+00
-3.467758887996940098e-01
-3.920619718067642756e-01
-8.065333242310768203e-02
-2.513529821287581623e+00
1.047926533278832339e+00
1.438198689106646944e+00
-1.160280299708912333e+00
7.137359584545610591e-01
-2.416577139929371398e+00
-9.378923970949387678e-01
5.677671398200845321e-01
6.755705045849026424e-01
-7.598440838549769261e-01
-1.259940498395871744e-01
2.985929103407247265e+00
9.298276924680721756e-01
3.757425341009071662e+00
1.223764549923746170e+00
-9.969529625281524643e-01
1.473797125838953725e+00
3.387433235387639074e-01
-3.232738726944224261e-01
-2.346704807016775085e+00
-8.735440813493311474e-01
-2.028570385459966818e+00
2.949981512485579382e-01
1.664786188423072133e+00
-2.612118775278144955e+00
2.255323248816692994e-01
-8.682600483689528748e-02
1.685000872269332151e-02
-3.273842268833981883e-01
-1.435945707810510230e+00
-2.162251485668850837e+00
-1.880071232812572601e+00
2.315477327594592349e+00
-9.171597704572458376e-01
3.282838921558994816e-01
1.705221928808216436e+00
7.304901484618355756e-01
3.613224635590489342e+00
2.115445781429617700e+00
6.995087447729922969e-01
-1.210948297791537787e+00
1.309129238036017995e+00
1.924185728028154352e-01
-1.486178101849011446e+00
4.588763195124718752e-01
-2.884148801686174490e+00
2.991906223586798808e-01
1.564780832049671000e+00
6.660049674621691673e-02
-9.054860169209062448e-01
-9.613988841270328933e-01
1.726251872673282284e-01
-1.827360286866503980e+00
4.953042227633178696e-01
-2.931892875923373332e+00
-3.085841339272934469e+00
9.732048244270992132e-01
-1.717636382244948079e-01
1.118033988749895791e+00
4.721568926758269447e-01
1.448692162023878405e+00
1.120699153581080187e+00
3.160275104041961214e+00
2.235776281706702395e+00
-2.047309807130796244e+00
1.133486454440103541e+00
-5.120897739844889607e-01
1.492503668684149742e-01
7.083590775222843305e-01
-1.071899735637258599e+00
-6.843968955832958612e-01
4.824093888109183270e-01
2.724984799762745880e+00
-1.301412824846612581e+00
-2.476105551189939913e-01
-9.722323119058252638e-01
-2.552794000308179712e+00
6.156245838962137729e-01
-2.145213271793528609e+00
-2.638955879851271114e+00
-2.049487171258506990e+00
7.773078946409998080e-01
6.281596437466244742e-01
7.237961376437129779e-01
2.137193081775257131e+00
-1.134845918800654108e+00
2.847763041451585764e+00
2.287232837359103765e+00
-2.479352931603402144e-01
-1.657685874475862131e-01
-7.031115603814644954e-01
5.526091772540353553e-01
1.845520004670370140e-01
2.123772670769993098e+00
-1.333374403222826521e+00
-1.462322853196590389e-02
2.832218705711312179e+00
-2.426618261326444204e-01
7.738120101738047429e-01
-1.635830794941027788e+00
-2.147222925207388666e+00
-1.730378457279021287e+00
-3.617694766693108077e-01
-1.716093898481934943e+00
-3.618861580687243062e+00
6.964581994673231247e-01
-7.662964980577928742e-01
1.557590095488705639e+00
2.000000000000073275e+00
-7.711511254338720978e-01
6.379999481781354342e-01
1.268311754728537633e+00
1.830424322080511867e+00
-1.311367441103080012e+00
3.221112028710640396e-01
-5.416490312501287541e-01
-2.172562935419730668e-01
3.620940249774269315e+00
-7.692104938728694385e-02
4.620101206256780335e-01
1.005718902232596967e+00
1.513976915514537502e+00
5.550847553187500116e-01
-4.967403497409903501e-01
-1.273171153676649014e+00
-4.127692578013828495e+00
3.558589551170985299e-01
-1.255583838062277025e+00
-2.463176261746383933e+00
-5.866454222346800806e-01
-1.268603414762993209e+00
1.031002516998524854e+00
1.240015563812959520e+00
1.512271839856036415e+00
-1.791475441377693878e+00
2.326985617926753680e-01
1.659490076570804939e+00
-1.195825615401748365e+00
1.232637459122653878e+00
-1.218150698095279871e+00
-2.061325693022658667e-01
2.144579325455263863e+00
2.638475188144052908e+00
1.176736393994381125e+00
-3.485755286055913782e-02
2.387686725829015977e+00
-5.518330925632503048e-01
1.268308417827213486e+00
-5.252698021765975778e-01
-3.920914692165767157e+00
-1.131764564684210939e+00
-1.070390679167364301e+00
-4.385412232851957359e-01
-1.735432613476455721e+00
-1.451146289468945860e-01
-9.543493779771001773e-01
4.356375774045920801e-01
2.818535901305392777e+00
-2.118033988749880692e+00
-5.278311629890697354e-01
-4.464027253612852242e-01
-3.157700410688347170e-01
5.098411363028125809e-01
-1.607515534894066178e-02
-9.334385431542602252e-02
-3.652662822658563346e-01
4.326008985228369852e+00
1.633731393978143487e+00
1.019007242380832956e+00
1.855764435581023220e+00
-8.063866773419121614e-01
1.333586721543343900e+00
1.155262392810459948e-01
-1.302546803538504161e+00
-3.312283882089816611e+00
-7.191323601859664905e-01
7.231121469824230985e-02
-1.480135836075122224e+00
1.279657795670440246e+00
-2.137168884064695185e+00
-3.126433498170793079e-01
1.522911402741717879e+00
-1.798502536812185970e-01
-1.318908207042426284e+00
-2.008549115310245714e+00
-1.550192372958563158e-01
-1.459791958706247783e+00
1.824763159893865394e+00
7.820263677066979779e-02
-1.171422861046757191e+00
3.199691824155494135e+00
2.068870674566530177e+00
2.595389880596360666e+00
1.067999045917167544e+00
5.519591917209033527e-01
-6.333071175395692531e-01
6.297909897210935970e-01
1.082225074967498202e+00
-3.520508501711054450e+00
-4.193171428749454810e-01
-8.526112750280421260e-01
-2.428572249948992290e-01
1.349670930468636731e+00
-7.015423484221138262e-01
-1.083681798257480899e+00
-9.843062658649339713e-01
1.587426045767152072e+00
-2.015097456630471573e+00
-1.675570504585289555e+00
-1.170362562156787467e+00
-2.806374887447434574e+00
1.685445952928902980e+00
6.354466704669483601e-01
1.522859110624730228e-01
4.345792758973202607e-01
2.593456462499069914e+00
2.536067426793411794e+00
1.219536645165992583e+00
2.270256370953196878e+00
-2.225046623464549178e+00
4.752459385855303253e-01
1.289804807330305003e+00
-1.128356666451014290e+00
-5.833048803833176255e-01
-1.099348915960128625e+00
4.678837575491119338e-01
1.389082942764732209e-01
2.146276806933586023e+00
-1.350491468099283443e+00
-2.202554538291577213e+00
9.555873853182983435e-01
-2.008358755041432353e+00
-7.815176286352750745e-01
-2.121320343559562005e+00
-2.428186337578258858e+00
-1.015371215111796399e+00
1.359948912088980943e+00
1.650672476180040871e+00
-1.064306645561252651e+00
2.629853472959074789e+00
9.794669324175928615e-01
1.832576250263318052e+00
2.617749536903363428e+00
-1.184863995778628887e+00
-6.300783543862139569e-01
-1.725589545536587721e-03
1.556129466163725272e+00
-8.897043464659335488e-01
4.172738439621130890e-01
1.887707177786210333e-01
-7.734056823559808391e-01
3.342261695084849382e+00
-3.360364780528389828e-01
-1.414125999786980170e+00
-1.396692135196548445e+00
-1.225264682109172165e+00
-1.274888771471424320e+00
-1.804762869036279138e+00
-1.118033988749851382e+00
-3.726037833318911030e+00
1.202329093412579208e+00
1.638336697341990167e+00
-6.323460212979875594e-02
1.686958809244606616e+00
5.299599340015959115e-02
1.416482986018342993e+00
1.351307369431146377e+00
1.621453657272080351e+00
-1.768192384276244145e+00
-8.692781675785392625e-01
1.977025514767848824e+00
-5.395703534843175886e-01
2.206736246423730563e+00
1.956916996146385035e-01
-2.826514331953328685e-01
1.630694427932531276e+00
1.641315358079608711e+00
-3.385168604955512972e-02
-2.729866102521750548e+00
-5.125003347668841691e-01
-2.927072846662295724e+00
-8.713570037923555889e-01
-3.494086070744432670e-01
-3.607153818313127314e+00
-4.316280150025260109e-01
5.190972776626249230e-01
1.646092849513284939e+00
2.965045750208193942e-01
9.180579696480781760e-01
-2.540010579290523651e-01
-3.080354909513998152e-01
3.019629599134494580e+00
-1.516786031936058876e+00
-6.290935352526598745e-01
3.212827185523403073e-01
5.518255157989883086e-01
2.176002712385148641e+00
1.612979265528349915e+00
1.148854178654473479e+00
-8.444674779176235546e-01
2.891811455105282036e+00
5.421352210380223635e-01
-1.634585318009861066e+00
-6.070665077133525767e-01
-3.556301115936681079e+00
-1.053376811384617362e+00
-5.753157346246186021e-01
-8.871362632628582157e-01
-2.402113032590301511e+00
-2.390125185027976995e-01
1.655433541334092373e+00
-4.576354829529940549e-01
2.160554722882028766e+00
-1.448639391826503697e+00
-1.278777027399234489e+00
1.253528364203610357e+00
1.716724823992762383e-01
-2.386500085092734258e-01
-9.472620375677389681e-01
1.450007312046284635e+00
4.347670257236332381e-01
3.450705148978496339e+00
2.389762018903749397e+00
-1.084049893227864381e+00
2.102445491793483612e+00
4.995601693928798381e-01
3.270936403713557983e-01
-1.129121442617353477e+00
-1.920328831165856176e+00
-2.619591830277187228e+00
-1.147890275948435512e+00
1.444269530417603420e+00
-2.679073613374566953e+00
-1.502359112540485597e-01
1.097226496341668911e-02
-2.902141224581449297e-01
1.631964930780959833e+00
-6.420043086649670494e-01
-1.535051793353486183e+00
-1.965249930873122164e+00
1.448713648595320258e+00
-5.570881216345975329e-01
-3.537980036928899397e-01
1.385803004102201585e+00
-7.730532180671217946e-01
3.494760034053164155e+00
2.940801343776101362e+00
1.223199375558805091e+00
1.209319947408585977e-01
7.691456811333305943e-01
7.850187820894085622e-01
-1.145612868694528386e+00
5.579137290275387739e-01
-3.559081931589922920e+00
-1.474896795939895977e+00
1.194872108938154209e+00
-7.178855029501685081e-01
1.106414309304049048e-02
-1.000000000000000000e+00
1.106414309310632671e-02
-7.178855029501601814e-01
1.194872108937826027e+00
-1.474896795939389715e+00
-3.559081931590345693e+00
5.579137290275734129e-01
-1.145612868694261710e+00
7.850187820891383339e-01
7.691456811335271038e-01
1.209319947409159962e-01
1.223199375558894353e+00
2.940801343775774512e+00
3.494760034053465692e+00
-7.730532180671569886e-01
1.385803004101925584e+00
-3.537980036923422666e-01
-5.570881216349614640e-01
1.448713648595443271e+00
-1.965249930872876583e+00
-1.535051793353531036e+00
-6.420043086650590869e-01
1.631964930780955392e+00
-2.902141224579177226e-01
1.097226496304876120e-02
-1.502359112535881502e-01
-2.679073613374730822e+00
1.444269530417345182e+00
-1.147890275947910821e+00
-2.619591830277472777e+00
-1.920328831165872163e+00
-1.129121442617440962e+00
3.270936403715877239e-01
4.995601693927858022e-01
2.102445491793479171e+00
-1.084049893227780004e+00
2.389762018903656582e+00
3.450705148978565617e+00
4.347670257235844993e-01
1.450007312045951569e+00
-9.472620375676200632e-01
-2.386500085091353140e-01
1.716724823993009963e-01
1.253528364203656764e+00
-1.278777027399111699e+00
-1.448639391826637368e+00
2.160554722882183754e+00
-4.576354829528676005e-01
1.655433541333796832e+00
-2.390125185026618637e-01
-2.402113032590260211e+00
-8.871362632627564082e-01
-5.753157346245905135e-01
-1.053376811384684864e+00
-3.556301115936766788e+00
-6.070665077134076437e-01
-1.634585318009562194e+00
5.421352210377915481e-01
2.891811455105304685e+00
-8.444674779176266632e-01
1.148854178654345137e+00
1.612979265528420303e+00
2.176002712384916826e+00
5.518255157993170457e-01
3.212827185518737361e-01
-6.290935352519534396e-01
-1.516786031936728563e+00
3.019629599134325826e+00
-3.080354909505250705e-01
-2.540010579296980153e-01
9.180579696485549057e-01
2.965045750206093400e-01
1.646092849513348888e+00
5.190972776626361362e-01
-4.316280150021254425e-01
-3.607153818313178384e+00
-3.494086070748926853e-01
-8.713570037915838729e-01
-2.927072846662615024e+00
-5.125003347668692921e-01
-2.729866102521602667e+00
-3.385168604988764152e-02
1.641315358079656228e+00
1.630694427932577018e+00
-2.826514331951294756e-01
1.956916996140672937e-01
2.206736246424225723e+00
-5.395703534843099280e-01
1.977025514767255299e+00
-8.692781675777592199e-01
-1.768192384276888074e+00
1.621453657272238669e+00
1.351307369431153926e+00
1.416482986018392287e+00
5.299599340008986914e-02
1.686958809244714530e+00
-6.323460212951215187e-02
1.638336697341365111e+00
1.202329093413000649e+00
-3.726037833319006509e+00
-1.118033988749993046e+00
-1.804762869035971828e+00
-1.274888771471572202e+00
-1.225264682109031167e+00
-1.396692135196551998e+00
-1.414125999786679966e+00
-3.360364780533080520e-01
3.342261695084867590e+00
-7.734056823556856308e-01
1.887707177781973167e-01
4.172738439624610329e-01
-8.897043464660785439e-01
1.556129466163608033e+00
-1.725589545436556627e-03
-6.300783543861557812e-01
-1.184863995778796752e+00
2.617749536903068552e+00
1.832576250263657780e+00
9.794669324173652658e-01
2.629853472959227112e+00
-1.064306645561131415e+00
1.650672476179661619e+00
1.359948912089183448e+00
-1.015371215111776859e+00
-2.428186337578392973e+00
-2.121320343559689459e+00
-7.815176286349411194e-01
-2.008358755041429689e+00
9.555873853179983612e-01
-2.202554538291124686e+00
-1.350491468099891845e+00
2.146276806933855141e+00
1.389082942764728879e-01
4.678837575489293021e-01
-1.099348915960118411e+00
-5.833048803832475704e-01
-1.128356666450876400e+00
1.289804807329904435e+00
4.752459385858975871e-01
-2.225046623464776552e+00
2.270256370953058322e+00
1.219536645166396926e+00
2.536067426793031654e+00
2.593456462499240889e+00
4.345792758973153758e-01
1.522859110625687240e-01
6.354466704667379728e-01
1.685445952929011781e+00
-2.806374887447327549e+00
-1.170362562157292619e+00
-1.675570504584764864e+00
-2.015097456630821071e+00
1.587426045767129867e+00
-9.843062658647501184e-01
-1.083681798257575934e+00
-7.015423484222136352e-01
1.349670930468531482e+00
-2.428572249948749151e-01
-8.526112750284597919e-01
-4.193171428748364571e-01
-3.520508501710988281e+00
1.082225074967374745e+00
6.297909897213246344e-01
-6.333071175395750263e-01
5.519591917208479526e-01
1.067999045917065626e+00
2.595389880596542742e+00
2.068870674566304579e+00
3.199691824155423081e+00
-1.171422861046528485e+00
7.820263677040452388e-02
1.824763159894228659e+00
-1.459791958706385007e+00
-1.550192372959978693e-01
-2.008549115310178212e+00
-1.318908207042462699e+00
-1.798502536811861785e-01
1.522911402741545794e+00
-3.126433498168006420e-01
-2.137168884064922558e+00
1.279657795670535947e+00
-1.480135836074984557e+00
7.231121469787127332e-02
-7.191323601859291870e-01
-3.312283882089884113e+00
-1.302546803538364273e+00
1.155262392810678662e-01
1.333586721543524867e+00
-8.063866773419863243e-01
1.855764435580683491e+00
1.019007242381276157e+00
1.633731393977534641e+00
4.326008985228742887e+00
-3.652662822654488828e-01
-9.334385431573000158e-02
-1.607515534871406526e-02
5.098411363027544052e-01
-3.157700410684851633e-01
-4.464027253617156576e-01
-5.278311629884737677e-01
-2.118033988750084529e+00
2.818535901305035729e+00
4.356375774054292993e-01
-9.543493779776476282e-01
-1.451146289465891082e-01
-1.735432613476449948e+00
-4.385412232851827463e-01
-1.070390679167547932e+00
-1.131764564684033525e+00
-3.920914692165566429e+00
-5.252698021773252179e-01
1.268308417827826107e+00
-5.518330925636023565e-01
2.387686725828846335e+00
-3.485755286000880027e-02
1.176736393993954799e+00
2.638475188143967642e+00
2.144579325455286956e+00
-2.061325693018851712e-01
-1.218150698095546325e+00
1.232637459122852386e+00
-1.195825615401637787e+00
1.659490076570480310e+00
2.326985617932152972e-01
-1.791475441377804678e+00
1.512271839855842792e+00
1.240015563813080313e+00
1.031002516998607899e+00
-1.268603414762977000e+00
-5.866454222346997316e-01
-2.463176261746083728e+00
-1.255583838062918289e+00
3.558589551175552756e-01
-4.127692578013790303e+00
-1.273171153677136624e+00
-4.967403497406442936e-01
5.550847553185285221e-01
1.513976915514818833e+00
1.005718902232373591e+00
4.620101206259283888e-01
-7.692104938764732225e-02
3.620940249774204478e+00
-2.172562935415845997e-01
-5.416490312507805660e-01
3.221112028713926656e-01
-1.311367441103021392e+00
1.830424322080493216e+00
1.268311754728680851e+00
6.379999481780495030e-01
-7.711511254337994892e-01
1.999999999999773070e+00
1.557590095489226778e+00
-7.662964980582288588e-01
6.964581994673145759e-01
-3.618861580686817625e+00
-1.716093898482319302e+00
-3.617694766690934260e-01
-1.730378457279185600e+00
-2.147222925207257216e+00
-1.635830794941185218e+00
7.738120101740650902e-01
-2.426618261327987414e-01
2.832218705711090578e+00
-1.462322853149633506e-02
-1.333374403223169580e+00
2.123772670770000648e+00
1.845520004671037384e-01
5.526091772538379576e-01
-7.031115603813667958e-01
-1.657685874476678145e-01
-2.479352931601351839e-01
2.287232837358782245e+00
2.847763041451976562e+00
-1.134845918800740261e+00
2.137193081774979131e+00
7.237961376440663619e-01
6.281596437462904081e-01
7.773078946411706713e-01
-2.049487171258573603e+00
-2.638955879851142328e+00
-2.145213271793701804e+00
6.156245838962979278e-01
-2.552794000307890609e+00
-9.722323119063494001e-01
-2.476105551185948661e-01
-1.301412824846753136e+00
2.724984799762755205e+00
4.824093888110876360e-01
-6.843968955833754642e-01
-1.071899735637284801e+00
7.083590775222984304e-01
1.492503668685977725e-01
-5.120897739848284669e-01
1.133486454440222113e+00
-2.047309807130636372e+00
2.235776281706556290e+00
3.160275104042231220e+00
1.120699153581118823e+00
1.448692162023760943e+00
4.721568926758740181e-01
1.118033988749891128e+00
-1.717636382246827687e-01
9.732048244269856374e-01
-3.085841339272768824e+00
-2.931892875923428843e+00
4.953042227634126826e-01
-1.827360286866291705e+00
1.726251872671136223e-01
-9.613988841269549557e-01
-9.054860169208143184e-01
6.660049674608625736e-02
1.564780832049626813e+00
2.991906223588094438e-01
-2.884148801686451602e+00
4.588763195122993466e-01
-1.486178101848349087e+00
1.924185728020496033e-01
1.309129238036455867e+00
-1.210948297791544226e+00
6.995087447727361685e-01
2.115445781429403205e+00
3.613224635590739808e+00
7.304901484622029484e-01
1.705221928807683307e+00
3.282838921565628398e-01
-9.171597704577013621e-01
2.315477327594527956e+00
-1.880071232812089210e+00
-2.162251485669208328e+00
-1.435945707810404315e+00
-3.273842268834006863e-01
1.685000872286551710e-02
-8.682600483711244710e-02
2.255323248819720572e-01
-2.612118775278113425e+00
1.664786188422631152e+00
2.949981512490115754e-01
-2.028570385460298553e+00
-8.735440813493441370e-01
-2.346704807016604555e+00
-3.232738726945207919e-01
3.387433235386407837e-01
1.473797125839000133e+00
-9.969529625279247576e-01
1.223764549923111122e+00
3.757425341009274167e+00
9.298276924680379807e-01
2.985929103406931517e+00
-1.259940498391783903e-01
-7.598440838550722942e-01
6.755705045847817392e-01
5.677671398201046271e-01
-9.378923970946619892e-01
-2.416577139929756868e+00
7.137359584546625335e-01
-1.160280299708789320e+00
1.438198689105913530e+00
1.047926533279781580e+00
-2.513529821287932453e+00
-8.065333242312211492e-02
-3.920619718066787884e-01
-3.467758887997874906e-01
-2.326004411771435798e+00
-1.446815025810868072e+00
-2.204840834309536035e+00
-8.631113387466661235e-01
2.933697640113767324e+00
-9.495472476367087244e-01
9.930421443724637420e-01
1.812801676401672113e+00
1.828256848689705505e+00
2.471875414810793536e+00
1.059446728410825322e+00
-9.084716103118462005e-02
-1.887737070081199064e+00
2.121320343559388366e+00
-2.410683611375648017e-01
-1.083834700961654907e+00
6.550852016405560585e-01
-1.381351599660503027e+00
1.542072026151213304e+00
1.329225010376050564e+00
1.524835062318572465e-01
-2.314239740351138774e+00
-7.834008127501401741e-01
-2.615522233504227190e-01
-2.703119146375194237e+00
-1.552846289348672748e-01
-3.406887939349116046e+00
-1.682118165798783149e+00
1.460920555184230141e+00
9.501125949646882507e-01
7.959432878617714868e-01
2.991213006930307783e-01
2.208814443056939414e+00
4.061316111406116924e-01
2.745874764117637312e+00
4.941334951090986527e-01
-2.469378513070907388e+00
1.202167446699204056e+00
1.180339887501500318e-01
9.510962928331561095e-01
2.591029025150842768e-01
3.632861402004485263e-01
-9.061950365965210086e-02
1.368924183342176581e+00
2.520439486992287481e+00
-2.656293173541461883e+00
-7.301215186205799457e-01
-1.702027476607854917e+00
-2.075589990129061313e+00
-3.952015644712451592e-01
-2.220778606395780841e+00
-2.122307149515218150e+00
-1.359778903454449850e+00
2.537093534725854305e+00
2.659225385136071984e-01
6.637085715153343557e-01
1.471550461239139018e+00
-1.120721166274264879e+00
2.480684512408647180e+00
9.013177868503406964e-01
-6.949705977127197398e-01
-1.163733466316319465e+00
6.563368193590304323e-01
1.371085840813428991e+00
5.800616534771437793e-01
2.709036053887309947e+00
-1.228246050868355033e+00
1.179551176504981758e+00
2.477045607451774600e+00
-5.266260333726452414e-01
-8.306015921425067283e-01
-2.429632721284211705e+00
-1.603079277350981435e+00
-2.159631370134859729e+00
2.531198402410519965e-01
-2.102387595941424436e+00
-2.683198767368958126e+00
1.807566002102251268e+00
-6.324643952687081239e-02
1.572712854974449792e+00
4.727986459963092747e-01
-7.347763160364090274e-01
-2.861188231724274278e-01
1.086295575127484980e+00
1.134249376316586178e+00
-2.348234568957149548e+00
1.102117833690121174e+00
1.875414620500276963e-01
1.402113032589892949e+00
3.529705312483855550e+00
2.288961980948098773e-01
6.239852585565963672e-01
8.546057522129292261e-01
1.948983060056823202e+00
-1.207074003016647135e+00
-1.190432588931074287e+00
-1.815526821067431129e+00
-3.533014316788160691e+00
1.130351312912892592e+00
-1.253598629855651403e+00
-1.670997013870880288e+00
-5.806090343383061292e-01
3.003652279982034212e-01
9.593734623757577129e-01
2.884191412313552583e-01
6.727868441567903535e-01
-3.086020209981414464e+00
5.265953284173077176e-01
1.007753018495587627e+00
-1.215189664976163098e+00
7.578931812604863261e-01
-4.342630739835697806e-01
1.515757815743490999e+00
2.386303888753708691e+00
3.366236380624786140e+00
1.863707206564392538e-01
-5.280530409308314965e-02
2.342591723789773539e+00
-1.176059761553049920e+00
5.438975053629901968e-01
-1.795966253859246020e+00
-3.017995279125077701e+00
-7.348211495169221230e-01
2.412293169270280924e-01
-5.236429836858014220e-03
-1.995406347070853847e+00
8.971362641677258498e-01
-1.003851081065361139e+00
5.759589660452272275e-01
1.215963773700068140e+00
-3.149498000838332423e+00
-1.126414619835195863e+00
-5.975720028256836791e-01
5.316205920049552613e-01
-3.135404626671569051e-01
7.698978452575808706e-01
5.895889530706893700e-01
7.753748269617263267e-01
