5.000000000000000000e+00
9.651620540388391456e-01
8.498502135758151388e-01
4.898382065896084159e-01
1.199156329414532651e+00
1.883757417031616810e-01
6.319341454589884055e-01
6.577132735941311203e-01
-2.716670248175529601e+00
1.024436160185903111e+00
1.562221983660375901e+00
2.313104736827216179e+00
-2.133189020759884702e-01
1.964790122956300511e+00
6.130666241183510001e-01
6.135889761108647145e-01
2.471074665332440468e+00
-2.387455379357766305e-01
-1.614428879963941021e+00
-2.427452578574271325e+00
1.239295452079623772e+00
-1.618005978611840145e+00
-5.740318217158324465e-02
-5.644062415641507569e-01
-9.177013938996866349e-01
-1.411215696590905622e-01
1.804697975351750028e+00
1.882665344773849059e+00
-2.437069305189401458e+00
-6.829750258794953233e-03
-1.336546414233091173e+00
-5.733694062288547943e-01
-1.824709975672052842e+00
-8.392548185085644263e-01
-3.412343080922759508e+00
-2.748835602435927505e+00
1.097002819709673505e+00
-4.462077970498712354e-01
-3.091123779692001028e-01
-1.353355100152735080e+00
8.434544261730994030e-01
-1.560861088260705909e+00
1.128899261556710609e+00
-2.656671392799728193e-01
-2.953658960222330432e+00
-2.710917466848222546e+00
-1.164070611196573513e+00
-1.150266972582311142e-01
-2.601339663755402487e+00
3.469296070950849131e-01
-1.871864296132884409e+00
-5.917650346562719488e-02
1.195426474632567571e+00
2.380020289652977628e+00
-7.332181715158935242e-01
-1.317989745028226078e+00
1.098211339950686316e+00
-1.095666326520082778e+00
3.599421125483922568e-01
-1.085606725544010498e+00
-7.184113270135819018e-01
-2.700894924496595628e+00
1.757285606268604417e+00
1.982348906506669506e+00
2.620713943593265816e-01
1.091056246900505400e+00
1.090573926067017752e+00
2.009415908301228626e+00
7.852684026835039521e-01
3.248475017197191672e+00
-1.358206839043519132e+00
-9.754745276558591804e-01
2.399721315661269561e-01
1.456026810417836437e+00
7.664932297709675657e-02
7.970734111602106875e-02
1.670371124331326396e+00
-4.031858222340866105e-01
3.451068274253335844e+00
2.844512532503348012e+00
2.108035915065596289e+00
-8.729955692590678495e-01
1.816703760092782671e+00
1.132079203764539521e+00
-1.329194165045732845e-01
9.605483752949166565e-01
-1.267246947225428411e+00
-8.486564701523965359e-01
-3.901004640955232361e-01
3.548337782179296074e+00
-9.604689348530515147e-02
6.574477738382299430e-01
1.055594423233643164e+00
1.152645135569794643e+00
1.136219947786734741e+00
1.061281931126492273e+00
4.100040779933631363e-01
-3.690579902116624122e+00
-3.627132413618783247e-02
-5.075433330051428715e-01
-3.090169943749366821e-01
-1.956447676189417395e+00
-1.448465930750768571e-01
-8.858889860252388004e-01
-1.965473196233193387e-01
2.760897338641885579e+00
-4.244038057915672235e-01
-1.042683648187008538e+00
-1.762354012209081056e+00
9.296647855364659208e-01
-2.244514042450465485e+00
-1.060925462844480194e+00
-2.019283325690798492e+00
-3.378651295028151758e+00
-1.523327204831763204e+00
2.208909778487043729e-01
7.371173162379101029e-01
-2.673964330107540643e+00
7.182198122341526547e-01
-5.853499475161171306e-01
4.123527476839540240e-01
-6.155957919882110163e-02
-2.902430159155195977e-01
-3.023751321548260318e+00
-2.834688156151711436e+00
7.071067811865372477e-01
-1.846612206436281323e+00
-9.931174843731203072e-01
-1.732897982195412467e+00
3.391320804201248817e-01
-8.340640584047431805e-01
2.530768080329135472e+00
1.585143860425195950e+00
-1.289022746305525269e+00
-6.216177657693278125e-02
4.052355724435852125e-01
9.504248267075910972e-01
-1.753830819495899584e+00
5.745979516273385101e-01
-2.408044987446884111e+00
-5.667877138524085590e-01
1.487972809006910646e+00
2.091391140032631490e+00
2.046566325479532433e-01
2.384645228899667790e-01
3.069949543119242730e+00
6.904192819183623264e-01
2.823656436441871254e+00
8.317185156828065251e-01
3.496293798079319615e-02
-1.842547977039705964e+00
1.652135885632224133e+00
1.294816038300712790e+00
-8.512542846543853514e-01
8.682118589483874826e-01
2.946763199599864436e-01
1.961334432862050114e+00
1.736950161118675062e+00
4.293027253990694625e+00
-1.922809681063096798e-01
3.807597943649294603e-01
1.624347400987915080e+00
1.278077513426946865e+00
7.998409903046804770e-02
-7.863034234181909277e-01
4.533074990417318428e-02
-2.424293730562001592e+00
2.024777939763731993e+00
1.356056583263192117e+00
7.242775515292969590e-01
-7.648236491868158904e-01
1.814163230297794582e+00
1.486452724835608308e+00
2.876255342320279129e-01
1.684312442964883694e+00
-1.938447513416893919e+00
-1.705008264202573898e+00
-1.548549460646497344e+00
1.268716780283861256e+00
-2.438219496567620936e+00
-1.452176736986138916e+00
-5.978187337442403271e-01
-7.683716330377327042e-01
8.924392586323651733e-01
1.008639030446260021e+00
5.741996410766602166e-01
-3.158445223853700412e+00
6.738231781170852530e-01
-6.111265930079113895e-01
-1.127390288019339160e+00
-2.466087656937176131e+00
-2.005384030100125781e+00
-2.722407463321924403e+00
-1.861644969150175966e+00
1.689779104400800147e+00
-1.646988794835440473e+00
-9.453452213742148391e-01
-8.353157783463019959e-01
1.648149831019160683e+00
-7.368812138254496880e-01
4.270509831248618937e-01
-8.952285980689511646e-01
-3.329210357375134155e+00
-1.031216577525476019e+00
-4.313116005660974084e-01
-2.887503238301963870e-01
-3.272085482115766553e+00
3.877248757543493296e-01
-7.320035911348967694e-01
9.799353708044905575e-01
1.900900078154230233e+00
1.164371822189473882e+00
-7.659234723975635317e-01
-5.490405045372372950e-01
2.610769267610052680e+00
-9.524218149431664671e-01
-6.469023794973616237e-02
-1.445180521124118211e+00
-4.538159039450516685e-01
-9.445758583667502872e-01
2.358507318484532433e+00
1.760254707064811130e+00
-8.027092310797776520e-01
1.877334682376003316e+00
1.987049485269544391e+00
2.866383205378649990e+00
6.053784178823754525e-01
2.201593789084250741e+00
-1.524474005459947712e+00
-2.175016044833401607e-01
1.661712526059329287e+00
7.548293220580120089e-01
-5.519978796425192291e-01
-5.262330848657896798e-01
2.404572753954671960e+00
4.030773778420609910e-01
3.655310956980975412e+00
1.864397313842713899e+00
7.653597206692347443e-01
-2.268612980290145575e-01
2.358959622587632587e+00
1.415789187399148830e+00
-1.452009262316386273e+00
1.830328844326761795e-01
-1.775664779632373236e+00
-4.543777169613993916e-02
2.377429953320305822e-01
2.494094343639122524e+00
-1.311490224128361692e+00
1.982292305580884983e-02
1.999999999999968692e+00
1.090810885525356877e+00
9.097110278388100824e-01
-5.165247986804344382e-01
-4.793678645338608213e-01
-3.396728885775656792e+00
7.483758686403152449e-01
-7.554363775756126609e-01
-1.925127282187608646e+00
-2.397304451927980917e+00
-2.962122612717074666e-01
1.419891326155958144e-01
-2.591807231948600743e-01
2.039649576171815859e+00
-1.890227627589177839e+00
-9.877823701211765339e-01
-6.673870226047250442e-01
9.900047553826927249e-01
-2.767796405658063730e+00
-2.307022706975949244e+00
-1.893328568600682882e+00
-2.921445881621723029e+00
-1.764920499143410870e-01
-2.292519556388662449e-01
-2.786505106422603184e-01
-2.866383205378658428e+00
1.637319199463193709e+00
5.385449401931536872e-01
1.956980421842780538e-01
-3.844033106976314507e-01
-1.275332692813081703e+00
-2.067416265441117673e+00
-1.641976618794280363e+00
1.407416712680628290e+00
-2.692035663998835648e+00
-1.394079754512187908e+00
-9.090039454038612021e-01
1.333730775347488962e+00
3.966118844310063674e-01
2.020401149564428511e+00
1.107919834061166231e+00
-1.437106825529332887e+00
1.670540118308278865e+00
1.185372857631422416e+00
7.352628947208832422e-01
-2.315421619387679542e+00
4.218452559621153064e-01
-1.240591919654687292e+00
4.583443111758210287e-01
2.157935064974703110e+00
8.090169943750054049e-01
1.605841896773815280e-01
9.744030159005322433e-01
4.329329469427612764e+00
8.054791842842887739e-01
2.123784748794164123e+00
2.121440197351618373e-01
-6.521757827701601951e-02
-3.033142330044948376e-01
1.855945690869295950e+00
7.321157242192376513e-01
-2.109836566658714663e+00
1.293274005804929239e+00
9.543202227749134625e-01
2.547561392187440710e+00
1.410934369758406248e+00
2.821726698248122389e+00
-5.680487947902155277e-01
8.124184518036975389e-01
2.650502588559949135e+00
2.258555246847210873e-01
-8.776081351136978403e-01
-1.712960427319359269e+00
3.516441285796488847e-01
-1.717431468782618875e+00
1.938447513416937884e+00
2.289426847205481286e-01
-7.668716482011865843e-01
-1.606402157503063477e-01
2.175107182231546865e+00
1.665878426144232094e+00
-1.033597672971422909e+00
6.684666896164571659e-01
-2.511888927443171937e+00
-1.016642305859473350e+00
-9.108434822035047507e-01
7.296890402577005386e-02
-3.499065731043037975e+00
-2.012503624703675165e+00
4.288227074211987122e-01
-5.839541839042187155e-01
8.912487349288735761e-01
-3.358432360101331060e-01
-1.923188011179655099e-01
-2.501888104308509497e+00
1.538023564054182835e+00
-6.324375124609660226e-01
-2.530370127492367338e+00
-2.667329635710372848e+00
-1.982374179851202012e+00
-1.393520000460078068e+00
-1.501767895100868389e+00
1.190887477295976549e+00
-2.641806763154757043e+00
-5.352363775099941989e-01
6.668932195974635047e-01
1.964277522807620802e+00
-8.231196853642422928e-01
-5.842534443563349722e-01
-5.988155173450235846e-01
-2.567613237421369377e+00
4.922009273751321579e-01
-6.591866626552479458e-01
-1.143968110208445577e+00
-3.093055127247042790e+00
1.406349710755116167e+00
6.922722549028100802e-01
1.025735408069695209e+00
1.761872855968918961e+00
2.900536950231074051e-01
3.077719106185503595e-01
7.505212284698931091e-01
3.159306364415597201e+00
-1.718952525605468740e+00
-5.952997802368659164e-01
-7.071067811865585639e-01
3.927761694787059166e-01
3.116813115696341341e-01
1.716651398135692119e+00
1.151212888088815056e+00
-9.386448954701026581e-01
3.406171722868219565e+00
2.628796904159971248e+00
2.410676991871651964e+00
-1.070068379122078861e-01
1.590694305349925841e+00
-6.193030957076334220e-01
4.808523653238839235e-01
1.934694614662853418e+00
-8.549185972270368916e-01
-8.898869088235565883e-01
-4.050749387464591678e-02
3.269491707885441745e+00
4.242205953705960875e-01
2.627145851489121942e+00
9.759454240747267306e-01
3.517302240319865048e-01
1.067738659312205129e+00
2.167452586053969732e+00
4.896427190694259135e-01
-2.927050983124825478e+00
1.773050387861270227e-01
-1.336242273273429593e+00
3.089554899698342405e-01
-1.742297315061724916e-01
7.714179528878081227e-01
-1.676773619233299151e+00
3.919862244307639743e-01
2.901589594746832201e+00
4.151999298450992359e-02
-1.071474960541032306e-01
-1.495167673770104511e+00
-3.443256471813692654e-01
-2.570425161860062424e+00
5.539124278328281248e-01
-1.826061107594018296e+00
-3.308016619916859469e+00
-1.619190191444104254e+00
2.078195127869530978e-01
5.636754478168236604e-01
-1.206981138108139895e+00
1.144757880025864871e+00
-2.125255765167942457e+00
-7.606029173523676246e-02
2.428840033540264898e-01
-7.970734111598198890e-02
-3.499089055962232742e+00
-2.652932142484663913e+00
-6.842157786016118681e-01
-2.340353104025478359e+00
1.318856267418058170e-01
-1.195791162381474981e+00
-7.412215839175314569e-01
-1.685025444459207655e+00
2.739791802627273842e+00
8.940777639345957040e-01
-8.729552260254191953e-01
-3.542055056147258574e-01
-1.075138193471337766e+00
-5.363319301814112317e-01
-1.015560605704389996e+00
9.361683863131478045e-01
-3.385663808874720182e+00
-8.311962209071834806e-01
8.037117841852020605e-01
1.794785698986971711e+00
5.933521344258473329e-01
1.113993401428463592e+00
1.427126372287227607e+00
-5.171205206823511480e-01
3.107932273632568521e+00
9.157768598108432245e-01
-2.695263824438192124e-01
-2.156781799921969611e+00
1.154604266592622608e+00
1.067455236302329857e-01
4.168363728272974633e-01
1.838764872665637373e+00
-1.903627343830381347e-01
1.103689633535916093e+00
2.165365486042228227e+00
4.538128071906604610e+00
-6.019920999747041535e-02
1.230898067860188183e+00
6.047625024963866336e-01
4.023340329807013616e-01
6.556171789738961531e-01
8.014910100650340929e-01
-2.710825470672496573e-01
-2.438622717578995402e+00
2.419721039904313198e+00
1.382681146626165480e+00
1.830058116293833859e+00
5.332142777953403634e-01
1.819670709380953655e+00
1.411215696591122948e-01
1.244429301139793775e+00
2.536748075009617853e+00
-1.643562873202519370e+00
-1.520941507493405176e+00
-1.470911494620935400e+00
8.752591936564164676e-01
-1.705365405336497941e+00
7.025172084523831906e-01
-7.338889339824191671e-01
-1.198293968390055753e+00
1.152016705273361197e+00
1.939256767058320285e+00
7.194978995504811570e-01
-2.397976902240639419e+00
5.005253776555190770e-01
-2.005951424714661702e+00
-6.604662963284997357e-01
-1.230116766736971456e+00
-1.659223056451001543e+00
-3.630542399175046064e+00
-1.440781198616582826e+00
1.487731338369053802e+00
-1.251629409865209208e+00
1.454717545421521097e-01
-1.000000000000000000e+00
1.454717545423579450e-01
-1.251629409865362863e+00
1.487731338369092660e+00
-1.440781198616420067e+00
-3.630542399174932378e+00
-1.659223056451265332e+00
-1.230116766736789824e+00
-6.604662963284971822e-01
-2.005951424714839781e+00
5.005253776555416145e-01
-2.397976902240571473e+00
7.194978995503463759e-01
1.939256767058179953e+00
1.152016705273687158e+00
-1.198293968390161668e+00
-7.338889339824320457e-01
7.025172084524995419e-01
-1.705365405336388474e+00
8.752591936562508224e-01
-1.470911494620835924e+00
-1.520941507493263067e+00
-1.643562873202822017e+00
2.536748075009634285e+00
1.244429301139853505e+00
1.411215696590977231e-01
1.819670709380762919e+00
5.332142777955859447e-01
1.830058116293793891e+00
1.382681146626060009e+00
2.419721039904533910e+00
-2.438622717578904364e+00
-2.710825470670916726e-01
8.014910100649592639e-01
6.556171789742751832e-01
4.023340329803389848e-01
6.047625024966384322e-01
1.230898067860071166e+00
-6.019920999732664146e-02
4.538128071906450955e+00
2.165365486042146070e+00
1.103689633535918979e+00
-1.903627343833375063e-01
1.838764872665995309e+00
4.168363728274178670e-01
1.067455236304337141e-01
1.154604266592260897e+00
-2.156781799921965614e+00
-2.695263824440935485e-01
9.157768598107535185e-01
3.107932273632726616e+00
-5.171205206825418843e-01
1.427126372287346401e+00
1.113993401428256202e+00
5.933521344261921682e-01
1.794785698986821831e+00
8.037117841853467226e-01
-8.311962209072233376e-01
-3.385663808874709080e+00
9.361683863132225225e-01
-1.015560605704430408e+00
-5.363319301814138962e-01
-1.075138193471896653e+00
-3.542055056146831138e-01
-8.729552260256240315e-01
8.940777639342019079e-01
2.739791802627532746e+00
-1.685025444458661203e+00
-7.412215839176933274e-01
-1.195791162381553141e+00
1.318856267419704631e-01
-2.340353104025484576e+00
-6.842157786017692978e-01
-2.652932142484449418e+00
-3.499089055962451233e+00
-7.970734111616251116e-02
2.428840033540929921e-01
-7.606029173499484486e-02
-2.125255765168206690e+00
1.144757880025818020e+00
-1.206981138107674489e+00
5.636754478167390614e-01
2.078195127870359205e-01
-1.619190191443894200e+00
-3.308016619916999801e+00
-1.826061107594596944e+00
5.539124278330701534e-01
-2.570425161859886565e+00
-3.443256471814579722e-01
-1.495167673770029015e+00
-1.071474960540840238e-01
4.151999298425568252e-02
2.901589594746921463e+00
3.919862244311868582e-01
-1.676773619233274726e+00
7.714179528876299319e-01
-1.742297315059146978e-01
3.089554899698205848e-01
-1.336242273273722470e+00
1.773050387862428190e-01
-2.927050983124777073e+00
4.896427190693156128e-01
2.167452586053857377e+00
1.067738659312590377e+00
3.517302240318093687e-01
9.759454240746814335e-01
2.627145851489125938e+00
4.242205953706168486e-01
3.269491707885348930e+00
-4.050749387446950234e-02
-8.898869088233883895e-01
-8.549185972272081990e-01
1.934694614663015733e+00
4.808523653239271667e-01
-6.193030957077154675e-01
1.590694305349822368e+00
-1.070068379119021307e-01
2.410676991871484987e+00
2.628796904159807823e+00
3.406171722868408303e+00
-9.386448954701629432e-01
1.151212888088621211e+00
1.716651398135664586e+00
3.116813115698774395e-01
3.927761694786312541e-01
-7.071067811864754082e-01
-5.952997802366722935e-01
-1.718952525605637049e+00
3.159306364415453761e+00
7.505212284699188663e-01
3.077719106185495823e-01
2.900536950228356226e-01
1.761872855969127682e+00
1.025735408069625265e+00
6.922722549028462735e-01
1.406349710755172122e+00
-3.093055127246814084e+00
-1.143968110208559263e+00
-6.591866626552439490e-01
4.922009273754420766e-01
-2.567613237421554562e+00
-5.988155173451997770e-01
-5.842534443563729418e-01
-8.231196853641196132e-01
1.964277522807219123e+00
6.668932195976378097e-01
-5.352363775098977206e-01
-2.641806763154821436e+00
1.190887477296038277e+00
-1.501767895100642125e+00
-1.393520000460064967e+00
-1.982374179851480900e+00
-2.667329635710330660e+00
-2.530370127492560073e+00
-6.324375124610004395e-01
1.538023564054256331e+00
-2.501888104308492622e+00
-1.923188011181626855e-01
-3.358432360100872538e-01
8.912487349291371430e-01
-5.839541839045205851e-01
4.288227074214355228e-01
-2.012503624703772864e+00
-3.499065731042824812e+00
7.296890402559397248e-02
-9.108434822033679712e-01
-1.016642305859531081e+00
-2.511888927443434838e+00
6.684666896166316929e-01
-1.033597672971491077e+00
1.665878426144568936e+00
2.175107182231137859e+00
-1.606402157500777528e-01
-7.668716482014676927e-01
2.289426847208877458e-01
1.938447513417113965e+00
-1.717431468782590009e+00
3.516441285795480765e-01
-1.712960427319406120e+00
-8.776081351134945585e-01
2.258555246842895992e-01
2.650502588560144979e+00
8.124184518034043290e-01
-5.680487947900033641e-01
2.821726698247857712e+00
1.410934369758772622e+00
2.547561392187416285e+00
9.543202227747688005e-01
1.293274005805104654e+00
-2.109836566658557899e+00
7.321157242188168768e-01
1.855945690869534870e+00
-3.033142330043077650e-01
-6.521757827700791488e-02
2.121440197349389045e-01
2.123784748794259158e+00
8.054791842840332006e-01
4.329329469427577237e+00
9.744030159010895753e-01
1.605841896773302357e-01
8.090169943747286263e-01
2.157935064974777717e+00
4.583443111761286715e-01
-1.240591919654975506e+00
4.218452559622334341e-01
-2.315421619387547647e+00
7.352628947206432120e-01
1.185372857631205257e+00
1.670540118308581512e+00
-1.437106825529423926e+00
1.107919834060748787e+00
2.020401149564583942e+00
3.966118844311865010e-01
1.333730775347482966e+00
-9.090039454035925282e-01
-1.394079754512030034e+00
-2.692035663999262418e+00
1.407416712680515714e+00
-1.641976618793818066e+00
-2.067416265441138545e+00
-1.275332692813363034e+00
-3.844033106974699132e-01
1.956980421841522100e-01
5.385449401931186042e-01
1.637319199463269648e+00
-2.866383205378585153e+00
-2.786505106425098965e-01
-2.292519556389368551e-01
-1.764920499140664178e-01
-2.921445881621778096e+00
-1.893328568600510575e+00
-2.307022706975930593e+00
-2.767796405658222714e+00
9.900047553823320134e-01
-6.673870226045252041e-01
-9.877823701210747265e-01
-1.890227627589365245e+00
2.039649576171942869e+00
-2.591807231947306223e-01
1.419891326153133182e-01
-2.962122612718903203e-01
-2.397304451927659397e+00
-1.925127282187554467e+00
-7.554363775755448263e-01
7.483758686405066474e-01
-3.396728885775641693e+00
-4.793678645340285760e-01
-5.165247986804245572e-01
9.097110278389543003e-01
1.090810885524891027e+00
2.000000000000037303e+00
1.982292305599819837e-02
-1.311490224128285309e+00
2.494094343638932898e+00
2.377429953322648393e-01
-4.543777169609319877e-02
-1.775664779632498913e+00
1.830328844328605875e-01
-1.452009262316616089e+00
1.415789187399009164e+00
2.358959622587671667e+00
-2.268612980286480729e-01
7.653597206688438348e-01
1.864397313842603765e+00
3.655310956981098869e+00
4.030773778419979303e-01
2.404572753954558273e+00
-5.262330848655679683e-01
-5.519978796421611822e-01
7.548293220579116447e-01
1.661712526059329953e+00
-2.175016044834792162e-01
-1.524474005460088044e+00
2.201593789084198782e+00
6.053784178824591633e-01
2.866383205378503884e+00
1.987049485269460014e+00
1.877334682376383679e+00
-8.027092310799430752e-01
1.760254707064804247e+00
2.358507318484440951e+00
-9.445758583664773944e-01
-4.538159039452602794e-01
-1.445180521123965001e+00
-6.469023794972006414e-02
-9.524218149433668623e-01
2.610769267610114852e+00
-5.490405045373976112e-01
-7.659234723975079095e-01
1.164371822188779992e+00
1.900900078154573070e+00
9.799353708044628020e-01
-7.320035911346643998e-01
3.877248757542864910e-01
-3.272085482115620003e+00
-2.887503238303051889e-01
-4.313116005662916974e-01
-1.031216577525327693e+00
-3.329210357375383733e+00
-8.952285980687112454e-01
4.270509831247636945e-01
-7.368812138253784116e-01
1.648149831018888012e+00
-8.353157783462162866e-01
-9.453452213741312393e-01
-1.646988794835557934e+00
1.689779104400965348e+00
-1.861644969150116236e+00
-2.722407463321583787e+00
-2.005384030100474391e+00
-2.466087656937065997e+00
-1.127390288019651798e+00
-6.111265930078794151e-01
6.738231781173463775e-01
-3.158445223853657335e+00
5.741996410762724157e-01
1.008639030446210949e+00
8.924392586326876931e-01
-7.683716330377520221e-01
-5.978187337444947902e-01
-1.452176736985987926e+00
-2.438219496567918032e+00
1.268716780283765999e+00
-1.548549460646097220e+00
-1.705008264202533930e+00
-1.938447513417067114e+00
1.684312442964903234e+00
2.876255342321683006e-01
1.486452724835186645e+00
1.814163230297731078e+00
-7.648236491864838227e-01
7.242775515291928201e-01
1.356056583263187676e+00
2.024777939763996670e+00
-2.424293730561926097e+00
4.533074990405094873e-02
-7.863034234180641402e-01
7.998409903035680335e-02
1.278077513426513212e+00
1.624347400988010337e+00
3.807597943651741534e-01
-1.922809681064135967e-01
4.293027253990522318e+00
1.736950161118825608e+00
1.961334432862134491e+00
2.946763199598751992e-01
8.682118589485692262e-01
-8.512542846542405783e-01
1.294816038300475647e+00
1.652135885632522339e+00
-1.842547977039708407e+00
3.496293798049954216e-02
8.317185156827198167e-01
2.823656436442054662e+00
6.904192819182236596e-01
3.069949543119130819e+00
2.384645228903308212e-01
2.046566325480845272e-01
2.091391140032356599e+00
1.487972809007038544e+00
-5.667877138524649583e-01
-2.408044987446915197e+00
5.745979516273567178e-01
-1.753830819495731941e+00
9.504248267074397738e-01
4.052355724434744122e-01
-6.216177657643762178e-02
-1.289022746305789724e+00
1.585143860425001883e+00
2.530768080329053316e+00
-8.340640584045841965e-01
3.391320804200337324e-01
-1.732897982195198416e+00
-9.931174843730530277e-01
-1.846612206436405668e+00
7.071067811865148212e-01
-2.834688156151654148e+00
-3.023751321548387772e+00
-2.902430159154869571e-01
-6.155957919861498873e-02
4.123527476838301231e-01
-5.853499475162758925e-01
7.182198122342665636e-01
-2.673964330107545528e+00
7.371173162379149879e-01
2.208909778486181086e-01
-1.523327204831564252e+00
-3.378651295028208157e+00
-2.019283325690503617e+00
-1.060925462844384715e+00
-2.244514042450604041e+00
9.296647855361866997e-01
-1.762354012208929621e+00
-1.042683648187005652e+00
-4.244038057921001861e-01
2.760897338642121390e+00
-1.965473196231823372e-01
-8.858889860249908876e-01
-1.448465930752326214e-01
-1.956447676189055240e+00
-3.090169943752395509e-01
-5.075433330051410952e-01
-3.627132413613354256e-02
-3.690579902116807531e+00
4.100040779933404322e-01
1.061281931126546452e+00
1.136219947786738516e+00
1.152645135569148716e+00
1.055594423233774393e+00
6.574477738383081027e-01
-9.604689348517303493e-02
3.548337782179265432e+00
-3.901004640952757674e-01
-8.486564701522462117e-01
-1.267246947225578291e+00
9.605483752949367515e-01
-1.329194165048814269e-01
1.132079203764585484e+00
1.816703760092666320e+00
-8.729955692587569871e-01
2.108035915065553212e+00
2.844512532503341795e+00
3.451068274253469514e+00
-4.031858222342302733e-01
1.670371124331365253e+00
7.970734111592897575e-02
7.664932297748114354e-02
1.456026810417618611e+00
2.399721315666147325e-01
-9.754745276560544687e-01
-1.358206839043681224e+00
3.248475017197173020e+00
7.852684026834855224e-01
2.009415908301227294e+00
1.090573926066921828e+00
1.091056246901028093e+00
2.620713943590823325e-01
1.982348906506715913e+00
1.757285606268931266e+00
-2.700894924496475724e+00
-7.184113270139144136e-01
-1.085606725544009166e+00
3.599421125484966177e-01
-1.095666326520295941e+00
1.098211339950687204e+00
-1.317989745027810855e+00
-7.332181715161075752e-01
2.380020289652802656e+00
1.195426474632898639e+00
-5.917650346560232588e-02
-1.871864296133027628e+00
3.469296070952538891e-01
-2.601339663755450449e+00
-1.150266972585048952e-01
-1.164070611196317273e+00
-2.710917466847841517e+00
-2.953658960222616425e+00
-2.656671392803144904e-01
1.128899261557118727e+00
-1.560861088260789620e+00
8.434544261729822745e-01
-1.353355100152573876e+00
-3.091123779690649886e-01
-4.462077970501331925e-01
1.097002819709683941e+00
-2.748835602435750758e+00
-3.412343080923041505e+00
-8.392548185086075030e-01
-1.824709975671734874e+00
-5.733694062289259596e-01
-1.336546414233244828e+00
-6.829750258520173034e-03
-2.437069305189435653e+00
1.882665344773449156e+00
1.804697975351678529e+00
-1.411215696588670188e-01
-9.177013938998351827e-01
-5.644062415639417019e-01
-5.740318217135398360e-02
-1.618005978611938067e+00
1.239295452079402615e+00
-2.427452578574011977e+00
-1.614428879964100449e+00
-2.387455379361793084e-01
2.471074665332560372e+00
6.135889761109513119e-01
6.130666241180438014e-01
1.964790122956240781e+00
-2.133189020759654886e-01
2.313104736827093610e+00
1.562221983660442071e+00
1.024436160186134925e+00
-2.716670248175487856e+00
6.577132735942501363e-01
6.319341454591120844e-01
1.883757417030420822e-01
1.199156329414178268e+00
4.898382065896726978e-01
8.498502135759554710e-01
9.651620540387368941e-01
