5.000000000000000000e+00
1.658260005308052509e+00
9.748909187271158627e-01
2.278889614343885039e+00
-1.003694351270956631e+00
-1.158990246406450764e+00
-2.706788661508112703e-01
-2.875166643109491327e-01
6.222526640138104082e-01
3.885604706648063678e-01
2.322295124909476094e+00
1.867067390516892633e+00
-5.890565547404801316e-01
2.014398193885287291e+00
6.034271834532490830e-01
-1.839380610047792519e+00
1.486579855676204653e+00
3.507270370330675680e-01
-1.128641837703499906e+00
7.217630087153230622e-01
-5.412416917131547267e-01
-1.304544076914858408e+00
-1.777219445319145885e+00
-1.639338371487832458e+00
-3.784633755101067809e-01
-1.847858762962568457e+00
3.454345070814692775e-01
2.336960348602868720e+00
-9.133857220635845930e-01
7.168206134103243254e-01
9.403260561371826753e-01
-3.281089036581366081e+00
-2.270500933409536515e+00
-2.172484986791364925e+00
-3.453835011302266444e+00
-1.856197360098081006e+00
-9.595027155441369082e-01
6.452759796931885061e-01
3.354565453707116784e-01
-1.274375330120749439e-01
1.859048832619638159e+00
-1.176452651810363959e+00
-2.166068511305807132e+00
6.050162673571152228e-01
-2.271115128280176698e+00
-1.942882492393145144e+00
9.332594208079291187e-01
-9.233762299211396574e-01
-5.272284033589500485e-01
2.313759823781245950e-01
-3.090169943749514481e-01
-1.142720023257263184e-01
-8.426554702581072753e-01
1.316448691994704712e+00
1.651126506866404942e+00
-9.624544887660813064e-02
3.108797460062780793e+00
1.931144250865386436e+00
-1.188420629101112791e+00
1.195448335986770472e+00
-5.252176595173699836e-01
-2.246235725900839419e+00
1.752312307781610512e-01
4.137846341050682719e-01
1.375315211973543228e+00
2.206540550193853978e+00
2.911775099696966684e+00
3.777260049496503402e+00
8.024270667227694220e-01
1.070980883254079696e+00
1.680756987128618096e+00
-2.308245242514713969e+00
-4.337261952000672771e-01
1.279462833657082133e+00
-1.185804694982634411e+00
1.172288258377595538e+00
2.084215107089638863e+00
6.007027643199773781e-01
1.012899700848131523e+00
4.507532953035652268e-01
9.155196075687763724e-01
-4.467581540236797988e-02
-5.551263855890294918e-01
2.111663655525597427e+00
-2.110416845135079100e-01
-1.076236819321652494e+00
1.529496033099397856e+00
-1.958214546738788142e+00
-2.681487863469686150e+00
-3.795017616559114293e-01
-2.122703823170493997e+00
-1.210957990741230894e+00
4.672586819538367964e-01
8.592187480753563644e-01
1.298668004952509447e+00
-1.830240381994663879e-01
5.898616841590134108e-01
-7.254666495560435635e-01
-4.118075283247128127e+00
-1.613587044395834003e+00
-2.190983005625013913e+00
-4.058846720078968850e+00
8.125999467743161286e-02
1.368376003753598580e-01
-8.494148823393505854e-01
1.181733961650262454e+00
2.816327169195202984e-01
-4.074151408290522247e-01
-1.164607867375350381e+00
-1.234992691554101407e+00
-5.992405264189160086e-02
-2.113973132625238449e+00
-6.071992978187259471e-01
1.341212007441675569e+00
-2.072756277875681619e+00
-4.333686125207302231e-01
9.006009794322633599e-01
-2.120768972972496780e+00
-1.482138278544020693e-01
1.167119206809804854e+00
5.470022095698136022e-01
1.779511536871966948e+00
1.790579368143209837e+00
2.335770056171536435e+00
6.928216092821544159e-01
-1.000000000000015321e+00
8.423487241978260265e-01
-1.702479614259897245e+00
-2.145633046928494991e+00
1.966724804416831063e+00
4.382233216028948997e-01
1.146225050706431547e+00
4.250444806696252797e+00
2.318505608575892829e+00
1.831820158231402651e+00
1.639385117247046608e+00
4.755539498349538041e-01
6.586178120505659095e-02
-1.339434255510754124e+00
5.989937073711142368e-01
1.033769154812118396e+00
-1.022953218081204874e+00
2.238184520145101608e+00
1.727060146707315447e+00
-1.150272278142425275e+00
1.655016548050476599e+00
7.882782687623355322e-01
-7.926991758854871062e-01
1.222533526569718365e+00
9.215665412128674072e-01
8.090169943748931614e-01
1.203276068770056662e-01
-3.724508719069126172e-01
6.990588659016183648e-02
-3.002800238699569579e+00
-2.233626575686498583e+00
-7.707309874478840417e-02
-2.765223203725493573e+00
-1.586978382467900961e-01
2.340342045830093198e+00
-2.583278261258478148e-01
1.003658946484411452e+00
9.539473842546462024e-01
-1.465829529521484043e+00
-2.009368678850948609e+00
-2.940036803529637144e+00
-2.084716994347468155e+00
-2.487941977949511330e+00
-2.532255202810217209e+00
1.074583935551053138e+00
-4.319780904303129887e-01
-1.151248028447715566e+00
1.979251573839716727e+00
-9.572963812875798784e-01
-1.850845419565909866e+00
4.457457303722855979e-01
-1.292274242968826758e+00
-1.044837209893690666e+00
-1.445088256811728755e-01
-2.181340099533968235e-01
-1.015511429511493091e-01
-1.735678070257282712e+00
-2.844523818301438745e-01
-2.016374750268123961e-01
-2.485080951058782794e+00
1.203354400944666835e+00
1.814855104416637221e+00
-1.433757640823865032e-01
3.217070550067112400e+00
2.466179386779847160e+00
7.046132305466890067e-02
7.651741850288789060e-01
-5.711387818432869246e-01
-1.102166465532155470e+00
-1.385227578405374915e+00
-4.959238494527516972e-01
1.990803017216146387e+00
6.429446855127546323e-01
2.295375049263546519e+00
4.518067973233653056e+00
6.909830056250886310e-01
1.382674274724539742e+00
2.336621823600130377e+00
-1.216477099958651609e+00
-1.067959762516752509e-01
8.401039154102629691e-01
-3.112286810895537048e-02
7.403461943772885467e-01
5.661869362974790709e-01
1.499537392185612994e+00
3.776566801407688079e-01
-8.767399675256669633e-01
1.895469451901627522e+00
7.240637033483163232e-02
-6.752756396335517497e-01
3.009172887172120170e+00
6.807493143681485614e-01
-3.278294686776895284e-01
1.403315947120232776e+00
-1.217678095450311693e+00
-2.128745976849362176e+00
-1.995741160130426683e+00
-1.951289724385194546e+00
-9.708150820025079897e-01
-1.434706093266475690e+00
1.229824774212637140e+00
2.029410156788558961e+00
-7.960394203916759670e-01
1.446203704683333147e+00
3.121837271909815303e-01
-3.578384790733460274e+00
-1.440608094608528678e+00
-2.051247432888690270e+00
-3.422533594292394010e+00
-1.154126497002097018e+00
-7.444866255948142664e-01
-1.595979229170407243e-01
-4.435391693957595471e-01
-4.422427050662606218e-01
8.012851022417952773e-01
-1.918289496163277263e+00
-1.195489057367442820e+00
1.178240604872301311e+00
-1.954470049816814825e+00
-4.551807442494012479e-01
1.456640687979592341e+00
-1.689045026716760711e+00
-9.369586194127884626e-01
-4.765970900064836480e-01
-1.707096941200340057e+00
-1.000000000000008882e+00
-6.108993150841912634e-01
1.516199527914757761e+00
1.596400273856077634e+00
9.493171112428452352e-01
3.778835249831664633e+00
1.234506834458699798e+00
-1.041524872591445439e+00
1.371764312144666764e+00
-1.477279966483070250e+00
-2.300255507413534239e+00
7.407561078729621995e-01
1.918408952809158574e-01
1.125353438432132869e+00
2.395602388090200208e+00
2.645103617968509901e+00
2.744039992444736509e+00
5.518562076294397656e-01
1.551015958490114865e+00
1.419206428748086335e+00
-1.676271758143108581e+00
1.239711979079680226e+00
1.580783076021170519e+00
-1.117254953032892795e+00
1.668323609749752912e+00
1.229824774212665561e+00
-7.778921025191337657e-01
4.662206037822473892e-01
1.877881284031935882e-01
5.805676695158097367e-01
4.892880119006489670e-01
1.000621435719544206e+00
2.829552918833684760e+00
4.786097955928256265e-02
-6.286571344058766719e-02
1.282090394718658377e+00
-3.074768446553306944e+00
-2.580446151346317052e+00
-5.741231199782489414e-01
-2.802803798505462574e+00
-7.979138244443441108e-01
1.084894661017588691e+00
7.262836702045072368e-01
1.135412850816194030e+00
1.823343134773904861e-01
4.723044294065377180e-01
-1.348314959278012370e+00
-3.449933401393091792e+00
-8.035231824422980340e-01
-2.390462702858254129e+00
-3.309016994375078902e+00
7.449309956506808827e-01
-8.447699567786421948e-01
-1.590511615921793798e+00
7.492840341894873024e-01
-8.637233354562905419e-01
-1.171770396819265425e+00
-7.070998090931374103e-01
-4.110420479362592028e-01
3.505314538606622010e-01
-1.105109181530202100e+00
5.401155557998955636e-01
7.474779781872220585e-01
-2.796228285763202592e+00
-5.846377025036078035e-01
-5.237280915087012545e-01
-3.228695978867349492e+00
1.740529732097656490e-01
1.141784589883602985e+00
4.826214609124540034e-01
2.516482845798732715e+00
2.358174819692976598e+00
1.994569027107198522e+00
3.921984758911361002e-01
-6.354602522214056748e-01
4.457457303722164310e-01
-2.211931966604474109e+00
-1.278511913928979116e+00
2.113830945177598064e+00
-2.237197765588053722e-01
1.470134942159800229e+00
3.934398458907674367e+00
1.070008188568706053e+00
1.486447823972122606e+00
1.813449495099457076e+00
4.495534400336904657e-01
5.458316321562018958e-01
1.030630783065870082e-01
1.588030984601680018e+00
9.431299521156296661e-01
-6.402938373760068691e-01
2.058551136714191099e+00
3.482586902562448405e-02
-1.852278026500068675e+00
1.612614479962957592e+00
8.856798616601502250e-02
-3.644381007401263362e-01
2.603264779858875944e+00
1.620345746014606236e+00
1.216525232992995642e+00
8.090169943750655790e-01
-1.746310849033493318e-01
-7.702630913515537969e-01
-3.326058069154099073e+00
-1.850083869197637343e+00
-6.671780138015356298e-01
-2.839959856850281295e+00
8.141149694813949456e-01
2.044660812872890698e+00
-7.411623089654079122e-01
1.415735166062052741e+00
6.595227017401247283e-01
-1.973517855857885195e+00
-1.503030826622920646e+00
-2.079646361172158286e+00
-1.750205126316312532e+00
-2.066346331215310528e+00
-1.655884193345884547e+00
6.481814153173345305e-01
-1.713589472649954759e+00
-1.463889710987588577e+00
1.039196552527977602e+00
-2.280212418266108987e+00
-1.381264081618969186e+00
1.203435271236616755e+00
-1.000000000000005551e+00
3.600761853454836903e-02
8.987343703869332678e-01
-3.484984846451877338e-01
-7.967972927743216527e-01
-2.071031779180038335e+00
-1.051180324360051932e+00
-1.574450799567786774e+00
-2.496459421209301865e+00
1.644216007240761890e+00
1.293713879932980815e+00
3.267365290442698633e-01
3.994064529122486995e+00
1.862393274061488579e+00
-1.879093016454935761e-01
1.115646451943012707e+00
-8.203499603858219746e-01
-1.324704601282428396e+00
-8.024817972678826017e-01
6.817553533317899372e-02
1.549533447653865137e+00
3.921041006872845180e-01
2.370293901809540138e+00
3.221405000719838263e+00
-2.857097424960798326e-01
1.809016994374792908e+00
2.159549933187163262e+00
-9.779302772048165115e-01
1.507989651878245407e+00
1.831380667185683819e+00
1.847754478041535586e-01
1.085210823366235200e+00
4.641520916365158289e-01
3.071619480466872831e-01
-7.963152595728351102e-01
-9.471333185856327663e-01
1.546562069323796695e+00
-2.118952915893727584e-01
6.946379749417842531e-01
3.928988840019451256e+00
6.508456731321724531e-01
5.325733432947958867e-01
1.735973207288953768e+00
-1.981363357302492023e+00
-2.262975346572304147e+00
-1.702514381181064129e+00
-2.125555534342798758e+00
-1.126178151940230077e+00
-8.363329214647788890e-01
1.427401116341984189e+00
1.172288258377806036e+00
-8.247181479439957830e-01
1.600678366298092570e+00
-5.683055665376247623e-01
-3.235773494403652695e+00
-2.213560454617650164e-01
-1.788833640102311495e+00
-2.799836324656133524e+00
-1.971297524252575428e-01
-9.863913897497902372e-01
-1.183049693369503386e+00
-1.179885099033462836e+00
-1.155107973722955705e+00
-4.588523695689483706e-01
-2.185706731531859681e+00
-1.432516482675423863e-01
1.477239245102700771e+00
-1.381944336373463367e+00
1.018199073639572072e+00
1.419109881355049563e+00
-2.418440010728811096e+00
-9.872356310933817491e-01
-1.216910201273965209e+00
-2.835452088179538865e+00
-1.210469628441838807e+00
-3.090169943749639936e-01
1.327573608494176716e+00
1.465568214562559479e+00
1.609982663347595100e+00
3.571621558767509974e+00
3.793120694592455600e-01
-5.814275495723828513e-01
1.517961444582605957e+00
-1.972544804033192101e+00
-1.458243560926265836e+00
1.477082821369589460e+00
-1.879665273808380777e-01
9.695401457177493798e-01
2.214168587521310183e+00
1.595697595463014151e+00
1.533392883465248602e+00
4.443314781446437989e-01
1.801904815130405790e+00
1.331762457969398294e+00
-4.212745132249056113e-01
2.842439088727316321e+00
1.644348865299537055e+00
-7.788063507258152773e-01
2.015744815961596270e+00
-1.565203995690050975e-02
-1.847858762962628409e+00
2.783506152373167453e-01
-2.023026857029870396e-01
3.618584074692007269e-01
1.271764752731552095e+00
2.076792297036637702e+00
2.940062539885202941e+00
2.975951340102137577e-01
7.264174852695264306e-01
7.429648278678675499e-01
-3.566463102501207239e+00
-1.796065623467135941e+00
-6.384543277954649598e-01
-3.058649126620519354e+00
-5.899644046312724210e-02
1.146724620324580668e+00
-2.608226050345785474e-02
7.823493979208845372e-01
1.075499921279443605e-01
-5.722168456455113683e-02
-1.526789732409894018e+00
-2.245213334297565311e+00
4.543331290948438017e-02
-2.165254087314942844e+00
-2.114876972274942091e+00
1.000000000000000000e+00
-2.114876972274600586e+00
-2.165254087315332310e+00
4.543331290957941526e-02
-2.245213334297426311e+00
-1.526789732410152034e+00
-5.722168456441940887e-02
1.075499921278489923e-01
7.823493979209120708e-01
-2.608226050335182844e-02
1.146724620324335087e+00
-5.899644046281482535e-02
-3.058649126620538894e+00
-6.384543277957769325e-01
-1.796065623466729377e+00
-3.566463102501409299e+00
7.429648278676089790e-01
7.264174852698467300e-01
2.975951340099594056e-01
2.940062539885157644e+00
2.076792297036778479e+00
1.271764752731418646e+00
3.618584074693736441e-01
-2.023026857031144932e-01
2.783506152373478315e-01
-1.847858762962396373e+00
-1.565203995728342568e-02
2.015744815961775682e+00
-7.788063507256522966e-01
1.644348865299088525e+00
2.842439088727596097e+00
-4.212745132248664204e-01
1.331762457969292379e+00
1.801904815130460857e+00
4.443314781444696049e-01
1.533392883465305001e+00
1.595697595463070328e+00
2.214168587521045062e+00
9.695401457178257631e-01
-1.879665273809747461e-01
1.477082821369422039e+00
-1.458243560926151483e+00
-1.972544804033536936e+00
1.517961444582613284e+00
-5.814275495723721932e-01
3.793120694590503827e-01
3.571621558767743565e+00
1.609982663347525378e+00
1.465568214562340099e+00
1.327573608494425184e+00
-3.090169943750246118e-01
-1.210469628441895429e+00
-2.835452088179298613e+00
-1.216910201273991188e+00
-9.872356310932074441e-01
-2.418440010728777789e+00
1.419109881354920333e+00
1.018199073639985519e+00
-1.381944336373660098e+00
1.477239245102507148e+00
-1.432516482672133162e-01
-2.185706731532162106e+00
-4.588523695688236925e-01
-1.155107973722778958e+00
-1.179885099033856743e+00
-1.183049693369432331e+00
-9.863913897500113936e-01
-1.971297524252015876e-01
-2.799836324655880837e+00
-1.788833640102922562e+00
-2.213560454614624806e-01
-3.235773494403465289e+00
-5.683055665383655031e-01
1.600678366298513344e+00
-8.247181479437942775e-01
1.172288258377276682e+00
1.427401116342419840e+00
-8.363329214645862653e-01
-1.126178151940193883e+00
-2.125555534342573161e+00
-1.702514381181239322e+00
-2.262975346572042579e+00
-1.981363357302751815e+00
1.735973207288717735e+00
5.325733432952896029e-01
6.508456731315598320e-01
3.928988840019360218e+00
6.946379749423543526e-01
-2.118952915899980083e-01
1.546562069323931254e+00
-9.471333185853200165e-01
-7.963152595732529981e-01
3.071619480466725727e-01
4.641520916364266780e-01
1.085210823366314248e+00
1.847754478042552551e-01
1.831380667185355637e+00
1.507989651878490101e+00
-9.779302772048010794e-01
2.159549933186795556e+00
1.809016994375308052e+00
-2.857097424961574372e-01
3.221405000719636202e+00
2.370293901809993109e+00
3.921041006872302281e-01
1.549533447653882900e+00
6.817553533337394889e-02
-8.024817972679030298e-01
-1.324704601282361782e+00
-8.203499603860625600e-01
1.115646451943155038e+00
-1.879093016452995646e-01
1.862393274061117321e+00
3.994064529122553608e+00
3.267365290444748105e-01
1.293713879932572697e+00
1.644216007240958177e+00
-2.496459421209149543e+00
-1.574450799568134052e+00
-1.051180324359936247e+00
-2.071031779180146692e+00
-7.967972927743027789e-01
-3.484984846451950613e-01
8.987343703867169964e-01
3.600761853490608289e-02
-1.000000000000149214e+00
1.203435271236490411e+00
-1.381264081618352124e+00
-2.280212418266513108e+00
1.039196552527905215e+00
-1.463889710987229531e+00
-1.713589472650218992e+00
6.481814153175197157e-01
-1.655884193345789956e+00
-2.066346331215515697e+00
-1.750205126316200843e+00
-2.079646361172294178e+00
-1.503030826622917093e+00
-1.973517855857843228e+00
6.595227017397272684e-01
1.415735166062342731e+00
-7.411623089653797125e-01
2.044660812872426625e+00
8.141149694819329596e-01
-2.839959856850327924e+00
-6.671780138019171025e-01
-1.850083869197224118e+00
-3.326058069154355312e+00
-7.702630913514376676e-01
-1.746310849032401968e-01
8.090169943747480552e-01
1.216525232993325156e+00
1.620345746014427046e+00
2.603264779858862177e+00
-3.644381007397163863e-01
8.856798616566052829e-02
1.612614479963154990e+00
-1.852278026499864394e+00
3.482586902557197051e-02
2.058551136714380725e+00
-6.402938373759142765e-01
9.431299521154824506e-01
1.588030984601752404e+00
1.030630783064955258e-01
5.458316321561894613e-01
4.495534400338617731e-01
1.813449495099132447e+00
1.486447823972255833e+00
1.070008188568710494e+00
3.934398458907475415e+00
1.470134942159998959e+00
-2.237197765589317155e-01
2.113830945177566090e+00
-1.278511913928797483e+00
-2.211931966604679722e+00
4.457457303722490716e-01
-6.354602522213063098e-01
3.921984758910254110e-01
1.994569027107136128e+00
2.358174819692943736e+00
2.516482845798802437e+00
4.826214609124015453e-01
1.141784589883410028e+00
1.740529732097736426e-01
-3.228695978867289984e+00
-5.237280915087705324e-01
-5.846377025033806518e-01
-2.796228285763199928e+00
7.474779781867758599e-01
5.401155558003924995e-01
-1.105109181530476992e+00
3.505314538605902586e-01
-4.110420479360497037e-01
-7.070998090933586777e-01
-1.171770396819028504e+00
-8.637233354566389298e-01
7.492840341895830036e-01
-1.590511615921354371e+00
-8.447699567790962760e-01
7.449309956509194697e-01
-3.309016994374690324e+00
-2.390462702858740851e+00
-8.035231824419289959e-01
-3.449933401392952348e+00
-1.348314959278493541e+00
4.723044294068276527e-01
1.823343134772834606e-01
1.135412850816162278e+00
7.262836702046716608e-01
1.084894661017451023e+00
-7.979138244438610528e-01
-2.802803798505653088e+00
-5.741231199784748718e-01
-2.580446151345612282e+00
-3.074768446553974410e+00
1.282090394718354620e+00
-6.286571344020019936e-02
4.786097955866730480e-02
2.829552918833770914e+00
1.000621435719659225e+00
4.892880119003294448e-01
5.805676695159507350e-01
1.877881284030763487e-01
4.662206037822581584e-01
-7.778921025189655669e-01
1.229824774212328276e+00
1.668323609750059777e+00
-1.117254953032842391e+00
1.580783076020824129e+00
1.239711979080224236e+00
-1.676271758143206725e+00
1.419206428747697757e+00
1.551015958490572944e+00
5.518562076291864127e-01
2.744039992444788023e+00
2.645103617968686649e+00
2.395602388090053214e+00
1.125353438432344033e+00
1.918408952807750811e-01
7.407561078728941428e-01
-2.300255507413222489e+00
-1.477279966483544538e+00
1.371764312144752029e+00
-1.041524872591191198e+00
1.234506834458072522e+00
3.778835249831852039e+00
9.493171112430138781e-01
1.596400273855702157e+00
1.516199527914939393e+00
-6.108993150841306452e-01
-9.999999999999658051e-01
-1.707096941200118456e+00
-4.765970900067521554e-01
-9.369586194126509060e-01
-1.689045026716841313e+00
1.456640687979369631e+00
-4.551807442491781486e-01
-1.954470049817102373e+00
1.178240604872190733e+00
-1.195489057367162378e+00
-1.918289496163576358e+00
8.012851022417462055e-01
-4.422427050660968639e-01
-4.435391693959014336e-01
-1.595979229169462998e-01
-7.444866255948515699e-01
-1.154126497001976670e+00
-3.422533594292301196e+00
-2.051247432888755107e+00
-1.440608094608515355e+00
-3.578384790733368348e+00
3.121837271908267097e-01
1.446203704683480140e+00
-7.960394203917628975e-01
2.029410156788407971e+00
1.229824774212839200e+00
-1.434706093266629123e+00
-9.708150820025124306e-01
-1.951289724385131930e+00
-1.995741160130577008e+00
-2.128745976849226285e+00
-1.217678095450497322e+00
1.403315947120198359e+00
-3.278294686775405919e-01
6.807493143677481040e-01
3.009172887172069100e+00
-6.752756396334879119e-01
7.240637033460291250e-02
1.895469451901831137e+00
-8.767399675255984626e-01
3.776566801406240348e-01
1.499537392185887441e+00
5.661869362974701891e-01
7.403461943772839948e-01
-3.112286810889319799e-02
8.401039154101944684e-01
-1.067959762515066080e-01
-1.216477099958696684e+00
2.336621823600093073e+00
1.382674274724719377e+00
6.909830056249088859e-01
4.518067973233558021e+00
2.295375049263805423e+00
6.429446855124640869e-01
1.990803017216197457e+00
-4.959238494527812291e-01
-1.385227578405590076e+00
-1.102166465532060435e+00
-5.711387818433639740e-01
7.651741850288956703e-01
7.046132305467311951e-02
2.466179386779710825e+00
3.217070550067215429e+00
-1.433757640821452517e-01
1.814855104416053244e+00
1.203354400945357838e+00
-2.485080951058737053e+00
-2.016374750273396410e-01
-2.844523818296491036e-01
-1.735678070257588468e+00
-1.015511429511903874e-01
-2.181340099532016463e-01
-1.445088256814478500e-01
-1.044837209893374919e+00
-1.292274242969098097e+00
4.457457303721279462e-01
-1.850845419565438243e+00
-9.572963812882551160e-01
1.979251573839878819e+00
-1.151248028447406702e+00
-4.319780904308924696e-01
1.074583935551256975e+00
-2.532255202809922334e+00
-2.487941977949908789e+00
-2.084716994347454389e+00
-2.940036803529606502e+00
-2.009368678851030765e+00
-1.465829529521463837e+00
9.539473842542683935e-01
1.003658946484728975e+00
-2.583278261259353004e-01
2.340342045829831186e+00
-1.586978382462462811e-01
-2.765223203725642342e+00
-7.707309874498446955e-02
-2.233626575685985216e+00
-3.002800238699791624e+00
6.990588659006669037e-02
-3.724508719067115559e-01
1.203276068768953655e-01
8.090169943749822012e-01
9.215665412126269329e-01
1.222533526569941742e+00
-7.926991758853745296e-01
7.882782687619007689e-01
1.655016548050666225e+00
-1.150272278142370208e+00
1.727060146706805854e+00
2.238184520145446221e+00
-1.022953218081222637e+00
1.033769154811774449e+00
5.989937073713218485e-01
-1.339434255510896676e+00
6.586178120500874034e-02
4.755539498349480310e-01
1.639385117246907608e+00
1.831820158231625140e+00
2.318505608575725407e+00
4.250444806696254574e+00
1.146225050706869641e+00
4.382233216025900324e-01
1.966724804416852157e+00
-2.145633046928170362e+00
-1.702479614260108187e+00
8.423487241979549234e-01
-9.999999999999469313e-01
6.928216092819969862e-01
2.335770056171728282e+00
1.790579368143054628e+00
1.779511536871997368e+00
5.470022095700564080e-01
1.167119206809813070e+00
-1.482138278541175191e-01
-2.120768972972634892e+00
9.006009794320242179e-01
-4.333686125200544859e-01
-2.072756277876022679e+00
1.341212007441489495e+00
-6.071992978183652356e-01
-2.113973132625476481e+00
-5.992405264172961932e-02
-1.234992691553995492e+00
-1.164607867375739847e+00
-4.074151408290262455e-01
2.816327169195027569e-01
1.181733961650247799e+00
-8.494148823390927916e-01
1.368376003749727787e-01
8.125999467772548890e-02
-4.058846720078891579e+00
-2.190983005625302571e+00
-1.613587044395567993e+00
-4.118075283247124574e+00
-7.254666495563896200e-01
5.898616841594337412e-01
-1.830240381993341048e-01
1.298668004952547417e+00
8.592187480754660545e-01
4.672586819535957670e-01
-1.210957990740917367e+00
-2.122703823170602355e+00
-3.795017616559026585e-01
-2.681487863469452559e+00
-1.958214546739066808e+00
1.529496033099435603e+00
-1.076236819321368721e+00
-2.110416845139865549e-01
2.111663655525584105e+00
-5.551263855889652099e-01
-4.467581540258180883e-02
9.155196075689060464e-01
4.507532953035050527e-01
1.012899700848179485e+00
6.007027643200979483e-01
2.084215107089532726e+00
1.172288258377677472e+00
-1.185804694982567575e+00
1.279462833656767717e+00
-4.337261952001019716e-01
-2.308245242514757933e+00
1.680756987128575908e+00
1.070980883254271099e+00
8.024270667225998910e-01
3.777260049496579342e+00
2.911775099696975566e+00
2.206540550193936578e+00
1.375315211973540341e+00
4.137846341049010723e-01
1.752312307785077738e-01
-2.246235725900698643e+00
-5.252176595178237317e-01
1.195448335986979194e+00
-1.188420629100866766e+00
1.931144250864590628e+00
3.108797460063040141e+00
-9.624544887648467384e-02
1.651126506866038568e+00
1.316448691995230735e+00
-8.426554702582795819e-01
-1.142720023257135509e-01
-3.090169943749601633e-01
2.313759823781316727e-01
-5.272284033586727148e-01
-9.233762299214341995e-01
9.332594208078524023e-01
-1.942882492392360438e+00
-2.271115128280625228e+00
6.050162673571413130e-01
-2.166068511305473621e+00
-1.176452651810946826e+00
1.859048832619922376e+00
-1.274375330119139615e-01
3.354565453705786737e-01
6.452759796933582592e-01
-9.595027155441535616e-01
-1.856197360097924243e+00
-3.453835011302047953e+00
-2.172484986791889394e+00
-2.270500933409289601e+00
-3.281089036581516183e+00
9.403260561367005055e-01
7.168206134109290639e-01
-9.133857220639101104e-01
2.336960348602478366e+00
3.454345070816801089e-01
-1.847858762962759416e+00
-3.784633755100428321e-01
-1.639338371487629509e+00
-1.777219445319490276e+00
-1.304544076914517348e+00
-5.412416917132640837e-01
7.217630087153510399e-01
-1.128641837703286521e+00
3.507270370325040187e-01
1.486579855676512407e+00
-1.839380610047535614e+00
6.034271834528560641e-01
2.014398193885583943e+00
-5.890565547404321700e-01
1.867067390516492065e+00
2.322295124909865116e+00
3.885604706646579309e-01
6.222526640138001941e-01
-2.875166643108358899e-01
-2.706788661510706739e-01
-1.158990246406185420e+00
-1.003694351271094298e+00
2.278889614343523107e+00
9.748909187272943866e-01
1.658260005307727436e+00
