5.000000000000000000e+00
1.138731788829030034e+00
-2.116266152545069612e-01
1.860229698150918543e+00
-2.577883660381629083e-01
2.461577011120897329e-01
7.179700836090110450e-01
-2.046389770668023633e+00
-1.582349289324481934e+00
2.452309425197027326e-02
1.050185067534705086e+00
5.367876211722373281e-01
-1.460263605319503499e+00
2.767614363900270380e-01
5.501267290023363898e-01
-1.139575320121991808e+00
5.414381013066712489e-01
-2.149915304984424402e+00
-4.377538271288353044e+00
2.068641914392063130e-01
-4.915249263615688591e-01
-2.558492309686918542e+00
5.252263521491795650e-02
-5.467830348461835133e-01
1.870557496289415034e-01
2.940828140605456387e+00
1.393108661289819139e+00
8.001870860883625314e-02
1.488110864801313604e-01
1.086068234470077609e+00
1.769856882934938369e+00
-8.423927411031568724e-01
-6.175316516218445351e-01
6.589918653142631255e-01
-6.248787676464974128e-01
2.455761835024372175e+00
2.720485152089965997e+00
-1.396654189961566761e+00
1.470089505419309717e+00
2.835691834825049273e+00
-1.715930046262598152e-01
6.334607627528354712e-01
-9.140324289663606105e-01
-2.978093702890165950e+00
-7.308348567700782006e-01
-5.486542067792250510e-01
-1.635203898341430984e+00
-2.265540931045394668e+00
-1.589818084136032317e+00
1.161485769952306679e+00
2.600735106700988730e-01
-4.482076884613496182e-01
6.895291247967173520e-01
-1.975304472561207891e+00
-5.716774137956188717e-01
2.042977502672503665e+00
-2.397042963207092647e+00
-2.351254590380621678e+00
6.350206924991848023e-01
-6.590444506284316439e-01
1.231219756711654512e+00
2.254875950868119094e+00
-1.049817770810768103e-02
1.354289547497082191e+00
2.841078162897165971e+00
2.626586912924190553e+00
1.102499418724816493e+00
-9.973608597605232440e-01
4.809543741331530620e-01
3.446545930301757599e-01
-8.968382198503839220e-01
9.518701952582078185e-01
-1.416424830452653660e+00
-2.024082892865445515e+00
2.846975316662383459e+00
1.019005554262262692e+00
-1.225028608671686614e+00
7.882441077310008426e-01
-1.134807901361095439e+00
-1.128261026079567131e+00
4.963983089606743282e-01
-2.220907634328727731e+00
-3.248188351671519314e+00
-2.130674234810335133e+00
-6.241882966615081019e-01
3.232781538795261866e-01
-1.323588366569780295e+00
-1.358286295151429623e-01
1.229768896338727657e+00
1.657837345848471866e-01
2.735338569346896342e+00
1.510870090109553310e+00
-2.502961959997074715e+00
8.984339841121165016e-01
1.599404763849776367e+00
-1.058908413475968313e+00
8.412334422582807836e-01
2.780841342938095151e-02
-5.992287546590284730e-01
2.750650676035100606e+00
2.618033988749894014e+00
1.076001134002668946e+00
4.242672066054954394e-01
6.174219745238609391e-01
1.878827005365005132e+00
-2.839220544510903665e-01
-1.498063081366920013e+00
-9.355420818768457325e-01
-3.190163058932669049e+00
-8.498948836234156978e-01
1.335660920092699211e+00
-2.854793681231572400e+00
-1.478675461079811182e+00
1.324049316577549540e+00
-6.559629789962553303e-01
7.427372084066363733e-01
4.192208267629373153e-01
-2.624825806431608122e+00
-1.104662229196874845e+00
5.421589170117807610e-02
-5.672896856689229050e-01
-1.393243071015785484e+00
-1.849556155228783361e+00
8.332253354080754182e-01
1.456840597636438028e+00
1.121320343559631727e+00
2.915900069232898240e+00
3.688522338025311820e-01
3.411999411038253438e-01
4.224443986943238194e+00
8.067048371530611828e-01
-1.315915130548704459e+00
7.894389608820258086e-01
-1.115368854161951306e+00
-1.809625303797172957e-01
1.774627582249199476e+00
-8.039800008336798198e-01
-8.184462828354938102e-01
8.662270856732313673e-01
1.578847719073513289e+00
1.190939847411624619e+00
-1.285055510592486350e+00
-9.696753032434279884e-01
-7.823512416565856498e-01
-2.248676099283545504e+00
-2.084553615088324541e-01
-1.976153923341702034e+00
-4.555187862667797738e+00
2.026495328428578047e-01
8.033809070954953668e-01
-1.221231742082485194e+00
1.231842836266572760e+00
7.340434984365934445e-02
-4.320811780824583836e-01
2.488313917898415717e+00
1.006981893426843744e+00
-9.772201752255238461e-01
-9.696651105811014970e-01
-1.468442064155026650e-01
1.404536083840440153e+00
1.207594915133224089e-01
2.129369557356961540e-01
1.529662167409190143e+00
2.675755774928204045e-01
3.003485212021517192e+00
3.752630985500303940e+00
-1.160549798945735844e+00
2.424331944147180562e-01
1.689786983944862042e+00
-1.308170536760405511e+00
-1.284549788821488514e-01
-9.667849670534345297e-01
-3.447368668041478568e+00
-7.059908194876721721e-01
5.906043687346893556e-01
-2.920425190842375618e-01
-8.595753896893060242e-01
-1.102454594607206850e+00
7.931097531447284243e-01
2.297473395253711859e-01
-9.462437808326105149e-01
-2.863292344647329069e-01
-3.081924781008615444e+00
-2.110787892173419333e+00
1.692639787591285305e+00
-1.570683539585624011e+00
-1.819378646508386099e+00
1.473162739094902474e+00
2.076206269758851253e-01
1.978358429783393602e+00
3.481508313242688502e+00
2.125293285038339919e-01
3.803916559497589889e-01
1.749238853651172931e+00
1.427326065486772100e+00
5.130092166669866227e-01
-1.394890063774509414e+00
-3.162484924428782262e-01
4.868428060007506386e-01
1.766822290380698490e-02
2.236067977499807125e+00
1.773711069456510026e-01
-1.625045113516147222e+00
2.716373905349733775e+00
1.322342455476918310e+00
-1.675203171084994613e+00
-1.026978623227323695e-01
-2.348210082750563199e+00
-2.729406095304764079e+00
1.463077486566398688e-01
-1.714424258278678170e+00
-2.813437930551901278e+00
-1.369067775498592043e+00
5.537282916070418448e-02
1.418881244573570122e+00
5.408801842742101684e-02
-1.946363043064547327e-02
6.088608918934264036e-01
-8.345687049530305934e-01
1.479001448563644017e+00
1.069515653148283008e+00
-3.190221563874076960e+00
-1.722364701661221464e-01
1.710544928093467920e+00
-3.097373008060470001e-01
2.109574265050509823e+00
1.555303635521479322e+00
-1.905757323493286748e-01
2.950926468151899851e+00
3.017251067064519177e+00
7.952357046340570168e-01
-2.772799218517993936e-01
-8.604164865239433135e-01
3.380524455251121552e-01
-5.641955260568964903e-01
-1.422587462598203789e+00
-5.816385035624519473e-01
-2.488242931210268516e+00
-3.621422786547838779e-01
2.706449475199851573e+00
-1.344843789353883379e+00
-1.356716773323241032e+00
9.530098949728270652e-01
-1.536665222890392091e+00
-3.553588950097246180e-01
-3.174106098918511032e-02
-3.585699869428038866e+00
-2.218540352775414171e+00
-4.855609540490035680e-02
-5.269533269859016933e-03
2.220446049250313081e-16
-5.716528728666979697e-01
1.230912768878453134e+00
2.083942327927614357e+00
1.536063487197203647e+00
2.785412676709552393e+00
-1.136762130603166110e-01
-1.336571214806272501e+00
2.733208471245503368e+00
5.340626686037237558e-01
-1.548038178893316186e+00
9.815747543708329692e-01
-6.137607084158718251e-01
2.979556600060676574e-01
3.300357288777254983e+00
6.609916449258467219e-01
-4.762043640203193484e-01
6.721722126471283421e-01
7.188332366222014436e-01
4.641002706859094218e-01
-1.788032322555483722e+00
-2.256916836388636938e+00
-1.805011138070002463e+00
-2.565825091133664415e+00
1.285469431535435358e-01
-4.915402763006532227e-01
-3.498869416543600508e+00
5.999571480946377378e-01
1.736618810722676765e+00
-6.832996082902212942e-01
1.301131695689412560e+00
-3.619891828562656899e-01
-2.113854621249790178e+00
1.134790441499086366e+00
5.335585982694187601e-01
-1.355239562071100634e+00
-9.025540372358812347e-01
-5.050843247190373031e-02
1.979759829423788808e+00
1.790421168593820056e+00
1.472905275252097468e+00
2.127344923300225066e+00
2.721786986283732390e-01
2.156572024109389751e+00
3.367447875782721312e+00
-1.684847116348000107e+00
-1.272141781758131973e+00
6.502048027163856991e-01
-1.802020810385011718e+00
1.152588552479252293e-01
3.819660112501107596e-01
-2.594381023004857401e+00
-1.459695577109251241e-01
1.604219584795168352e+00
4.067198698566908410e-01
-4.308928466283103997e-01
-1.644360376837733284e+00
-8.108635852143859513e-01
-8.397360365558177442e-01
-1.692453043650021804e+00
-7.918207345347445525e-01
-3.096975755847411804e+00
-2.402595197517346737e+00
2.311623703732413215e+00
1.776865316104604964e-01
-6.765405549572938160e-01
2.221830024141807414e+00
3.352364030219271429e-01
1.354443500687598556e+00
3.319238010864605570e+00
-4.199516330464668767e-01
-1.112049563405544284e+00
5.801318425652870481e-01
6.727383033317944072e-01
8.404861126445415387e-01
-3.259914696656176503e-01
2.400695354788658920e-01
1.306025276688695502e+00
1.038885481777219510e+00
3.038218789249744312e+00
9.683582449750888221e-01
-2.222757982753753137e+00
1.217971782987410823e+00
4.812312667613371509e-01
-2.552889420938616816e+00
-7.175075091389123694e-01
-2.597470711109487684e+00
-3.217604762046712530e+00
8.048105665307532242e-01
-1.122619020273490920e-01
-1.613212441204592729e+00
-4.788445037514853508e-01
1.367558085232426501e-01
1.201967728492681964e+00
1.263864155723455895e-01
-8.574822209243148086e-01
-7.364272416492444462e-01
-2.090396684276079498e+00
4.431250406683265863e-01
1.453460014676042356e+00
-2.396802246667368408e+00
1.085705913752409990e-01
2.642594333625536862e+00
7.480598445237035543e-01
3.086292110463689120e+00
2.485331023270682227e+00
-7.540187145994641238e-01
1.713040503442559537e+00
2.194346514828815931e+00
-1.090906959172699975e-01
-8.718075139042477106e-01
-1.537257063326329387e+00
-2.657516867547972117e-01
2.045373976201871891e-01
-1.237347877749701563e-01
6.757909018331558215e-01
-1.430929461487644438e+00
-3.359536422989659599e-01
2.872903488698987928e+00
-1.030924226430106838e+00
-2.276297409033129160e+00
-3.043351869145213273e-01
-2.867814604318275951e+00
-1.462365864290726236e+00
2.568244140494621019e-01
-3.121320343559572663e+00
-2.003222057907097842e+00
8.114494578185993401e-01
1.026058658274604074e+00
1.321244957331428438e+00
3.337650912886844790e-01
6.809977224230641113e-01
1.261777958602348981e+00
6.721703757135421009e-01
1.843219825884114815e+00
-6.434597334941155600e-01
-2.415058989528354960e+00
1.991190801121843990e+00
1.329625601655331835e+00
-4.809273650293085511e-01
2.219539390914505805e+00
4.505082257729974837e-01
4.463754652601763517e-01
3.793246040069716329e+00
1.045064226478662484e+00
-1.243428348967834829e+00
-5.175267401256896660e-01
-8.052417828038981318e-01
-4.948978498227278866e-01
-1.636547846270533846e+00
-2.236067977499768489e+00
-1.537846035831227143e+00
-1.800116364514465328e+00
1.069021934076227920e+00
1.161815312108073428e+00
-2.595817979202067249e+00
9.945743549173538534e-02
1.260883330206477471e+00
-1.475585243153107573e+00
4.095810386387165325e-01
-9.917235415382732455e-01
-3.442420382884581631e+00
3.551785792581634293e-01
1.114948447876019877e+00
-4.137043124342008604e-01
3.607043133120246825e-01
7.850817212916670895e-01
2.353005761729182854e+00
2.650720398428371816e+00
1.772032085917682132e+00
1.579572934632150982e+00
-7.924120654371183958e-01
4.294418813570010096e-01
2.549978773184828018e+00
-1.663403430667734995e+00
-1.637039543012259957e+00
8.530413498458725430e-01
-1.143821822124696297e+00
1.086549259902315434e+00
2.157934494574694995e+00
-1.705425171528382133e+00
-3.937987877335165088e-01
1.296791065721353053e+00
-2.768576951337430869e-01
-1.062362251506223210e+00
-2.522669998297223160e+00
-2.339463097879119324e+00
-1.498652107584447890e+00
-1.434951134490404678e+00
3.818425075933273849e-03
-1.777600155503439527e+00
-1.815638813177129940e+00
2.874093732152662284e+00
1.362615162410570235e+00
-3.696873071386949094e-01
1.843364932546764923e+00
-6.676548582394462583e-01
-3.560326449505724633e-01
2.567218633178907083e+00
-6.560069009010042196e-01
-1.642039521920272138e+00
6.036424029799816182e-01
1.078626669920422110e+00
2.012811429247448824e+00
1.434242493942933461e+00
9.928299845266275181e-01
1.445888911235266860e+00
8.594409478422884163e-01
2.425263837547904977e+00
6.454323605445376755e-01
-3.305993955900196291e+00
-4.813968947750553729e-01
-1.098721931513586547e-01
-2.527630416264285529e+00
-6.085076483638940381e-02
-1.405772369498100582e+00
-2.735358909029364849e+00
1.585992402335553830e+00
1.174335045594585347e+00
-1.122647964292579070e+00
-6.352775115971883713e-01
-9.674824929212562097e-01
-2.875459121839459842e-01
-5.077050561354878866e-01
-1.482609435086549521e+00
-1.322794151855565037e+00
-2.222311114506808849e+00
5.285706350777820139e-01
2.796509861127366658e+00
-6.732803733502138455e-01
7.347962859398058377e-01
3.062009128498075050e+00
7.307283012111746023e-01
2.658807028899220271e+00
2.292494653130782378e+00
-1.973161506720231717e+00
2.528487629643183521e-02
1.462100295320492460e+00
-2.651646400938935111e-01
-2.260750936096884711e-01
-7.069990582822395231e-01
1.475823496878950203e-01
1.300108850285013551e+00
1.100168029378158163e+00
1.362690767315594353e+00
-1.296712150572227884e+00
-1.540685938075553985e+00
1.624480486865418571e+00
-1.521891220957483304e+00
-3.188152405704335557e+00
-1.000000000000000000e+00
-3.188152405704178349e+00
-1.521891220957673596e+00
1.624480486865446327e+00
-1.540685938075427641e+00
-1.296712150572373545e+00
1.362690767315605900e+00
1.100168029378179479e+00
1.300108850284955597e+00
1.475823496879201113e-01
-7.069990582822935909e-01
-2.260750936096643793e-01
-2.651646400939138282e-01
1.462100295320393428e+00
2.528487629658260349e-02
-1.973161506720278124e+00
2.292494653130643378e+00
2.658807028899416114e+00
7.307283012111088771e-01
3.062009128497978239e+00
7.347962859400282154e-01
-6.732803733502915611e-01
2.796509861127267627e+00
5.285706350779284524e-01
-2.222311114506884344e+00
-1.322794151855574141e+00
-1.482609435086488903e+00
-5.077050561355181957e-01
-2.875459121838951915e-01
-9.674824929213070579e-01
-6.352775115971748265e-01
-1.122647964292522005e+00
1.174335045594486537e+00
1.585992402335429041e+00
-2.735358909029362184e+00
-1.405772369497888530e+00
-6.085076483635998290e-02
-2.527630416264353030e+00
-1.098721931513542693e-01
-4.813968947749943106e-01
-3.305993955900028869e+00
6.454323605445544398e-01
2.425263837547832146e+00
8.594409478421999316e-01
1.445888911235289509e+00
9.928299845267328783e-01
1.434242493943096664e+00
2.012811429247417294e+00
1.078626669920467407e+00
6.036424029800222524e-01
-1.642039521920182654e+00
-6.560069009008336893e-01
2.567218633178810716e+00
-3.560326449507906776e-01
-6.676548582392708431e-01
1.843364932546720070e+00
-3.696873071386825860e-01
1.362615162410400593e+00
2.874093732152541936e+00
-1.815638813177152144e+00
-1.777600155503531010e+00
3.818425075847731165e-03
-1.434951134490376479e+00
-1.498652107584465210e+00
-2.339463097878966558e+00
-2.522669998297303096e+00
-1.062362251506254074e+00
-2.768576951338334036e-01
1.296791065721179859e+00
-3.937987877331691200e-01
-1.705425171528573092e+00
2.157934494574591966e+00
1.086549259902607645e+00
-1.143821822124674759e+00
8.530413498458567778e-01
-1.637039543011874709e+00
-1.663403430668086269e+00
2.549978773184622849e+00
4.294418813575113791e-01
-7.924120654372773798e-01
1.579572934631842340e+00
1.772032085917806921e+00
2.650720398428372704e+00
2.353005761729250356e+00
7.850817212916602061e-01
3.607043133120593215e-01
-4.137043124341215350e-01
1.114948447875825810e+00
3.551785792584678525e-01
-3.442420382884528340e+00
-9.917235415386321806e-01
4.095810386387384039e-01
-1.475585243153139103e+00
1.260883330206155506e+00
9.945743549186183974e-02
-2.595817979202118320e+00
1.161815312107817633e+00
1.069021934076421765e+00
-1.800116364514267930e+00
-1.537846035831398339e+00
-2.236067977499767157e+00
-1.636547846270595352e+00
-4.948978498226245248e-01
-8.052417828038537229e-01
-5.175267401257542810e-01
-1.243428348967733577e+00
1.045064226478450875e+00
3.793246040069782055e+00
4.463754652603028616e-01
4.505082257730615991e-01
2.219539390914440080e+00
-4.809273650291856494e-01
1.329625601655235023e+00
1.991190801122022735e+00
-2.415058989528169775e+00
-6.434597334944984759e-01
1.843219825884013563e+00
6.721703757136617829e-01
1.261777958602306349e+00
6.809977224231523740e-01
3.337650912887755728e-01
1.321244957331405345e+00
1.026058658274671576e+00
8.114494578185177387e-01
-2.003222057906874021e+00
-3.121320343559663701e+00
2.568244140494101435e-01
-1.462365864290644968e+00
-2.867814604318338567e+00
-3.043351869145113353e-01
-2.276297409033055885e+00
-1.030924226430319113e+00
2.872903488699029673e+00
-3.359536422985824888e-01
-1.430929461487826959e+00
6.757909018331230699e-01
-1.237347877748546932e-01
2.045373976200787203e-01
-2.657516867549002404e-01
-1.537257063326335160e+00
-8.718075139042306132e-01
-1.090906959172250890e-01
2.194346514828610317e+00
1.713040503442658569e+00
-7.540187145994914353e-01
2.485331023270602735e+00
3.086292110463903171e+00
7.480598445237048866e-01
2.642594333625488456e+00
1.085705913754618779e-01
-2.396802246667438574e+00
1.453460014675756584e+00
4.431250406685689480e-01
-2.090396684276194073e+00
-7.364272416494018758e-01
-8.574822209241622639e-01
1.263864155723703198e-01
1.201967728492738363e+00
1.367558085231407317e-01
-4.788445037515415281e-01
-1.613212441204448844e+00
-1.122619020273067925e-01
8.048105665307109247e-01
-3.217604762046826661e+00
-2.597470711109509889e+00
-7.175075091388792847e-01
-2.552889420938608822e+00
4.812312667615903927e-01
1.217971782987320895e+00
-2.222757982753848616e+00
9.683582449750742782e-01
3.038218789249939267e+00
1.038885481777325870e+00
1.306025276688529413e+00
2.400695354787053537e-01
-3.259914696656876498e-01
8.404861126445601904e-01
6.727383033317620997e-01
5.801318425651105226e-01
-1.112049563405542507e+00
-4.199516330463588520e-01
3.319238010864784094e+00
1.354443500687588564e+00
3.352364030219262547e-01
2.221830024141768778e+00
-6.765405549574776689e-01
1.776865316105870063e-01
2.311623703732434087e+00
-2.402595197516981695e+00
-3.096975755847759082e+00
-7.918207345348837745e-01
-1.692453043649790434e+00
-8.397360365558805828e-01
-8.108635852143321054e-01
-1.644360376837827209e+00
-4.308928466283618031e-01
4.067198698567121573e-01
1.604219584795084197e+00
-1.459695577105420972e-01
-2.594381023004976861e+00
3.819660112498688420e-01
1.152588552481710327e-01
-1.802020810385157379e+00
6.502048027161634325e-01
-1.272141781757863743e+00
-1.684847116348461071e+00
3.367447875782556554e+00
2.156572024109777885e+00
2.721786986282476728e-01
2.127344923300016788e+00
1.472905275252219148e+00
1.790421168593731460e+00
1.979759829423627382e+00
-5.050843247178926632e-02
-9.025540372358729080e-01
-1.355239562071085091e+00
5.335585982690964624e-01
1.134790441499379909e+00
-2.113854621249589449e+00
-3.619891828563056579e-01
1.301131695689543344e+00
-6.832996082902198509e-01
1.736618810722609041e+00
5.999571480949170699e-01
-3.498869416543655575e+00
-4.915402763008058784e-01
1.285469431536437890e-01
-2.565825091133597802e+00
-1.805011138070130361e+00
-2.256916836388569436e+00
-1.788032322555259679e+00
4.641002706858000648e-01
7.188332366221983349e-01
6.721722126471303405e-01
-4.762043640201691908e-01
6.609916449256594273e-01
3.300357288777253206e+00
2.979556600060850879e-01
-6.137607084160375814e-01
9.815747543708380762e-01
-1.548038178893272665e+00
5.340626686034274373e-01
2.733208471245556215e+00
-1.336571214806193231e+00
-1.136762130603880538e-01
2.785412676709773550e+00
1.536063487197393496e+00
2.083942327927521099e+00
1.230912768878347885e+00
-5.716528728666232517e-01
-2.198241588757809950e-14
-5.269533269930404273e-03
-4.855609540495986476e-02
-2.218540352775335123e+00
-3.585699869428030873e+00
-3.174106098916451568e-02
-3.553588950095633581e-01
-1.536665222890468030e+00
9.530098949727984214e-01
-1.356716773323185965e+00
-1.344843789353957320e+00
2.706449475199809829e+00
-3.621422786547341399e-01
-2.488242931210508768e+00
-5.816385035624080935e-01
-1.422587462597962205e+00
-5.641955260568685127e-01
3.380524455250867311e-01
-8.604164865239073423e-01
-2.772799218517257858e-01
7.952357046340839952e-01
3.017251067064533387e+00
2.950926468151901627e+00
-1.905757323493895150e-01
1.555303635521342320e+00
2.109574265050532471e+00
-3.097373008060021471e-01
1.710544928093470807e+00
-1.722364701661184272e-01
-3.190221563874092503e+00
1.069515653148280565e+00
1.479001448563714849e+00
-8.345687049530433610e-01
6.088608918932624237e-01
-1.946363043057541820e-02
5.408801842752304634e-02
1.418881244573446221e+00
5.537282916068986260e-02
-1.369067775498667316e+00
-2.813437930551881738e+00
-1.714424258278742119e+00
1.463077486566709551e-01
-2.729406095304640179e+00
-2.348210082750604055e+00
-1.026978623226586507e-01
-1.675203171084985510e+00
1.322342455476895662e+00
2.716373905349586337e+00
-1.625045113516236039e+00
1.773711069456676559e-01
2.236067977499720971e+00
1.766822290364500336e-02
4.868428060006365632e-01
-3.162484924429057598e-01
-1.394890063774304245e+00
5.130092166670154885e-01
1.427326065486695050e+00
1.749238853651132519e+00
3.803916559497880767e-01
2.125293285038882818e-01
3.481508313242660080e+00
1.978358429783334094e+00
2.076206269758494871e-01
1.473162739094925344e+00
-1.819378646508027719e+00
-1.570683539586066768e+00
1.692639787591331491e+00
-2.110787892172945046e+00
-3.081924781008798409e+00
-2.863292344647099252e-01
-9.462437808326804589e-01
2.297473395251607986e-01
7.931097531447329763e-01
-1.102454594607084282e+00
-8.595753896893433277e-01
-2.920425190842832475e-01
5.906043687345237103e-01
-7.059908194873740772e-01
-3.447368668041429274e+00
-9.667849670536479145e-01
-1.284549788819522309e-01
-1.308170536760480118e+00
1.689786983944756349e+00
2.424331944151263685e-01
-1.160549798945816224e+00
3.752630985500146288e+00
3.003485212021691719e+00
2.675755774926435460e-01
1.529662167409169715e+00
2.129369557358217202e-01
1.207594915133239771e-01
1.404536083840338234e+00
-1.468442064153684390e-01
-9.696651105810136784e-01
-9.772201752255103013e-01
1.006981893426599495e+00
2.488313917898509864e+00
-4.320811780824383441e-01
7.340434984337124158e-02
1.231842836266733965e+00
-1.221231742082363514e+00
8.033809070953338294e-01
2.026495328431557885e-01
-4.555187862667701815e+00
-1.976153923342000018e+00
-2.084553615086899847e-01
-2.248676099283481555e+00
-7.823512416565405747e-01
-9.696753032433391706e-01
-1.285055510592432171e+00
1.190939847411533359e+00
1.578847719073462885e+00
8.662270856731273394e-01
-8.184462828354366337e-01
-8.039800008338233717e-01
1.774627582249213464e+00
-1.809625303795177609e-01
-1.115368854161977730e+00
7.894389608820426840e-01
-1.315915130548755752e+00
8.067048371529309536e-01
4.224443986943263063e+00
3.411999411038701968e-01
3.688522338023436653e-01
2.915900069232950642e+00
1.121320343559628174e+00
1.456840597636404278e+00
8.332253354083249963e-01
-1.849556155228579968e+00
-1.393243071015866086e+00
-5.672896856689395584e-01
5.421589170113094713e-02
-1.104662229196765821e+00
-2.624825806431670738e+00
4.192208267628815821e-01
7.427372084067506153e-01
-6.559629789963137281e-01
1.324049316577547764e+00
-1.478675461079660192e+00
-2.854793681231606595e+00
1.335660920092617054e+00
-8.498948836232466109e-01
-3.190163058932635298e+00
-9.355420818767893332e-01
-1.498063081366820537e+00
-2.839220544511787958e-01
1.878827005365208969e+00
6.174219745238641588e-01
4.242672066055999114e-01
1.076001134002845250e+00
2.618033988749771446e+00
2.750650676035167663e+00
-5.992287546591739122e-01
2.780841342912360181e-02
8.412334422582863347e-01
-1.058908413475917021e+00
1.599404763849836097e+00
8.984339841121811165e-01
-2.502961959997032970e+00
1.510870090109692310e+00
2.735338569347173454e+00
1.657837345847728017e-01
1.229768896338786277e+00
-1.358286295152397183e-01
-1.323588366570092489e+00
3.232781538794289311e-01
-6.241882966615270867e-01
-2.130674234810207235e+00
-3.248188351671445151e+00
-2.220907634328646907e+00
4.963983089608755006e-01
-1.128261026079382390e+00
-1.134807901361214011e+00
7.882441077310395894e-01
-1.225028608671841379e+00
1.019005554262109703e+00
2.846975316662387456e+00
-2.024082892865501915e+00
-1.416424830452859496e+00
9.518701952584045500e-01
-8.968382198504021297e-01
3.446545930302694627e-01
4.809543741332882871e-01
-9.973608597606645754e-01
1.102499418724868452e+00
2.626586912923991601e+00
2.841078162897111348e+00
1.354289547497073531e+00
-1.049817770822147889e-02
2.254875950868092893e+00
1.231219756711876778e+00
-6.590444506285914050e-01
6.350206924991492752e-01
-2.351254590380338350e+00
-2.397042963207643318e+00
2.042977502672381096e+00
-5.716774137951509127e-01
-1.975304472561180136e+00
6.895291247968063919e-01
-4.482076884611313483e-01
2.600735106699890720e-01
1.161485769952282698e+00
-1.589818084136009890e+00
-2.265540931045534112e+00
-1.635203898341712980e+00
-5.486542067794668576e-01
-7.308348567698415010e-01
-2.978093702890157957e+00
-9.140324289664940594e-01
6.334607627531820828e-01
-1.715930046263256514e-01
2.835691834824821456e+00
1.470089505419436726e+00
-1.396654189961688886e+00
2.720485152089687553e+00
2.455761835024497408e+00
-6.248787676466464047e-01
6.589918653142394778e-01
-6.175316516217538299e-01
-8.423927411032459123e-01
1.769856882935030962e+00
1.086068234470103588e+00
1.488110864802894007e-01
8.001870860902388083e-02
1.393108661289680139e+00
2.940828140605608265e+00
1.870557496289163291e-01
-5.467830348464692847e-01
5.252263521507405386e-02
-2.558492309686931421e+00
-4.915249263616573439e-01
2.068641914395524806e-01
-4.377538271288148763e+00
-2.149915304984503894e+00
5.414381013070339588e-01
-1.139575320122006019e+00
5.501267290022001655e-01
2.767614363899825736e-01
-1.460263605319720215e+00
5.367876211721654967e-01
1.050185067534693761e+00
2.452309425188436975e-02
-1.582349289324324060e+00
-2.046389770668232355e+00
7.179700836090334715e-01
2.461577011123818326e-01
-2.577883660383937237e-01
1.860229698150931643e+00
-2.116266152544865331e-01
1.138731788828751146e+00
