5.000000000000000000e+00
1.378061539677909009e+00
8.548568045375438684e-01
6.243477043576823871e-01
-4.133793182203323591e-01
-3.221165873468204710e-01
-6.840252317854728092e-01
2.957973969000263104e+00
2.758617309196413903e-01
-1.916257310321370366e-02
1.603113929307275143e+00
3.967408718549115809e-01
1.290101184931723655e+00
7.001341208587185116e-01
3.202760755345831711e+00
2.204759521190967353e-01
-1.872718221525707882e+00
-1.566869613123605953e-01
-2.238641858525729056e+00
-8.969104047886108377e-01
-2.899687533576307819e-01
2.475419260169494873e+00
1.286237450139342764e+00
-9.629759900750753943e-01
1.375984909626442931e+00
-1.448122532850762756e+00
-1.253212238996127770e+00
-9.024780031088119880e-01
1.013417519356879515e-01
-6.904486904173170458e-01
-3.342913408985316970e+00
-2.000033113257386752e-01
-1.922573220352487455e+00
-1.314887087296048085e+00
7.884999437454769389e-01
1.258033830476951831e+00
9.200574699465844386e-01
-2.534986701753043192e+00
-5.613857498429495330e-01
-2.723464767785338303e+00
-3.589504710094229445e+00
-7.004896092333454671e-01
-5.470071871185585577e-01
2.432634772773768495e-01
-1.888250886897523628e+00
4.583533369128233725e-01
-3.614413866359437733e-01
-1.983937735401586133e+00
1.222622987155159047e+00
1.610187313143452981e-01
-1.453217681275309481e-01
-2.458455070605202852e+00
-1.382690853989331448e+00
-1.317269976832857514e+00
-3.010038828702727542e+00
1.584294522509490211e+00
1.572604771399041867e+00
1.568088551184599888e+00
5.012629659867594567e-01
4.445046633662682600e-01
4.463359224865740549e-01
-2.607760939714114823e+00
1.028049388271049525e+00
7.398329129090072120e-01
-2.291509155796816743e-01
4.500352981387950591e-02
-3.287180203993966821e-02
1.300072234644983560e+00
-8.300985196660252141e-01
2.967940749885653151e+00
3.399969742864955791e+00
1.045121047368119838e+00
1.304110879856935412e+00
-3.529268102309609523e-01
3.325034568714246852e-02
-2.163258845180103140e+00
9.881933759343239920e-01
2.804302745092036808e+00
5.602990395221484343e-01
2.408830342276071956e+00
1.338549007748949471e+00
1.548393883540936766e+00
-1.765118617982582849e-01
1.371605957273525966e+00
2.921426225473726213e+00
-8.676152106383705487e-01
5.131235278633419217e-01
-5.203826935042086266e-01
-7.643832654290305673e-01
-8.060603059718487451e-01
9.036737094694401451e-01
3.871384507989211521e+00
4.671753119576436131e-01
1.709041846593192915e+00
7.641860416107091325e-01
-1.340824928911627634e+00
-1.514116750477147111e+00
-1.274290194638943774e+00
1.404188726449645985e+00
-1.646212948566198708e+00
-3.090169943749435655e-01
4.947869962133400468e-01
-1.558692252677667867e+00
-2.474891750572776328e-01
6.282431545564937103e-02
2.276153033601486353e+00
-8.368907660660911407e-01
-1.197131818532915837e+00
-5.144187276841275525e-01
-3.982772732862473131e+00
-2.451335083504990742e+00
-1.591648156231490585e+00
8.445807921764073578e-01
-3.424413123905380441e-01
-5.209311442653574709e-01
1.422579938730016869e+00
-2.403773657643608619e+00
-1.362823377119376733e+00
-8.223110044052276413e-01
-2.358868009621539752e-01
-1.284919501557113541e+00
-2.494212059928174963e+00
-6.434345459332435624e-02
-3.265510733483009798e+00
-1.662672955801159702e+00
7.071067811865292541e-01
1.135485361325282661e+00
1.255987496620180721e+00
-4.970059477725657926e-01
1.183566977718151891e+00
-2.608783614161682252e+00
-2.660105382383349593e+00
-5.032394805911349911e-02
-6.338046332522501158e-01
4.197029310425005599e-01
-4.544841374424579694e-01
1.783232386706516071e+00
-4.121573094197110709e-01
-7.404860573207499019e-01
2.693243743723963579e+00
1.014191800802154209e+00
1.328531679269870036e+00
-1.189513324333005273e-01
4.730832031635899826e-01
-1.352301387163205693e+00
-2.364952237908310551e+00
2.192572603666707920e+00
1.223895806524270213e+00
2.262557154019160688e+00
2.324046228640257450e+00
2.235135560135615318e+00
9.082990685638847594e-01
-1.398697057255912313e+00
2.279627436605127677e+00
5.009771714483900462e-01
2.511546509900843827e-01
1.061363583359647533e+00
3.823494427776061855e-01
3.923873155429622450e-01
-1.113731843143374478e+00
3.170507352967288028e+00
2.450027737604100420e+00
1.405271938053112457e+00
2.620832707814086948e+00
2.889850919140786178e-01
-5.354468553903273254e-01
-2.677473719590882428e+00
5.152991202659880088e-01
6.494691784967263626e-01
-5.917408066409711731e-01
2.313270137131522297e+00
5.798298328559448045e-01
3.116462634186645264e-01
-9.339260301708873779e-01
1.123108471712547685e+00
1.332004969625240953e+00
-1.524806006885105036e+00
8.448863408437812250e-01
-1.516150382609989133e+00
-2.493025521874774775e+00
-2.474466351295960376e+00
-5.201508345359326935e-01
1.382985114354469580e+00
-8.398003145634216349e-01
2.121334321359760189e+00
2.199936666085449133e-01
-2.056881812712434865e+00
-1.953199044618469049e+00
-1.791308760873942418e+00
-3.312097725551830241e-01
-2.831053730915462641e+00
-8.190983355019465506e-02
-6.162544323261720525e-01
-2.808309644441648878e+00
-8.246046721642034116e-01
-3.902345191741900532e-01
1.371800313479449640e+00
-8.359021015671123100e-01
5.497563675659657978e-01
-1.173682458745568535e-01
-4.045084971874757684e+00
-2.112382163913408384e+00
-1.932943732821757354e+00
-1.743137048815941448e-01
-7.029385263526228833e-01
9.114301058413855072e-01
1.931380746355632061e+00
-1.977792775238222500e+00
1.699007755027301947e-01
1.129155281430881397e-01
2.371609054579726927e-01
-3.107304428323157119e-01
-2.961188052720938879e-01
8.203582403855196326e-01
-3.125293947271392092e+00
-5.767312508392852255e-01
9.087874124200989723e-01
1.093325143560769597e+00
2.239213501378384485e+00
1.971382354347314125e+00
2.943645649904033768e+00
-1.512286977485638229e+00
-5.650255293183401584e-01
7.132415414478250337e-01
-7.015843448974006247e-01
1.011106508401937942e+00
9.046315261004780339e-01
2.394166113300031373e+00
-4.756206625301171442e-01
5.373396157271521645e-01
3.095677380054449479e+00
9.153529622286254996e-01
2.461319637893956802e+00
1.612232878347413578e+00
1.401654010483281532e+00
-1.500094641318637567e+00
-1.777669349890962813e+00
1.480861936651344246e+00
-4.969307140073402906e-01
1.956630823835378452e+00
2.637433270742993496e+00
2.247147839649050738e+00
4.926889053053391532e-01
-7.759580172338835791e-01
1.993890530927700189e+00
-9.927859289719229707e-01
8.384727706944516967e-02
9.304512508381364011e-01
-5.795484913881048250e-01
-1.168832848655860346e+00
-2.000000000000027534e+00
1.653817635413495246e+00
-2.531635633086309900e-02
9.074917883511454120e-01
2.677772528631106930e+00
-1.984901477023955918e-01
-1.192226583830658715e+00
-3.010303776349815053e+00
-6.921091838348456537e-01
-2.047755332754368496e+00
-1.736378493785399435e+00
1.526202091267798044e+00
-9.229327950153320970e-01
-7.849174896629990128e-01
-1.412458416745470124e+00
3.816668965898546428e-01
-3.665152380703942669e-01
-1.469756430233306599e+00
1.393451566889660320e+00
-2.142123627527441343e+00
-2.892482990515086616e+00
-2.874608354717723024e+00
-1.613089780934386930e+00
-6.849399221254847125e-01
-1.189285550784632051e+00
2.793119556778679957e+00
6.374248608177313091e-02
-1.271946422820493527e+00
-8.422394352174752408e-01
-1.403357307006492416e+00
-8.808982885881458946e-01
-2.269467130579515324e+00
1.107913196212233498e+00
-8.564816809208668502e-01
-2.323193270798307175e+00
-1.874903876080291631e-02
-3.093201642447928057e-01
1.184438197637550871e+00
3.922173117193769043e-01
2.895881128276062810e+00
9.891603068438531432e-01
-2.281258984583856453e+00
-2.414868057681593960e-01
-1.568155977450691907e+00
-3.995882229882912196e-01
-1.066527256592828543e-01
2.387068049751813081e+00
2.309334021513893553e+00
-7.133328333372752628e-01
2.168841507286868975e+00
8.090169943749455639e-01
8.456307715014661497e-01
1.117828316384019027e+00
1.674736091729276843e+00
1.412464872749993106e+00
-2.342068043051697579e+00
5.899316627551645098e-01
2.279581248069942334e-01
3.651716738848039268e-01
2.572877143248516685e+00
3.062669773456704547e+00
3.381401120885499267e+00
-6.021771625576888276e-01
1.074464376104237173e+00
3.297607693563764375e-01
-1.434167481940515687e+00
9.679612538552375689e-01
8.334885875685806855e-01
1.507039016249045460e+00
-1.166721022086786519e+00
7.404944185780418797e-01
1.626889545837585604e+00
-4.561891430365404565e-01
2.479404612311107758e+00
1.702067978727149766e+00
1.019136039544811245e+00
-1.870504254039392800e+00
-1.679303648745311683e+00
-4.999383637501227939e-01
-2.960172645278018155e+00
8.211308141424363827e-01
1.336200172467211900e+00
9.115243780737324331e-01
-2.745547958157104618e-01
-6.462218055646938852e-01
6.903672519156144327e-01
-2.656179695950986464e+00
-7.294837755618011066e-02
1.700822206692685079e-01
-1.749998977619145135e+00
-2.087332727295923007e+00
-2.594114075555850718e+00
-3.087956671025535726e-01
-2.333553253410013184e+00
6.154648360646322036e-01
2.242278580196212179e+00
-5.376181668317880913e-01
-6.630350368118359539e-01
-2.278203522702900052e+00
-1.301930718760685668e+00
-3.471203537635314085e+00
-1.630677496200629628e+00
1.040516391449331834e+00
-1.704576938712246026e+00
-4.491567043553251759e-01
-8.647300986474065754e-01
1.709285346002231143e-01
-8.619178712710403589e-01
-8.788882618435367444e-02
2.502545585792382177e+00
-1.540483948588207141e+00
-1.240763385038057720e+00
-1.712392009363416623e+00
-1.705609698317497980e+00
-1.387645170905607905e+00
-3.916626192861729638e-01
3.543743538537113658e+00
4.811155963329022400e-01
8.717100148993071063e-01
1.157460049001182378e+00
-4.000362980535095425e-01
-2.477356868347948549e-01
-6.055959986139349827e-01
2.413602062903542844e+00
-5.640154412878166656e-01
-7.071067811865158204e-01
1.091203035763678608e+00
-4.040788260406646959e-01
1.166945400979867653e+00
1.558380769044848790e+00
4.293739413772428293e+00
1.738532134344347169e+00
9.249375651024238643e-04
1.515512414038783451e+00
-1.559672811936021475e+00
-5.764331820014350072e-01
1.253439284644842777e-01
2.460208320127728054e+00
1.608297274507706209e+00
1.391677975455360983e-01
2.977627231291111620e+00
1.516954678002261359e-01
7.212588863018746244e-01
1.585966486640374651e+00
2.018263618629207556e+00
9.535293029540391485e-01
-1.806240214767152352e+00
7.281703072453493686e-01
-1.744381292791022275e+00
-1.188155728652886989e+00
1.545084971874803426e+00
2.039844598763022265e+00
2.272711853509171487e+00
-3.423022051543018751e-01
1.550757745860702919e+00
-1.152608302274691798e+00
-2.441014461034909822e+00
2.421619640392313477e-01
-5.507669603980880346e-01
-1.635385892899232640e-01
-1.986848335140851685e+00
1.060315459868984012e-01
-8.109708932933619163e-01
-2.027501636753568981e+00
1.854071076173583243e+00
7.126948141130776682e-01
4.022692996819767219e-01
-1.612350281723823997e+00
-1.384481694772123905e+00
-2.292853249367119872e+00
-4.472949959022839650e+00
-2.848752985397273729e-02
-3.720069391907878664e-01
-1.910730661757213400e-01
-2.407975936077918766e-01
-1.878821639897071405e-01
-2.105123175290755100e-01
-2.971364142923879292e+00
6.682286457897064214e-01
-1.789850713308306362e-01
-1.665997810147103797e+00
-1.281068893263074049e+00
-2.059925610937471063e+00
-1.293760507650163483e+00
-3.056423773175094727e+00
1.169170285518156494e+00
1.956271958935704491e+00
1.389017556052495328e-01
1.365436535160501563e+00
-4.424304086161030547e-01
-6.779519650277087139e-01
-2.935471973064775586e+00
-2.501802075452633223e-01
1.012262968449875622e+00
-1.337931761989955781e+00
1.148008039716370554e+00
2.257736424733706171e-01
4.784359866705899522e-01
-2.848938299605072166e-01
1.730192544978166325e+00
3.381389745627313204e+00
-2.174780746877973403e-01
1.423653579003901104e+00
-1.510825812306274551e-01
-1.322688136763227496e+00
-1.263130717095126032e+00
3.564583635302146503e-01
3.302685275411561427e+00
6.185932173839094883e-01
2.868833065674155414e+00
2.363183497792469279e+00
1.383140823417120524e-01
4.652872433955349551e-01
5.301902637300526244e-01
2.514556641569659412e+00
-6.625535408769510637e-01
6.259059146326007017e-01
1.078043624656235266e+00
-1.424553477238287513e+00
4.980880875577582412e-01
1.280166047669377916e+00
3.606092974909568039e+00
1.305923212600349270e+00
1.461182884481390998e+00
1.891054097811790013e+00
-2.356103532329771433e+00
-1.091330884942303570e+00
-7.462502010995596402e-01
8.024729933251391056e-01
-1.381505211789109955e-01
8.677436381812142496e-02
2.123681070087373168e+00
-1.616129346257823673e+00
1.421051319825172854e-02
8.375794491127512842e-01
8.979517926097625447e-01
-1.263298870960305464e-02
-1.396078567847024887e+00
1.297623240909274722e-01
-3.879573786958245840e+00
-2.504168706264823019e+00
-1.802299337914652910e-01
-7.644145239017302584e-02
8.282878245834408570e-01
-1.176387153115815432e-01
1.513392664021146583e+00
-2.348240487480269145e+00
-2.462290743546883487e+00
-2.499919568186627084e-01
-1.863046326435520150e+00
-1.000000000000000000e+00
-1.863046326435643829e+00
-2.499919568186276253e-01
-2.462290743546987848e+00
-2.348240487480277583e+00
1.513392664021069312e+00
-1.176387153115133755e-01
8.282878245835132436e-01
-7.644145239023836247e-02
-1.802299337913083332e-01
-2.504168706264820798e+00
-3.879573786958217863e+00
1.297623240908976072e-01
-1.396078567847041541e+00
-1.263298870959417286e-02
8.979517926095791358e-01
8.375794491128145669e-01
1.421051319822697057e-02
-1.616129346257824118e+00
2.123681070087446443e+00
8.677436381817393851e-02
-1.381505211787830700e-01
8.024729933250440705e-01
-7.462502010994809254e-01
-1.091330884942319113e+00
-2.356103532329885120e+00
1.891054097811792900e+00
1.461182884481323496e+00
1.305923212600399230e+00
3.606092974909472115e+00
1.280166047669460516e+00
4.980880875578606037e-01
-1.424553477238211130e+00
1.078043624656408017e+00
6.259059146325168799e-01
-6.625535408768736811e-01
2.514556641569561712e+00
5.301902637299558130e-01
4.652872433956475318e-01
1.383140823414764631e-01
2.363183497792838761e+00
2.868833065673935145e+00
6.185932173840724690e-01
3.302685275411622268e+00
3.564583635300362374e-01
-1.263130717094899769e+00
-1.322688136763461753e+00
-1.510825812304075200e-01
1.423653579003742120e+00
-2.174780746877730264e-01
3.381389745627326970e+00
1.730192544978043312e+00
-2.848938299605077717e-01
4.784359866706218711e-01
2.257736424734870795e-01
1.148008039716316153e+00
-1.337931761990064139e+00
1.012262968450161171e+00
-2.501802075456996954e-01
-2.935471973064629925e+00
-6.779519650278250653e-01
-4.424304086160653071e-01
1.365436535160720499e+00
1.389017556052908331e-01
1.956271958935503541e+00
1.169170285518469132e+00
-3.056423773174995695e+00
-1.293760507650246527e+00
-2.059925610937380913e+00
-1.281068893263088260e+00
-1.665997810147112013e+00
-1.789850713311542107e-01
6.682286457898367615e-01
-2.971364142923839324e+00
-2.105123175292292759e-01
-1.878821639898390350e-01
-2.407975936075514856e-01
-1.910730661757807924e-01
-3.720069391907392387e-01
-2.848752985378621982e-02
-4.472949959022733957e+00
-2.292853249367130974e+00
-1.384481694772118354e+00
-1.612350281723974543e+00
4.022692996818447719e-01
7.126948141129175740e-01
1.854071076173661847e+00
-2.027501636753334946e+00
-8.109708932934789338e-01
1.060315459871294941e-01
-1.986848335140784627e+00
-1.635385892900079741e-01
-5.507669603981205642e-01
2.421619640392298489e-01
-2.441014461035020400e+00
-1.152608302274632734e+00
1.550757745860586789e+00
-3.423022051542463640e-01
2.272711853509147950e+00
2.039844598762979633e+00
1.545084971875032798e+00
-1.188155728652874110e+00
-1.744381292790858851e+00
7.281703072453203918e-01
-1.806240214767084629e+00
9.535293029540194976e-01
2.018263618629051681e+00
1.585966486640472128e+00
7.212588863017751484e-01
1.516954678000992374e-01
2.977627231291139154e+00
1.391677975456384608e-01
1.608297274507805241e+00
2.460208320127681425e+00
1.253439284646211682e-01
-5.764331820014838570e-01
-1.559672811936231529e+00
1.515512414038815425e+00
9.249375648582303100e-04
1.738532134344437541e+00
4.293739413772206248e+00
1.558380769044883207e+00
1.166945400979850556e+00
-4.040788260407429111e-01
1.091203035763675278e+00
-7.071067811865952013e-01
-5.640154412877712575e-01
2.413602062903478007e+00
-6.055959986139189954e-01
-2.477356868348979946e-01
-4.000362980537887081e-01
1.157460049001248548e+00
8.717100148991284714e-01
4.811155963329312168e-01
3.543743538537123428e+00
-3.916626192861579758e-01
-1.387645170905491332e+00
-1.705609698317836820e+00
-1.712392009363246537e+00
-1.240763385038242461e+00
-1.540483948588236895e+00
2.502545585792304017e+00
-8.788882618433502270e-02
-8.619178712710799939e-01
1.709285346001161998e-01
-8.647300986473295259e-01
-4.491567043553442717e-01
-1.704576938712219381e+00
1.040516391449424205e+00
-1.630677496200661380e+00
-3.471203537635258574e+00
-1.301930718760926808e+00
-2.278203522702980433e+00
-6.630350368118915760e-01
-5.376181668319619522e-01
2.242278580196394699e+00
6.154648360644640048e-01
-2.333553253409792472e+00
-3.087956671027025646e-01
-2.594114075555970178e+00
-2.087332727295871937e+00
-1.749998977619259932e+00
1.700822206694497518e-01
-7.294837755650462885e-02
-2.656179695950998454e+00
6.903672519155683585e-01
-6.462218055649597837e-01
-2.745547958155307722e-01
9.115243780736375090e-01
1.336200172467398417e+00
8.211308141423026008e-01
-2.960172645278123404e+00
-4.999383637500102173e-01
-1.679303648745704924e+00
-1.870504254039104364e+00
1.019136039544610295e+00
1.702067978727287434e+00
2.479404612311060685e+00
-4.561891430368006928e-01
1.626889545837571616e+00
7.404944185778602472e-01
-1.166721022086527393e+00
1.507039016249079211e+00
8.334885875685891232e-01
9.679612538552776480e-01
-1.434167481940773037e+00
3.297607693565148823e-01
1.074464376104106833e+00
-6.021771625577284626e-01
3.381401120885254574e+00
3.062669773456711653e+00
2.572877143248846643e+00
3.651716738847110566e-01
2.279581248068321409e-01
5.899316627553130576e-01
-2.342068043051664716e+00
1.412464872749696898e+00
1.674736091729393639e+00
1.117828316383940646e+00
8.456307715014073079e-01
8.090169943747932413e-01
2.168841507286895620e+00
-7.133328333373112340e-01
2.309334021513713253e+00
2.387068049752004484e+00
-1.066527256590677486e-01
-3.995882229883661596e-01
-1.568155977450820027e+00
-2.414868057681803792e-01
-2.281258984583974581e+00
9.891603068436152224e-01
2.895881128275953120e+00
3.922173117194286407e-01
1.184438197637476264e+00
-3.093201642447970245e-01
-1.874903876081102094e-02
-2.323193270798119325e+00
-8.564816809210741289e-01
1.107913196212391593e+00
-2.269467130579445158e+00
-8.808982885883185343e-01
-1.403357307006655397e+00
-8.422394352175370802e-01
-1.271946422820626976e+00
6.374248608187105258e-02
2.793119556778708823e+00
-1.189285550784608070e+00
-6.849399221253653636e-01
-1.613089780934569673e+00
-2.874608354717560488e+00
-2.892482990515232277e+00
-2.142123627527459551e+00
1.393451566889621684e+00
-1.469756430233297717e+00
-3.665152380705578028e-01
3.816668965898080135e-01
-1.412458416745464795e+00
-7.849174896629649290e-01
-9.229327950152161897e-01
1.526202091267907734e+00
-1.736378493785394328e+00
-2.047755332754343627e+00
-6.921091838349781034e-01
-3.010303776349909199e+00
-1.192226583830696907e+00
-1.984901477025026173e-01
2.677772528631266358e+00
9.074917883509485694e-01
-2.531635633074919012e-02
1.653817635413422860e+00
-1.999999999999804157e+00
-1.168832848655817935e+00
-5.795484913880514233e-01
9.304512508381431735e-01
8.384727706950967363e-02
-9.927859289720580849e-01
1.993890530927569404e+00
-7.759580172337727788e-01
4.926889053054119838e-01
2.247147839648969914e+00
2.637433270743138713e+00
1.956630823835459054e+00
-4.969307140073800921e-01
1.480861936651332922e+00
-1.777669349890849126e+00
-1.500094641318393318e+00
1.401654010483142088e+00
1.612232878347507281e+00
2.461319637893865320e+00
9.153529622284172218e-01
3.095677380054523198e+00
5.373396157271899121e-01
-4.756206625299260193e-01
2.394166113300121079e+00
9.046315261005586361e-01
1.011106508401967030e+00
-7.015843448975774832e-01
7.132415414478709970e-01
-5.650255293184591743e-01
-1.512286977485526318e+00
2.943645649904032435e+00
1.971382354347294807e+00
2.239213501378529259e+00
1.093325143560498924e+00
9.087874124203054738e-01
-5.767312508392775650e-01
-3.125293947271243766e+00
8.203582403856465310e-01
-2.961188052723440212e-01
-3.107304428320674106e-01
2.371609054574929376e-01
1.129155281432467905e-01
1.699007755026739064e-01
-1.977792775238210954e+00
1.931380746355962685e+00
9.114301058411110601e-01
-7.029385263523004745e-01
-1.743137048818845791e-01
-1.932943732821642335e+00
-2.112382163913401278e+00
-4.045084971874654656e+00
-1.173682458743416923e-01
5.497563675658315718e-01
-8.359021015671170840e-01
1.371800313479403233e+00
-3.902345191742554453e-01
-8.246046721640778454e-01
-2.808309644441545405e+00
-6.162544323258525303e-01
-8.190983355030756474e-02
-2.831053730915411570e+00
-3.312097725552072269e-01
-1.791308760874117834e+00
-1.953199044618740610e+00
-2.056881812712296753e+00
2.199936666082047410e-01
2.121334321359936048e+00
-8.398003145633740063e-01
1.382985114354319700e+00
-5.201508345355894125e-01
-2.474466351295844024e+00
-2.493025521874607797e+00
-1.516150382610152558e+00
8.448863408438198608e-01
-1.524806006885134346e+00
1.332004969624887458e+00
1.123108471712740863e+00
-9.339260301707499323e-01
3.116462634186875080e-01
5.798298328558784132e-01
2.313270137131633319e+00
-5.917408066409126643e-01
6.494691784966535320e-01
5.152991202660495151e-01
-2.677473719590695467e+00
-5.354468553903656280e-01
2.889850919138856611e-01
2.620832707814114482e+00
1.405271938052992331e+00
2.450027737604031142e+00
3.170507352967312453e+00
-1.113731843143117350e+00
3.923873155431111259e-01
3.823494427775031568e-01
1.061363583359862028e+00
2.511546509898721080e-01
5.009771714483414184e-01
2.279627436605069501e+00
-1.398697057255889220e+00
9.082990685639701356e-01
2.235135560135293797e+00
2.324046228640135769e+00
2.262557154019349870e+00
1.223895806524153196e+00
2.192572603666937958e+00
-2.364952237908005017e+00
-1.352301387163310276e+00
4.730832031636694746e-01
-1.189513324334205424e-01
1.328531679269836729e+00
1.014191800801979237e+00
2.693243743724001327e+00
-7.404860573206563101e-01
-4.121573094195973286e-01
1.783232386706565809e+00
-4.544841374423258529e-01
4.197029310425630655e-01
-6.338046332523439297e-01
-5.032394805896028833e-02
-2.660105382383433525e+00
-2.608783614161632514e+00
1.183566977718093050e+00
-4.970059477726571640e-01
1.255987496620216692e+00
1.135485361325075049e+00
7.071067811868020359e-01
-1.662672955801179242e+00
-3.265510733482845040e+00
-6.434345459327772687e-02
-2.494212059928267777e+00
-1.284919501556977206e+00
-2.358868009624069395e-01
-8.223110044050518930e-01
-1.362823377119547708e+00
-2.403773657643506034e+00
1.422579938730193838e+00
-5.209311442656018309e-01
-3.424413123902081413e-01
8.445807921761554482e-01
-1.591648156231195932e+00
-2.451335083504901036e+00
-3.982772732862353671e+00
-5.144187276841695189e-01
-1.197131818532869207e+00
-8.368907660661704107e-01
2.276153033601448161e+00
6.282431545567046527e-02
-2.474891750572134619e-01
-1.558692252677740697e+00
4.947869962134529009e-01
-3.090169943749525028e-01
-1.646212948566087242e+00
1.404188726449623781e+00
-1.274290194639000173e+00
-1.514116750477056961e+00
-1.340824928911843905e+00
7.641860416107408849e-01
1.709041846593053915e+00
4.671753119577349844e-01
3.871384507989256818e+00
9.036737094693213512e-01
-8.060603059716500152e-01
-7.643832654292704865e-01
-5.203826935040635204e-01
5.131235278632635399e-01
-8.676152106384074081e-01
2.921426225473866989e+00
1.371605957273184240e+00
-1.765118617980072913e-01
1.548393883540609028e+00
1.338549007749055164e+00
2.408830342276137237e+00
5.602990395220172060e-01
2.804302745092371651e+00
9.881933759340165713e-01
-2.163258845179801604e+00
3.325034568689033687e-02
-3.529268102310566535e-01
1.304110879857145244e+00
1.045121047368182232e+00
3.399969742864949573e+00
2.967940749885589646e+00
-8.300985196660548571e-01
1.300072234644968905e+00
-3.287180203998307793e-02
4.500352981395239205e-02
-2.291509155796717934e-01
7.398329129090824852e-01
1.028049388271196740e+00
-2.607760939714164117e+00
4.463359224865182662e-01
4.445046633661050572e-01
5.012629659870314613e-01
1.568088551184722235e+00
1.572604771398908419e+00
1.584294522509847258e+00
-3.010038828702539249e+00
-1.317269976833004730e+00
-1.382690853989117619e+00
-2.458455070605351622e+00
-1.453217681276277595e-01
1.610187313141819843e-01
1.222622987155262297e+00
-1.983937735401523961e+00
-3.614413866360537408e-01
4.583533369130008417e-01
-1.888250886897500536e+00
2.432634772773756282e-01
-5.470071871185351320e-01
-7.004896092331535096e-01
-3.589504710094239659e+00
-2.723464767785628293e+00
-5.613857498430310233e-01
-2.534986701753150662e+00
9.200574699464515449e-01
1.258033830476880777e+00
7.884999437457176352e-01
-1.314887087296097157e+00
-1.922573220352512102e+00
-2.000033113256641792e-01
-3.342913408985311641e+00
-6.904486904172668638e-01
1.013417519355314655e-01
-9.024780031086213627e-01
-1.253212238996329164e+00
-1.448122532850947719e+00
1.375984909626464692e+00
-9.629759900752316026e-01
1.286237450139535277e+00
2.475419260169356761e+00
-2.899687533572186671e-01
-8.969104047884663977e-01
-2.238641858525832085e+00
-1.566869613124430849e-01
-1.872718221525593307e+00
2.204759521188350835e-01
3.202760755345818389e+00
7.001341208587141818e-01
1.290101184931692568e+00
3.967408718548233182e-01
1.603113929307196761e+00
-1.916257310304750328e-02
2.758617309197179956e-01
2.957973969000317283e+00
-6.840252317854071951e-01
-3.221165873468611052e-01
-4.133793182205050543e-01
6.243477043575638152e-01
8.548568045374276281e-01
1.378061539677851943e+00
