5.000000000000000000e+00
1.487324641447744789e+00
1.585310935064369042e+00
2.110316873190174913e+00
-5.541533527190403152e-01
-9.852261033334497320e-02
-2.546844074102070365e-01
1.174157405044681468e+00
-2.786893583465654967e-01
5.367141900623909612e-01
2.098062839278791003e+00
-1.951354419439228938e+00
1.392873774396237163e-01
1.204553239653170099e-01
-1.589663947587296455e+00
9.192177323628407670e-01
1.257273895292745136e+00
2.241148010889046471e+00
1.178637705661683022e+00
2.279120586139661953e+00
1.555243469220588093e+00
-2.075979984908609577e+00
6.484715596670063142e-01
-1.367441402744297596e+00
-2.369877697455020638e+00
3.090169943749486725e-01
-9.142384897918676145e-01
-6.349917558594683209e-01
-1.416558759556886038e+00
-6.766304651587132790e-01
-2.178450475300252709e+00
-3.315424485676392141e+00
2.984778632535719511e-01
-1.975355682247993183e+00
-3.957280855410785780e-01
2.221303703971785115e+00
2.951636397139911772e-03
7.231932802524266846e-01
-1.768765404476753123e-01
-5.155655937865755156e-01
-2.358310115193530176e+00
-2.139489610481947857e+00
-5.708578049149370948e-03
-3.018220056834568954e+00
-3.127370977941838492e-01
1.373292855737447415e-01
-2.707167888823173385e+00
-9.817686992206954288e-01
-2.001620085317591169e+00
-1.945464510575373618e+00
-1.984587498959884400e+00
-6.563286269184009925e-03
1.404563310442080493e+00
-4.165800293918209274e-01
3.140996570544140276e+00
1.367080670533919795e+00
-8.096175274196910632e-01
1.260715464548258780e+00
-1.037187320456802286e+00
-8.288662801634305577e-01
-4.306526741641638623e-01
7.018096047896208445e-01
3.789661989063702885e-01
-8.062086085270204761e-01
1.849501714210211700e+00
-1.532378338513618710e+00
-1.507045626503598523e+00
9.370387987882602410e-01
-1.243380790579991624e+00
1.059923914521946120e+00
2.224482645983045792e+00
2.867420634144507652e+00
2.370346778052815573e+00
2.057977179667989098e+00
3.147421669046965853e+00
-8.090169943749225823e-01
8.496596031744726440e-01
1.585008673311306904e+00
-1.042262056268108861e+00
1.856629698532604955e+00
1.287715494636013425e+00
6.199830196254958459e-01
6.518756543542680859e-02
-8.226101652436812461e-02
2.304567603177765100e-03
-2.337111725242392080e+00
1.288784504444033585e+00
1.073611910862461993e+00
1.720943598248477757e-01
3.904737401553407761e+00
1.839814028247316102e+00
1.383173777071289745e+00
1.152005228828934635e+00
4.064200225693618274e-01
-3.052517754211366841e-01
-1.468677865303596342e+00
1.521583937349018978e+00
-7.819115802849095909e-01
-7.597915004648172488e-01
1.503470788472480058e+00
-2.309016994374942122e+00
-1.637525197767595753e+00
-1.592512680744182507e+00
-2.163162688525873900e+00
-1.601320958274059292e+00
-7.684633560256384222e-01
1.797040774143562558e+00
-5.368839394462647796e-01
1.199805510881842396e+00
1.747926191882918756e+00
-2.235433396497101821e+00
-1.401752776984264148e-01
-1.086918680287986438e+00
-1.905667957938881774e+00
-9.387100661024221360e-01
-6.160283965065088685e-01
-9.326580482018687057e-02
-2.589836057923171175e+00
-5.993566822886935430e-01
-2.030123309440333479e+00
-4.407363446414681363e+00
-7.081507402729229073e-01
-2.073610335804774607e+00
-1.158781056141091836e+00
9.929397016726225766e-01
9.999999999999865663e-01
1.077423645802275676e+00
-3.359628315890430539e-01
1.395762735910463626e+00
-1.247301685702741025e+00
-1.666025591257648486e+00
1.457954128380673398e+00
-1.434280116371601244e+00
2.374762058570476508e-01
1.072941241389889111e+00
-6.160283965065123102e-01
-8.002012222086399840e-01
-1.601549528756604168e+00
-4.182474956205077810e-01
-2.450502744864038185e+00
-1.922546971848060338e-01
2.251277959619994107e+00
-1.820911648812729711e-01
3.206093605703952854e+00
2.737239251670868789e+00
8.940443950842098531e-01
1.549552748663570956e+00
7.555888347249203330e-01
1.118817259546900589e+00
-3.322855385593759259e-01
2.211130026965180573e+00
1.965847838815581561e+00
-4.780334349746973022e-01
2.535866003858295414e+00
-3.573056909930732439e-01
-1.468677865303640084e+00
2.017654368658061692e-02
-7.864056598448833091e-01
2.815513780960965384e-01
5.541488489382001559e-01
3.246954028881461340e+00
1.923440835113099379e+00
1.205010792435794453e+00
3.659926494664273555e+00
-3.769193202776615070e-01
3.528823226134032431e-01
1.484128285018427196e+00
-2.045093925832116577e-01
9.732631348924333237e-01
8.042158457664209115e-01
1.465962935458336780e+00
-1.101661303820312465e+00
-9.899704223262039138e-01
-1.902030520016900761e-01
-3.931231741897904364e+00
-8.090169943750646908e-01
-2.351641184034611587e-01
-1.170553671951703123e+00
1.397605232246131646e+00
1.037934879304597491e+00
1.082207193770881926e+00
-6.915961925365452512e-01
3.146519519731126868e-01
-2.376773877829646553e-01
-2.657598717069294736e+00
1.157615709342129762e+00
-5.341668731441507889e-01
-1.262092639045710341e+00
6.584728112579153469e-01
-1.669799164165922001e+00
-2.151955816043122471e+00
-3.179314097212817991e+00
-2.042821747297147716e+00
-2.826356931711356157e+00
-2.689855501924355075e+00
1.367080670533895148e+00
-1.119160016257926937e+00
1.894601668713531417e-01
1.679865531607147577e+00
-1.207365660719976752e+00
-4.270509831248421317e-01
-7.874431891703628228e-01
-1.253222624269375030e-01
-9.730457890705385138e-01
5.631767022164990699e-02
1.799837036683581193e+00
-1.914752667348870840e+00
5.433214081229181813e-02
-6.430340926508678612e-01
-3.522874963995259456e+00
-1.242781168443104267e+00
-1.506025946201476451e+00
-5.162624183207105144e-01
-6.254490725512196203e-02
1.816755902881121099e+00
2.221303703971843735e+00
-3.287846180335965984e-01
2.645818506662916736e+00
4.893983405577247980e-01
-7.472884950618726707e-01
2.255457978498549121e+00
7.384593544406661270e-01
1.507721340012745825e+00
1.605738696128565568e+00
1.851270868450044738e+00
3.090169943749909720e-01
-1.417142997410008043e+00
9.361316987748543594e-01
-2.160995711860557389e+00
-9.095784288465493805e-01
2.058843976385846819e+00
1.467157535452063843e-01
2.275334569196376222e+00
2.444947787303123565e+00
2.086347802795947892e+00
9.192177323629595609e-01
7.911408293915381806e-01
2.302799238177529073e+00
-6.517545072066960321e-01
2.137679675333347795e+00
2.804939871014237696e+00
-6.483482571465715161e-02
2.006692776642644560e+00
1.631455821796489181e-01
-1.144180694291627498e+00
-1.761030361443075565e+00
-1.293068007641158923e+00
-5.306247737890573690e-01
-1.953461822456457275e+00
1.990051320056415385e+00
1.000000000000119460e+00
-4.651662980336968012e-01
2.278736152846234653e+00
-4.982542937738672073e-01
-6.011286023484451180e-01
-9.852261033333684082e-02
2.027728299608576035e-01
2.608686376645767968e-01
-4.187119793470576168e-01
2.062308738926620144e+00
-1.347002616171237843e+00
-1.911966905586564458e+00
-4.619967257696045992e-01
-4.226854581349646978e+00
-2.611352770761653730e+00
-1.770776315492993191e+00
-1.564664790216175438e+00
-7.978825920462306875e-01
-2.854325352337822030e-01
1.240590858080415693e+00
-1.933262937327179243e+00
-2.862315372686071724e-01
2.119419662875012822e-01
-2.712404596401936985e+00
6.575848063663153331e-01
3.090169943749582204e-01
-1.492819048607174626e-01
3.715647933473374409e-01
-1.945498285068896216e-01
-7.133272746740232373e-01
-3.530305957995935717e+00
-1.221840173996586287e+00
-2.217245174943006880e+00
-3.311457595709150326e+00
1.041608375460018499e+00
-4.686903438838826985e-01
1.429542018871060582e-01
1.298264133435971024e+00
4.408820529807857547e-01
1.553603299595510689e-01
-7.414482341859567338e-01
1.847818883910848697e+00
7.299556771122391041e-02
7.514807306147149868e-01
3.713563170481743114e+00
1.373292855737970886e-01
1.098827736622606244e+00
7.973433959692114437e-01
-1.297749091991707404e+00
-1.206874611350781556e+00
-1.190983005625098734e+00
7.343676666724505697e-01
-7.830990994269504402e-01
1.651003527860099851e+00
3.028889105751393362e+00
-2.954270805759132701e-01
2.414274920554898785e+00
1.334474640863247075e+00
4.345336873046665160e-02
1.622389494078925409e+00
1.777193186871600883e+00
2.655253847262459388e+00
1.218994904049923944e+00
3.139560354353338578e+00
1.519621556240925653e+00
-1.532378338513671334e+00
1.100674113935174780e+00
-1.761690990783491673e+00
-1.806534242821640435e+00
4.160156111672975165e-01
-1.055360381290459948e-02
8.717942101887160566e-01
4.428584624855663732e-01
2.067320104131740166e+00
-2.378338756437572421e-01
-8.090169943750455950e-01
1.936913941376708248e+00
-1.232868302416812778e+00
8.142680292245652041e-01
2.256806710664887472e+00
4.712033867988585367e-01
9.945946573663119183e-01
-1.674502634651161559e-01
-3.655291323567666506e-01
-3.159184365102633674e+00
-2.337111725242422722e+00
-9.737462959643156113e-01
-3.735306860004111051e+00
3.070843374474696574e-02
3.626926965550297810e-02
-1.494340668793787019e+00
1.586749084882477234e-01
-9.471904671420765531e-01
-9.414411745408320931e-01
-1.989305212744872042e+00
1.938298858059768204e-01
3.824377707600404852e-01
-1.222694492352540241e+00
2.455336924450387759e+00
-2.638588752258262948e-01
-1.593096038215508603e+00
-4.272726524840793072e-01
-2.895090157173942469e+00
-2.704642580298122212e+00
-2.745362714778578628e+00
-7.684633560257443374e-01
-1.349932640044982257e+00
-1.216191571741692012e+00
1.829156360138172399e+00
-1.729594947039980068e+00
-6.593038859454715128e-01
6.302908034942729110e-01
-1.505807847551755563e+00
4.877982957801942909e-01
1.025913991955625937e+00
2.073965651349206851e+00
9.245326718222810491e-01
1.350504591438393742e+00
1.858294336215851494e+00
-2.399361992711248615e+00
-1.935273805190838026e-01
-6.468949242864484583e-01
-2.424641803473591928e+00
6.612371619787479338e-01
4.474613762207055867e-01
9.999999999998839817e-01
5.319453203504087568e-01
1.484055386530809262e+00
1.044731268241894329e+00
-1.186045869716598533e+00
2.547810474638074307e+00
1.088715445109798008e+00
1.023370902132608062e+00
4.177816855218827286e+00
2.090739718032241790e+00
2.073965651349274797e+00
1.164422835849405313e+00
7.919167249625242988e-01
-8.371366628840790636e-01
-1.680036663671650832e+00
1.383874813366942291e+00
-1.226243179302988207e+00
4.472596843748601336e-01
2.526785973408957275e+00
-4.097341625180109248e-01
8.940443950842568155e-01
4.055109921591156796e-01
2.141089429526311649e-01
-1.837602168827678906e-01
8.779670067239376818e-01
2.927050983124841910e+00
1.985181751169209363e-01
2.737094989940513923e+00
2.095083091790977292e+00
-1.496451857582384193e+00
1.938298858061493490e-01
-1.663876893637263876e+00
-2.134266856955066238e+00
-1.817644317874776982e+00
-6.703500196449952986e-01
-8.720066815947824512e-02
-1.945027296784954451e+00
1.063624866355544540e+00
-1.148992276201957541e+00
-2.639450120686333001e+00
3.528823226134416569e-01
-1.677360647687335060e+00
-4.877775084157750518e-01
7.406253059919879478e-01
1.178827483507213225e+00
6.494508276214709941e-01
-7.014842916881877111e-01
8.665596631665963834e-01
-3.008080027729667538e+00
-2.843977403696156259e+00
-8.090169943748102277e-01
-3.620419663094417206e+00
-1.161210747488011563e+00
-5.298830833208555413e-01
-9.576915446513872832e-01
-1.152829056024929022e+00
-1.335504495891274290e+00
-2.485015002683672591e-01
-2.936407177354705134e+00
-4.987897663067553111e-02
1.157615709342334487e+00
-8.640470311137322668e-01
2.683676323834632171e+00
1.498501516401555378e+00
2.836450783069470738e-01
5.589004499263605652e-02
-7.280583229707361381e-01
-9.621810581097899329e-01
-2.752597755396616996e+00
5.340369460503869847e-01
-2.954270805757019946e-01
-1.231267481050986934e+00
2.257043724123567685e+00
-5.077968782619413091e-01
-4.664347077784589679e-01
3.665535102100789810e-01
-4.885328994586080054e-02
5.785487308990401312e-01
8.060663061191962742e-01
3.862313295667676005e+00
1.799837036683637592e+00
2.111547600926830803e+00
3.824032928262016906e+00
-5.643299468907325700e-01
4.644335303976259710e-01
3.740807125645643771e-01
-8.351000224556652807e-01
1.014961751078707897e-01
5.125259459282436314e-01
1.956758468371381898e+00
-4.686903438839097880e-01
1.108551842967465006e+00
1.309716593202068902e+00
-2.026324697639239503e+00
1.346295816617766317e+00
9.036024958032278231e-01
7.017625449251776448e-01
2.729730271062776659e+00
2.612295245335279681e+00
2.616227453381329227e+00
3.090169943751230885e-01
1.610319506411242552e+00
-4.088314948825570450e-01
-2.597525305240375726e+00
8.801700187935324049e-01
-1.429662430161795950e+00
-8.918139745142403818e-01
8.112643283011345963e-01
-5.940828156322519593e-01
-7.355908827129209460e-01
-1.770776315492996522e+00
-2.305479937828501247e-01
-2.044510667137206195e+00
-1.253038610416275400e+00
2.177067189186225882e+00
-6.401255844357984781e-01
1.460759723149321454e+00
1.866670155642409235e+00
-7.501431852006443801e-01
-6.867234569203514161e-01
-1.761030361443151948e+00
-1.340043257270499222e+00
-3.139195940753097158e+00
-1.260036604674945604e+00
3.756038057532240515e-02
-3.000000000000000000e+00
3.756038057502064653e-02
-1.260036604674505512e+00
-3.139195940753320091e+00
-1.340043257270417731e+00
-1.761030361443141068e+00
-6.867234569203958250e-01
-7.501431852005332468e-01
1.866670155642082607e+00
1.460759723149719580e+00
-6.401255844359908798e-01
2.177067189186107754e+00
-1.253038610415855292e+00
-2.044510667137585891e+00
-2.305479937826902526e-01
-1.770776315493023834e+00
-7.355908827129965522e-01
-5.940828156321953379e-01
8.112643283009467465e-01
-8.918139745138633501e-01
-1.429662430162102371e+00
8.801700187936432052e-01
-2.597525305240159899e+00
-4.088314948829982476e-01
1.610319506411544754e+00
3.090169943750179504e-01
2.616227453381263501e+00
2.612295245335333860e+00
2.729730271062682512e+00
7.017625449253975800e-01
9.036024958028885390e-01
1.346295816618130914e+00
-2.026324697639240391e+00
1.309716593201886159e+00
1.108551842967614220e+00
-4.686903438842283109e-01
1.956758468371375903e+00
5.125259459282018870e-01
1.014961751078280461e-01
-8.351000224552400653e-01
3.740807125645184139e-01
4.644335303976708795e-01
-5.643299468908289374e-01
3.824032928261872133e+00
2.111547600927054624e+00
1.799837036683517688e+00
3.862313295667616941e+00
8.060663061191116752e-01
5.785487308989667454e-01
-4.885328994586002338e-02
3.665535102100901388e-01
-4.664347077782002859e-01
-5.077968782618933474e-01
2.257043724123544592e+00
-1.231267481050975832e+00
-2.954270805760806917e-01
5.340369460504350574e-01
-2.752597755396632540e+00
-9.621810581097126613e-01
-7.280583229705211989e-01
5.589004499264144110e-02
2.836450783069711101e-01
1.498501516401458566e+00
2.683676323835086031e+00
-8.640470311134968995e-01
1.157615709341815791e+00
-4.987897662986387481e-02
-2.936407177355067954e+00
-2.485015002684892726e-01
-1.335504495891083110e+00
-1.152829056025284293e+00
-9.576915446510085861e-01
-5.298830833212176961e-01
-1.161210747487733119e+00
-3.620419663094457619e+00
-8.090169943751669424e-01
-2.843977403695246320e+00
-3.008080027730159589e+00
8.665596631666453442e-01
-7.014842916879902024e-01
6.494508276210222419e-01
1.178827483507329799e+00
7.406253059918136428e-01
-4.877775084153018748e-01
-1.677360647687510031e+00
3.528823226134415458e-01
-2.639450120685779222e+00
-1.148992276202778440e+00
1.063624866355962428e+00
-1.945027296784834103e+00
-8.720066815973870344e-02
-6.703500196445698611e-01
-1.817644317874979265e+00
-2.134266856954981861e+00
-1.663876893637466825e+00
1.938298858063571828e-01
-1.496451857582227207e+00
2.095083091790450158e+00
2.737094989941058820e+00
1.985181751167840458e-01
2.927050983124724226e+00
8.779670067241065468e-01
-1.837602168830901328e-01
2.141089429528924837e-01
4.055109921589202804e-01
8.940443950842877907e-01
-4.097341625179896640e-01
2.526785973408673946e+00
4.472596843753398055e-01
-1.226243179303228237e+00
1.383874813366992029e+00
-1.680036663671389707e+00
-8.371366628844175706e-01
7.919167249626005711e-01
1.164422835849251214e+00
2.073965651349413353e+00
2.090739718032034844e+00
4.177816855218817516e+00
1.023370902133071914e+00
1.088715445109362578e+00
2.547810474638281253e+00
-1.186045869716511270e+00
1.044731268241593014e+00
1.484055386531061949e+00
5.319453203501056660e-01
9.999999999999921174e-01
4.474613762206197665e-01
6.612371619788703914e-01
-2.424641803473363666e+00
-6.468949242869453942e-01
-1.935273805187693874e-01
-2.399361992711403602e+00
1.858294336215589926e+00
1.350504591438801860e+00
9.245326718221249518e-01
2.073965651349573669e+00
1.025913991955564430e+00
4.877982957801823005e-01
-1.505807847551762224e+00
6.302908034938263793e-01
-6.593038859450737199e-01
-1.729594947040234088e+00
1.829156360138099124e+00
-1.216191571741309652e+00
-1.349932640045373056e+00
-7.684633560255096363e-01
-2.745362714778476043e+00
-2.704642580298023624e+00
-2.895090157174073031e+00
-4.272726524842310747e-01
-1.593096038215226162e+00
-2.638588752263452131e-01
2.455336924450527203e+00
-1.222694492352346396e+00
3.824377707598802800e-01
1.938298858064176344e-01
-1.989305212745118068e+00
-9.414411745408418630e-01
-9.471904671420816602e-01
1.586749084882712602e-01
-1.494340668793601168e+00
3.626926965530474778e-02
3.070843374483722688e-02
-3.735306860004175444e+00
-9.737462959644611615e-01
-2.337111725242198901e+00
-3.159184365102681635e+00
-3.655291323567217976e-01
-1.674502634650733013e-01
9.945946573662917123e-01
4.712033867989066094e-01
2.256806710664686744e+00
8.142680292247898022e-01
-1.232868302416802564e+00
1.936913941376677162e+00
-8.090169943748771741e-01
-2.378338756440620261e-01
2.067320104131801450e+00
4.428584624856511942e-01
8.717942101887024009e-01
-1.055360381292491656e-02
4.160156111672463908e-01
-1.806534242821530745e+00
-1.761690990783654875e+00
1.100674113935181442e+00
-1.532378338513566973e+00
1.519621556240982940e+00
3.139560354353599259e+00
1.218994904049730987e+00
2.655253847262400324e+00
1.777193186871792951e+00
1.622389494078809280e+00
4.345336873074695516e-02
1.334474640862634676e+00
2.414274920555333992e+00
-2.954270805759147134e-01
3.028889105750872890e+00
1.651003527860896769e+00
-7.830990994273596684e-01
7.343676666724441304e-01
-1.190983005624891344e+00
-1.206874611350953419e+00
-1.297749091991505566e+00
7.973433959686688777e-01
1.098827736623048779e+00
1.373292855735543938e-01
3.713563170481492204e+00
7.514807306153756805e-01
7.299556771068259342e-02
1.847818883911102272e+00
-7.414482341857557834e-01
1.553603299592927200e-01
4.408820529807598865e-01
1.298264133435750090e+00
1.429542018876316378e-01
-4.686903438843301739e-01
1.041608375460273406e+00
-3.311457595708684476e+00
-2.217245174943677011e+00
-1.221840173996251444e+00
-3.530305957996103139e+00
-7.133272746741632364e-01
-1.945498285066439292e-01
3.715647933471747377e-01
-1.492819048604237531e-01
3.090169943747224091e-01
6.575848063665767906e-01
-2.712404596401895684e+00
2.119419662870994925e-01
-2.862315372681876746e-01
-1.933262937327565378e+00
1.240590858080249603e+00
-2.854325352335925770e-01
-7.978825920462794263e-01
-1.564664790215933854e+00
-1.770776315493189035e+00
-2.611352770761361963e+00
-4.226854581349676288e+00
-4.619967257699053587e-01
-1.911966905586224508e+00
-1.347002616171659506e+00
2.062308738926730722e+00
-4.187119793468765394e-01
2.608686376643668536e-01
2.027728299610790375e-01
-9.852261033342027408e-02
-6.011286023481418050e-01
-4.982542937740933042e-01
2.278736152846268848e+00
-4.651662980334565489e-01
9.999999999996270761e-01
1.990051320056842599e+00
-1.953461822456591612e+00
-5.306247737891950367e-01
-1.293068007640993500e+00
-1.761030361443325143e+00
-1.144180694291442757e+00
1.631455821794056682e-01
2.006692776642727161e+00
-6.483482571445331466e-02
2.804939871013860220e+00
2.137679675333841622e+00
-6.517545072067524314e-01
2.302799238177351437e+00
7.911408293917836509e-01
9.192177323627502838e-01
2.086347802795928796e+00
2.444947787302884645e+00
2.275334569196453938e+00
1.467157535452625616e-01
2.058843976385719365e+00
-9.095784288461538081e-01
-2.160995711860846047e+00
9.361316987749114249e-01
-1.417142997409865934e+00
3.090169943747596570e-01
1.851270868450137552e+00
1.605738696128431009e+00
1.507721340012764255e+00
7.384593544406321541e-01
2.255457978498633054e+00
-7.472884950616369704e-01
4.893983405572963630e-01
2.645818506663147662e+00
-3.287846180336676527e-01
2.221303703971654997e+00
1.816755902881273421e+00
-6.254490725538915108e-02
-5.162624183205571926e-01
-1.506025946201539067e+00
-1.242781168443146012e+00
-3.522874963995109798e+00
-6.430340926512512212e-01
5.433214081262738304e-02
-1.914752667348975645e+00
1.799837036683415992e+00
5.631767022192746275e-02
-9.730457890706203372e-01
-1.253222624268420793e-01
-7.874431891704203323e-01
-4.270509831248427979e-01
-1.207365660719844191e+00
1.679865531607050766e+00
1.894601668715498177e-01
-1.119160016258148094e+00
1.367080670533887599e+00
-2.689855501924212078e+00
-2.826356931711430764e+00
-2.042821747297014934e+00
-3.179314097213147949e+00
-2.151955816043093606e+00
-1.669799164165818750e+00
6.584728112580328085e-01
-1.262092639045051090e+00
-5.341668731447213325e-01
1.157615709342548538e+00
-2.657598717068956340e+00
-2.376773877834834625e-01
3.146519519736536985e-01
-6.915961925365859964e-01
1.082207193770922782e+00
1.037934879304487357e+00
1.397605232246224682e+00
-1.170553671951384489e+00
-2.351641184041443899e-01
-8.090169943744531800e-01
-3.931231741898053578e+00
-1.902030520020736581e-01
-9.899704223256747815e-01
-1.101661303820915316e+00
1.465962935458324568e+00
8.042158457664968507e-01
9.732631348924625225e-01
-2.045093925830298587e-01
1.484128285018030624e+00
3.528823226136610924e-01
-3.769193202780400931e-01
3.659926494664210495e+00
1.205010792436151501e+00
1.923440835112561365e+00
3.246954028881956500e+00
5.541488489381978244e-01
2.815513780961045320e-01
-7.864056598449000735e-01
2.017654368647564533e-02
-1.468677865303091190e+00
-3.573056909935742320e-01
2.535866003858441520e+00
-4.780334349743318167e-01
1.965847838815129034e+00
2.211130026965767215e+00
-3.322855385593611599e-01
1.118817259546985854e+00
7.555888347250142578e-01
1.549552748663467039e+00
8.940443950844618737e-01
2.737239251670195994e+00
3.206093605704372962e+00
-1.820911648812408856e-01
2.251277959619702784e+00
-1.922546971843962504e-01
-2.450502744864522242e+00
-4.182474956204724759e-01
-1.601549528756466056e+00
-8.002012222088235038e-01
-6.160283965066091216e-01
1.072941241389524958e+00
2.374762058572078560e-01
-1.434280116371767111e+00
1.457954128380519299e+00
-1.666025591257288774e+00
-1.247301685703173124e+00
1.395762735910861974e+00
-3.359628315890355044e-01
1.077423645802066510e+00
1.000000000000004219e+00
9.929397016725468594e-01
-1.158781056140627763e+00
-2.073610335805079252e+00
-7.081507402728655087e-01
-4.407363446414545471e+00
-2.030123309440716728e+00
-5.993566822881504219e-01
-2.589836057923192492e+00
-9.326580482014812379e-02
-6.160283965062754996e-01
-9.387100661024512238e-01
-1.905667957938652179e+00
-1.086918680287997985e+00
-1.401752776982080340e-01
-2.235433396496989467e+00
1.747926191882706259e+00
1.199805510882255843e+00
-5.368839394466928816e-01
1.797040774143614295e+00
-7.684633560253939510e-01
-1.601320958274063289e+00
-2.163162688525846367e+00
-1.592512680744529341e+00
-1.637525197767403018e+00
-2.309016994375005627e+00
1.503470788472253794e+00
-7.597915004645565684e-01
-7.819115802851941410e-01
1.521583937349070936e+00
-1.468677865303597674e+00
-3.052517754213190937e-01
4.064200225694252211e-01
1.152005228828852701e+00
1.383173777071656341e+00
1.839814028247158006e+00
3.904737401553380671e+00
1.720943598249714546e-01
1.073611910862204422e+00
1.288784504444472789e+00
-2.337111725242406735e+00
2.304567602975038376e-03
-8.226101652407868947e-02
6.518756543530518366e-02
6.199830196257278825e-01
1.287715494636043623e+00
1.856629698532735517e+00
-1.042262056267857950e+00
1.585008673311187444e+00
8.496596031747470912e-01
-8.090169943752122395e-01
3.147421669047016479e+00
2.057977179668241341e+00
2.370346778052826231e+00
2.867420634144528968e+00
2.224482645982806872e+00
1.059923914522005406e+00
-1.243380790579990736e+00
9.370387987879638114e-01
-1.507045626503473734e+00
-1.532378338513793903e+00
1.849501714210222580e+00
-8.062086085270321334e-01
3.789661989059993075e-01
7.018096047900093115e-01
-4.306526741644853828e-01
-8.288662801631554444e-01
-1.037187320457098938e+00
1.260715464548261444e+00
-8.096175274193537774e-01
1.367080670533069364e+00
3.140996570544554167e+00
-4.165800293917695241e-01
1.404563310441510726e+00
-6.563286268779222610e-03
-1.984587498960242113e+00
-1.945464510575375172e+00
-2.001620085317839415e+00
-9.817686992206438035e-01
-2.707167888823100554e+00
1.373292855731391982e-01
-3.127370977934428864e-01
-3.018220056834792331e+00
-5.708578049326340498e-03
-2.139489610481493997e+00
-2.358310115193900991e+00
-5.155655937863709015e-01
-1.768765404478029879e-01
7.231932802525672388e-01
2.951636397218626584e-03
2.221303703971611032e+00
-3.957280855404179398e-01
-1.975355682248216560e+00
2.984778632536226883e-01
-3.315424485676106592e+00
-2.178450475300687916e+00
-6.766304651584076346e-01
-1.416558759557187575e+00
-6.349917558593850542e-01
-9.142384897919638709e-01
3.090169943749577208e-01
-2.369877697454661369e+00
-1.367441402744926204e+00
6.484715596673001903e-01
-2.075979984908557174e+00
1.555243469219907748e+00
2.279120586139977700e+00
1.178637705661449431e+00
2.241148010889021158e+00
1.257273895292699395e+00
9.192177323627965801e-01
-1.589663947587180770e+00
1.204553239648206014e-01
1.392873774400835707e-01
-1.951354419439434995e+00
2.098062839278538760e+00
5.367141900627295792e-01
-2.786893583468901814e-01
1.174157405044908842e+00
-2.546844074102311284e-01
-9.852261033329778872e-02
-5.541533527188232666e-01
2.110316873189976405e+00
1.585310935064827120e+00
1.487324641447402396e+00
