5.000000000000000000e+00
1.064042752290264016e+00
1.198630951361295605e+00
4.605134466103240065e-01
-1.125041891000195360e+00
-7.559378046991258593e-01
2.485385749880957285e-01
1.131898525528179267e+00
-1.773419220673123631e+00
1.223816762095016220e+00
-1.367279071194186901e+00
-1.102715102541436787e+00
1.252286778449668514e+00
2.198484426273993320e-01
5.567859926320661845e-02
-1.339834933980387444e+00
-1.083331463650167414e+00
-4.696576398231135485e+00
-1.284228443117160001e+00
-6.438133688466535220e-01
-9.778578229950039002e-01
2.084196554648687361e+00
4.906209817505626791e-01
3.350616688861965953e-01
-4.934878379579194507e-01
1.868204062112653663e+00
-3.297007465661200842e-01
1.297926803935594009e+00
1.948642032811882085e+00
-1.748560645699622551e+00
3.342420764456122129e-01
-3.784172382151953506e-01
9.330113907748693869e-01
1.360307045940288617e+00
3.885358111385014190e+00
1.584611801035729961e+00
-5.057339200103488919e-02
1.262078993213043177e+00
-2.797372177832664342e+00
-5.974651293292386756e-01
-4.979423598330867673e-01
-4.749256179327007166e-01
-1.575058955098163516e+00
-6.525398004170033239e-01
-1.135608669591804620e+00
-2.483044312604533399e+00
2.030719783935160727e+00
-3.577888606014909545e-01
4.431452895975281914e-01
-3.843758392504004195e-02
-1.763355756877395208e+00
-2.825002800540865167e+00
-1.738470100796795759e+00
5.793098089029378173e-01
-1.145239667181775278e+00
3.074146464410160373e+00
1.055675398734826409e+00
2.669064692420425877e-01
1.542480986859919634e+00
1.095546657628259313e+00
1.414292301840231803e+00
1.102786249969028631e+00
2.496557240638036745e+00
-1.997395234963353250e+00
-1.403477103617536415e-01
-3.393847770070745895e-01
-1.109916536565888734e+00
2.070869432825135359e+00
1.834008103477166696e+00
1.558332128570893982e+00
-7.235430306426861025e-01
6.095572143592025149e-01
-2.898106576892839570e+00
-1.677922268516239823e+00
1.800839445766832525e-01
-2.401901902968238467e+00
-6.697160439388329944e-01
-1.713891955600150840e+00
-1.329796986596539554e+00
-1.957889671935060694e+00
1.702966685284214243e+00
9.657572206735376419e-01
2.665115414155970752e-01
2.193024360516320215e+00
-2.073794446954452031e+00
-1.170342093087536339e+00
-9.893994510562794664e-01
4.298775274535194812e-01
1.904905195454394684e-01
2.418638605508536710e+00
2.177159410687237617e+00
-6.007919806688698516e-01
2.786691013021373564e+00
4.683315825346581196e-01
1.472515058995747417e+00
1.796236595390878765e+00
1.029072383406469449e+00
-1.329878838533782526e+00
-1.813681982188676933e+00
-4.382910193202337323e-01
-2.927050983124843686e+00
1.676381572355211569e+00
9.391657213690012274e-01
1.484384523422468405e-01
1.800670909422086297e-01
-9.792432408520527209e-01
-1.875625013417403064e+00
-2.278789463876889076e+00
7.984451268850181194e-01
-2.576425332312099581e+00
-5.198352320005845684e-01
-8.072490051936684896e-01
-2.341434908940166704e+00
-5.158327364439330154e-03
1.102483469170379760e+00
2.386159800088122118e+00
9.777301216986261645e-01
3.166538571483685338e+00
-9.508811582355102265e-01
-1.065203626002974691e+00
7.103996798666669665e-01
-8.715245988574392699e-01
1.464717536266198605e+00
1.490480077864756447e+00
1.832576819263821655e+00
-7.071067811865651143e-01
1.846745722932093159e+00
7.029808765343680266e-01
-1.266692927851803541e-02
2.739081431195819594e+00
-7.973577133688851681e-01
-1.179965348480638943e+00
-2.503632913368968982e+00
-1.848381592474603874e+00
-2.949375586436439711e+00
1.210512492433743204e-01
1.339149187247637984e+00
-1.290561437952702395e+00
1.402100678819459656e+00
-1.454816847688837012e+00
-1.370479021525236929e+00
-8.781049784329133523e-01
4.164644911238670200e-01
-8.430101839954285969e-01
-8.076779484713947355e-01
6.689975865062204319e-01
-2.803380978221849062e+00
1.158268224752089237e+00
1.575215372256955515e+00
2.166262687918474761e+00
2.853169548885478246e+00
2.466881178906434879e+00
5.206641987345075329e-01
-1.516696648324061591e+00
1.370644052952650238e+00
-1.625420958950970718e+00
9.370126975498574984e-01
1.466978021031384749e+00
-3.637522312299492633e-01
-1.260809579277439862e-01
-1.122063302312814592e-01
6.371900992604402347e-01
-9.153718861149185981e-01
2.480328109584574836e+00
-1.030232354455058896e+00
-2.135870897831603443e+00
-1.541383215410473184e+00
-3.703378571566933175e+00
-1.973498675864359120e+00
-7.291770479470026656e-01
1.427259889112487024e+00
-8.961351659842791140e-01
1.548932832714465135e+00
-8.813529927198782143e-02
-1.604660652025175382e+00
1.570648027413296566e+00
4.952659749097743092e-02
7.405141907561620940e-01
-1.069022378821578023e-01
6.671557696137381255e-01
-1.883650464594281981e+00
5.442875312779797969e-01
2.597581696113938410e+00
8.842937181428894844e-01
4.130606908422565837e+00
1.675391947486975175e+00
4.083086050353310625e-01
-1.046120375600055663e+00
6.972202587434167542e-03
-1.321959949201953588e+00
-7.905786841194689663e-01
1.568350060131102897e+00
-2.437953326746049143e+00
-3.104372407897303399e-01
-9.090982628299556501e-01
-7.039955609425425642e-01
-2.478516577196944459e-02
1.258224300432740250e+00
5.600775132544533186e-02
-2.688869144819864498e+00
-4.270509831248405774e-01
-3.995808681553110198e+00
-1.645345695325327373e+00
3.445739685146895770e-01
4.999289615995559655e-01
1.011345312945529873e+00
1.160166101016893325e+00
1.387376937102868135e+00
-1.209149791121615802e+00
2.789358620754478046e+00
8.762556725380002964e-01
6.717482380991417479e-01
1.571788174371630875e+00
-7.772534309976897315e-01
-8.845461401501115706e-01
-5.226471035490083406e-01
2.244661007489647808e+00
2.826288472340721114e-01
3.349971762154233978e+00
1.799490364344430215e+00
-1.270210319134636112e+00
-4.254769739003627649e-03
-1.834007195066417406e+00
-1.239896638524741634e+00
-1.496975441774608617e+00
5.232070381847021556e-01
-2.634714278799195952e+00
-1.559614366834814581e+00
-2.343669419977034152e-01
-2.212253511855254207e+00
1.472879871906073612e+00
9.631838641789502997e-01
7.073109035422625590e-01
-1.281148227488926761e+00
-4.045350016768093360e-01
-2.420436011699200751e+00
-1.944611723427769112e+00
2.043480798634836670e+00
-2.389605317007005292e-01
2.217875743344913886e+00
1.608876998504649158e+00
1.093702835109865656e+00
3.321642350279315203e-01
2.152944237411690942e+00
2.088628399174252692e+00
-1.389572044026952113e-01
2.395431741325704245e+00
-1.874512627391594854e+00
-1.527306051639533813e+00
-6.178905398358351952e-01
2.181294957946441360e-14
6.178905398357994461e-01
1.527306051639445439e+00
1.874512627391636155e+00
-2.395431741325737995e+00
1.389572044026424757e-01
-2.088628399174109251e+00
-2.152944237411695383e+00
-3.321642350280121780e-01
-1.093702835109815918e+00
-1.608876998504659372e+00
-2.217875743345086637e+00
2.389605317007433838e-01
-2.043480798634820239e+00
1.944611723427710936e+00
2.420436011699345968e+00
4.045350016769038159e-01
1.281148227488794422e+00
-7.073109035422364688e-01
-9.631838641788801336e-01
-1.472879871906064952e+00
2.212253511855327037e+00
2.343669419976613932e-01
1.559614366834837895e+00
2.634714278799079601e+00
-5.232070381847686580e-01
1.496975441774500037e+00
1.239896638524782491e+00
1.834007195066508888e+00
4.254769738948893654e-03
1.270210319134583488e+00
-1.799490364344373150e+00
-3.349971762154430266e+00
-2.826288472340592328e-01
-2.244661007489554994e+00
5.226471035488480243e-01
8.845461401501361065e-01
7.772534309977605638e-01
-1.571788174371546276e+00
-6.717482380993147206e-01
-8.762556725378261024e-01
-2.789358620754573526e+00
1.209149791121540751e+00
-1.387376937102743124e+00
-1.160166101017054086e+00
-1.011345312945515884e+00
-4.999289615995057279e-01
-3.445739685146872455e-01
1.645345695325151958e+00
3.995808681553217667e+00
4.270509831248530119e-01
2.688869144819868495e+00
-5.600775132528312827e-02
-1.258224300432728926e+00
2.478516577195261084e-02
7.039955609426442606e-01
9.090982628299838497e-01
3.104372407896189845e-01
2.437953326745991411e+00
-1.568350060131035395e+00
7.905786841193390702e-01
1.321959949202066387e+00
-6.972202587405995633e-03
1.046120375599970398e+00
-4.083086050353152974e-01
-1.675391947486930766e+00
-4.130606908422693735e+00
-8.842937181429316729e-01
-2.597581696113806071e+00
-5.442875312780256492e-01
1.883650464594297524e+00
-6.671557696136994897e-01
1.069022378821152808e-01
-7.405141907561750836e-01
-4.952659749089605157e-02
-1.570648027413376280e+00
1.604660652025158729e+00
8.813529927216295912e-02
-1.548932832714531527e+00
8.961351659842222706e-01
-1.427259889112493241e+00
7.291770479470109922e-01
1.973498675864331808e+00
3.703378571566999788e+00
1.541383215410384588e+00
2.135870897831569248e+00
1.030232354455031585e+00
-2.480328109584499785e+00
9.153718861148648633e-01
-6.371900992604071501e-01
1.122063302312927835e-01
1.260809579277549775e-01
3.637522312300887628e-01
-1.466978021031509094e+00
-9.370126975500270294e-01
1.625420958951111050e+00
-1.370644052952564085e+00
1.516696648323894170e+00
-5.206641987342720546e-01
-2.466881178906436212e+00
-2.853169548885529760e+00
-2.166262687918523611e+00
-1.575215372256882906e+00
-1.158268224752388997e+00
2.803380978221857056e+00
-6.689975865061964511e-01
8.076779484711387180e-01
8.430101839955552734e-01
-4.164644911237904701e-01
8.781049784329533203e-01
1.370479021525204733e+00
1.454816847688932491e+00
-1.402100678819546697e+00
1.290561437952683743e+00
-1.339149187247506978e+00
-1.210512492435328047e-01
2.949375586436465912e+00
1.848381592474768187e+00
2.503632913368933455e+00
1.179965348480630061e+00
7.973577133689461194e-01
-2.739081431195818706e+00
1.266692927838480864e-02
-7.029808765342661081e-01
-1.846745722932134681e+00
7.071067811864522046e-01
-1.832576819263759926e+00
-1.490480077864778652e+00
-1.464717536266336939e+00
8.715245988574964464e-01
-7.103996798666405432e-01
1.065203626003049742e+00
9.508811582356537784e-01
-3.166538571483616948e+00
-9.777301216986516996e-01
-2.386159800088112348e+00
-1.102483469170397523e+00
5.158327364371828594e-03
2.341434908940234649e+00
8.072490051937328825e-01
5.198352320004667737e-01
2.576425332312157757e+00
-7.984451268849969141e-01
2.278789463876891297e+00
1.875625013417486331e+00
9.792432408521623000e-01
-1.800670909422683041e-01
-1.484384523422364044e-01
-9.391657213688962003e-01
-1.676381572355186478e+00
2.927050983124837025e+00
4.382910193203021221e-01
1.813681982188696251e+00
1.329878838533778529e+00
-1.029072383406389957e+00
-1.796236595391011104e+00
-1.472515058995679915e+00
-4.683315825344344097e-01
-2.786691013021473484e+00
6.007919806687022080e-01
-2.177159410687031116e+00
-2.418638605508866668e+00
-1.904905195454735800e-01
-4.298775274534943347e-01
9.893994510563193234e-01
1.170342093087455959e+00
2.073794446954576820e+00
-2.193024360516275806e+00
-2.665115414156726259e-01
-9.657572206733121556e-01
-1.702966685284219350e+00
1.957889671935034270e+00
1.329796986596599728e+00
1.713891955600127082e+00
6.697160439387626063e-01
2.401901902968277991e+00
-1.800839445765081703e-01
1.677922268516109927e+00
2.898106576893085595e+00
-6.095572143591185821e-01
7.235430306425758573e-01
-1.558332128570880215e+00
-1.834008103477130280e+00
-2.070869432825210410e+00
1.109916536565889622e+00
3.393847770070147485e-01
1.403477103616566080e-01
1.997395234963327493e+00
-2.496557240637963471e+00
-1.102786249969074373e+00
-1.414292301840101240e+00
-1.095546657628151177e+00
-1.542480986860051750e+00
-2.669064692421280194e-01
-1.055675398734768677e+00
-3.074146464410285162e+00
1.145239667181759291e+00
-5.793098089029542486e-01
1.738470100796687401e+00
2.825002800540790560e+00
1.763355756877380109e+00
3.843758392497448328e-02
-4.431452895974912209e-01
3.577888606015665607e-01
-2.030719783935172718e+00
2.483044312604445025e+00
1.135608669591805064e+00
6.525398004169072896e-01
1.575058955098085578e+00
4.749256179328555927e-01
4.979423598330957601e-01
5.974651293292900789e-01
2.797372177832763374e+00
-1.262078993213056499e+00
5.057339200107024979e-02
-1.584611801035764822e+00
-3.885358111384883628e+00
-1.360307045940277959e+00
-9.330113907748243118e-01
3.784172382152425351e-01
-3.342420764457484372e-01
1.748560645699650307e+00
-1.948642032811807701e+00
-1.297926803935876894e+00
3.297007465662022407e-01
-1.868204062112621688e+00
4.934878379578800933e-01
-3.350616688861524084e-01
-4.906209817505499116e-01
-2.084196554648809485e+00
9.778578229948533540e-01
6.438133688467925220e-01
1.284228443116886886e+00
4.696576398231169236e+00
1.083331463650347271e+00
1.339834933980307285e+00
-5.567859926320961605e-02
-2.198484426274045500e-01
-1.252286778449694049e+00
1.102715102541412140e+00
1.367279071194299700e+00
-1.223816762095116140e+00
1.773419220673062346e+00
-1.131898525528107324e+00
-2.485385749882130790e-01
7.559378046990594679e-01
1.125041891000398087e+00
-4.605134466102230317e-01
-1.198630951361307373e+00
-1.064042752290096594e+00
-5.000000000000000000e+00
-1.064042752290303984e+00
-1.198630951361153052e+00
-4.605134466102996926e-01
1.125041891000223337e+00
7.559378046991032107e-01
-2.485385749881569017e-01
-1.131898525528157284e+00
1.773419220673296381e+00
-1.223816762094884325e+00
1.367279071194110740e+00
1.102715102541557135e+00
-1.252286778449670068e+00
-2.198484426274786019e-01
-5.567859926326867992e-02
1.339834933980488030e+00
1.083331463650051951e+00
4.696576398231156801e+00
1.284228443117099827e+00
6.438133688466043392e-01
9.778578229949600464e-01
-2.084196554648729105e+00
-4.906209817507242166e-01
-3.350616688861910442e-01
4.934878379580046603e-01
-1.868204062112775343e+00
3.297007465660236614e-01
-1.297926803935684825e+00
-1.948642032811914504e+00
1.748560645699677174e+00
-3.342420764454226978e-01
3.784172382151497205e-01
-9.330113907749616464e-01
-1.360307045940280180e+00
-3.885358111385063040e+00
-1.584611801035527900e+00
5.057339200094657095e-02
-1.262078993212950362e+00
2.797372177832532891e+00
5.974651293292422283e-01
4.979423598330260381e-01
4.749256179326898364e-01
1.575058955098316504e+00
6.525398004170255284e-01
1.135608669591827269e+00
2.483044312604571591e+00
-2.030719783935211353e+00
3.577888606014800743e-01
-4.431452895975730444e-01
3.843758392522272915e-02
1.763355756877478697e+00
2.825002800540906467e+00
1.738470100796611684e+00
-5.793098089030129794e-01
1.145239667181779719e+00
-3.074146464410212776e+00
-1.055675398734662540e+00
-2.669064692419936269e-01
-1.542480986859934511e+00
-1.095546657628573062e+00
-1.414292301840228028e+00
-1.102786249969049059e+00
-2.496557240638034081e+00
1.997395234963251998e+00
1.403477103620757171e-01
3.393847770069234882e-01
1.109916536566162515e+00
-2.070869432824884893e+00
-1.834008103477236862e+00
-1.558332128571035202e+00
7.235430306427567126e-01
-6.095572143591979630e-01
2.898106576892655273e+00
1.677922268516600202e+00
-1.800839445769583658e-01
2.401901902968119451e+00
6.697160439389611142e-01
1.713891955600143957e+00
1.329796986596559094e+00
1.957889671935122866e+00
-1.702966685284139192e+00
-9.657572206739512000e-01
-2.665115414153516049e-01
-2.193024360516540927e+00
2.073794446954216220e+00
1.170342093087635815e+00
9.893994510562138522e-01
-4.298775274535425739e-01
-1.904905195454133227e-01
-2.418638605508304007e+00
-2.177159410687582231e+00
6.007919806689552278e-01
-2.786691013021312724e+00
-4.683315825348245420e-01
-1.472515058995685688e+00
-1.796236595390937829e+00
-1.029072383406692826e+00
1.329878838533802288e+00
1.813681982188940722e+00
4.382910193201452476e-01
2.927050983124876993e+00
-1.676381572355028382e+00
-9.391657213689549311e-01
-1.484384523421620194e-01
-1.800670909419970211e-01
9.792432408520439502e-01
1.875625013417329789e+00
2.278789463876997878e+00
-7.984451268850361050e-01
2.576425332312100913e+00
5.198352320009115290e-01
8.072490051936019873e-01
2.341434908940242199e+00
5.158327364575221452e-03
-1.102483469170352448e+00
-2.386159800088212712e+00
-9.777301216986198362e-01
-3.166538571483666686e+00
9.508811582353255965e-01
1.065203626003198734e+00
-7.103996798666819545e-01
8.715245988573148139e-01
-1.464717536266181064e+00
-1.490480077864705377e+00
-1.832576819263747492e+00
7.071067811866630359e-01
-1.846745722932111144e+00
-7.029808765345997301e-01
1.266692927852458572e-02
-2.739081431195907079e+00
7.973577133688323215e-01
1.179965348480608966e+00
2.503632913369052027e+00
1.848381592474419577e+00
2.949375586436375318e+00
-1.210512492432997134e-01
-1.339149187247780537e+00
1.290561437952706170e+00
-1.402100678819521162e+00
1.454816847688658266e+00
1.370479021525196295e+00
8.781049784329031382e-01
-4.164644911239256397e-01
8.430101839955517207e-01
8.076779484713328960e-01
-6.689975865061047466e-01
2.803380978221793551e+00
-1.158268224752026399e+00
-1.575215372257072310e+00
-2.166262687918531604e+00
-2.853169548885317042e+00
-2.466881178906339400e+00
-5.206641987343688660e-01
1.516696648323971441e+00
-1.370644052952705305e+00
1.625420958950973160e+00
-9.370126975497641286e-01
-1.466978021031273283e+00
3.637522312300563998e-01
1.260809579278555637e-01
1.122063302311963051e-01
-6.371900992605603609e-01
9.153718861149253705e-01
-2.480328109584577945e+00
1.030232354455157928e+00
2.135870897831729120e+00
1.541383215410492058e+00
3.703378571566900312e+00
1.973498675864364227e+00
7.291770479470008892e-01
-1.427259889112596047e+00
8.961351659843557194e-01
-1.548932832714622565e+00
8.813529927214121262e-02
1.604660652024892720e+00
-1.570648027413461989e+00
-4.952659749115739807e-02
-7.405141907561708647e-01
1.069022378822082064e-01
-6.671557696138865623e-01
1.883650464594402552e+00
-5.442875312782475827e-01
-2.597581696113892669e+00
-8.842937181430196025e-01
-4.130606908422471690e+00
-1.675391947486952082e+00
-4.083086050353381680e-01
1.046120375600064767e+00
-6.972202587374631833e-03
1.321959949201691797e+00
7.905786841199480275e-01
-1.568350060131337598e+00
2.437953326745939897e+00
3.104372407899814723e-01
9.090982628297498147e-01
7.039955609426371552e-01
2.478516577191101911e-02
-1.258224300432644327e+00
-5.600775132592394900e-02
2.688869144820082546e+00
4.270509831248032739e-01
3.995808681552857067e+00
1.645345695325652002e+00
-3.445739685148743736e-01
-4.999289615993777192e-01
-1.011345312945333585e+00
-1.160166101016746110e+00
-1.387376937103092400e+00
1.209149791121679973e+00
-2.789358620754406992e+00
-8.762556725381718259e-01
-6.717482380990236202e-01
-1.571788174371526958e+00
7.772534309975649425e-01
8.845461401501687471e-01
5.226471035491422334e-01
-2.244661007489717974e+00
-2.826288472340326985e-01
-3.349971762154045241e+00
-1.799490364344773274e+00
1.270210319134671639e+00
4.254769739048813726e-03
1.834007195066237772e+00
1.239896638524709660e+00
1.496975441774689219e+00
-5.232070381846710694e-01
2.634714278799011655e+00
1.559614366835157195e+00
2.343669419975036305e-01
2.212253511855217347e+00
-1.472879871905945492e+00
-9.631838641790044786e-01
-7.073109035422803226e-01
1.281148227488864588e+00
4.045350016767299550e-01
2.420436011699048429e+00
1.944611723427956296e+00
-2.043480798634861095e+00
2.389605317006568974e-01
-2.217875743344873918e+00
-1.608876998504585654e+00
-1.093702835110116345e+00
-3.321642350279413458e-01
-2.152944237411664741e+00
-2.088628399174440098e+00
1.389572044027770348e-01
-2.395431741325700248e+00
1.874512627391559105e+00
1.527306051639535145e+00
6.178905398358460754e-01
-1.720202591024082750e-13
-6.178905398359093581e-01
-1.527306051639504503e+00
-1.874512627391728081e+00
2.395431741325703801e+00
-1.389572044026023967e-01
2.088628399173905414e+00
2.152944237411719808e+00
3.321642350279130351e-01
1.093702835109666704e+00
1.608876998504621181e+00
2.217875743345147921e+00
-2.389605317007476026e-01
2.043480798634806028e+00
-1.944611723427497552e+00
-2.420436011699682144e+00
-4.045350016770276058e-01
-1.281148227488817959e+00
7.073109035422574520e-01
9.631838641788992295e-01
1.472879871906068505e+00
-2.212253511855322152e+00
-2.343669419979441670e-01
-1.559614366834812138e+00
-2.634714278799045850e+00
5.232070381848159535e-01
-1.496975441774504478e+00
-1.239896638524798478e+00
-1.834007195066627238e+00
-4.254769738689878622e-03
-1.270210319134626120e+00
1.799490364344314086e+00
3.349971762154461796e+00
2.826288472342035618e-01
2.244661007489631821e+00
-5.226471035487548766e-01
-8.845461401499030707e-01
-7.772534309978498257e-01
1.571788174371663072e+00
6.717482380993365920e-01
8.762556725380281630e-01
2.789358620754419427e+00
-1.209149791121555406e+00
1.387376937102761332e+00
1.160166101016969709e+00
1.011345312945611807e+00
4.999289615996315161e-01
3.445739685148630493e-01
-1.645345695325447721e+00
-3.995808681553130626e+00
-4.270509831248485710e-01
-2.688869144819761470e+00
5.600775132530988465e-02
1.258224300432414289e+00
-2.478516577188237535e-02
-7.039955609426837846e-01
-9.090982628299361101e-01
-3.104372407895266139e-01
-2.437953326746071792e+00
1.568350060131078916e+00
-7.905786841196501546e-01
-1.321959949201915840e+00
6.972202587290587950e-03
-1.046120375600068542e+00
4.083086050351900642e-01
1.675391947486604804e+00
4.130606908422875811e+00
8.842937181430354787e-01
2.597581696113537841e+00
5.442875312783286290e-01
-1.883650464594400775e+00
6.671557696138528115e-01
-1.069022378820020380e-01
7.405141907561929582e-01
4.952659749070920103e-02
1.570648027413268810e+00
-1.604660652025032608e+00
-8.813529927242047535e-02
1.548932832714850161e+00
-8.961351659839957851e-01
1.427259889112302726e+00
-7.291770479467428734e-01
-1.973498675864241658e+00
-3.703378571567168098e+00
-1.541383215410544461e+00
-2.135870897831355197e+00
-1.030232354455476784e+00
2.480328109584593932e+00
-9.153718861147027708e-01
6.371900992601322589e-01
-1.122063302312568123e-01
-1.260809579277084591e-01
-3.637522312297621907e-01
1.466978021031450918e+00
9.370126975502198752e-01
-1.625420958951309336e+00
1.370644052952529002e+00
-1.516696648323861751e+00
5.206641987341474875e-01
2.466881178906507710e+00
2.853169548885609696e+00
2.166262687918432572e+00
1.575215372256677293e+00
1.158268224752448727e+00
-2.803380978221834852e+00
6.689975865060394655e-01
-8.076779484709144530e-01
-8.430101839954819987e-01
4.164644911236242697e-01
-8.781049784329376662e-01
-1.370479021525375707e+00
-1.454816847689057280e+00
1.402100678819651947e+00
-1.290561437952448820e+00
1.339149187247623107e+00
1.210512492437334775e-01
-2.949375586436498775e+00
-1.848381592474899415e+00
-2.503632913368848634e+00
-1.179965348480545018e+00
-7.973577133691233110e-01
2.739081431195849792e+00
-1.266692927842072436e-02
7.029808765338407817e-01
1.846745722932128686e+00
-7.071067811863616104e-01
1.832576819263799672e+00
1.490480077864822617e+00
1.464717536266328501e+00
-8.715245988574034097e-01
7.103996798663343437e-01
-1.065203626002836579e+00
-9.508811582357763470e-01
3.166538571483729747e+00
9.777301216987742682e-01
2.386159800088069716e+00
1.102483469170356001e+00
-5.158327364006898286e-03
-2.341434908940298598e+00
-8.072490051937846189e-01
-5.198352320002100901e-01
-2.576425332312108907e+00
7.984451268848782313e-01
-2.278789463876846888e+00
-1.875625013417384856e+00
-9.792432408522988574e-01
1.800670909422797394e-01
1.484384523424220337e-01
9.391657213689938999e-01
1.676381572355274407e+00
-2.927050983124830807e+00
-4.382910193201744464e-01
-1.813681982188536823e+00
-1.329878838533847585e+00
1.029072383406133273e+00
1.796236595391049296e+00
1.472515058995686132e+00
4.683315825345146788e-01
2.786691013021422414e+00
-6.007919806686770059e-01
2.177159410687029339e+00
2.418638605508439454e+00
1.904905195456325084e-01
4.298775274534561985e-01
-9.893994510563546285e-01
-1.170342093087577862e+00
-2.073794446954428050e+00
2.193024360516347748e+00
2.665115414155031504e-01
9.657572206734689191e-01
1.702966685284222015e+00
-1.957889671935152398e+00
-1.329796986596574637e+00
-1.713891955600072237e+00
-6.697160439386282693e-01
-2.401901902968479163e+00
1.800839445767106195e-01
-1.677922268516221838e+00
-2.898106576892709896e+00
6.095572143591093672e-01
-7.235430306426576808e-01
1.558332128570854458e+00
1.834008103476978402e+00
2.070869432825248602e+00
-1.109916536565904277e+00
-3.393847770068377789e-01
-1.403477103618097077e-01
-1.997395234963309285e+00
2.496557240637657049e+00
1.102786249969334609e+00
1.414292301839942034e+00
1.095546657628019283e+00
1.542480986859965819e+00
2.669064692423712692e-01
1.055675398734738701e+00
3.074146464410451252e+00
-1.145239667181589205e+00
5.793098089025553454e-01
-1.738470100796502216e+00
-2.825002800540963754e+00
-1.763355756877382996e+00
-3.843758392503654475e-02
4.431452895976603079e-01
-3.577888606019530293e-01
2.030719783935319711e+00
-2.483044312604159032e+00
-1.135608669592126141e+00
-6.525398004165383625e-01
-1.575058955097953906e+00
-4.749256179327268068e-01
-4.979423598332161083e-01
-5.974651293289769960e-01
-2.797372177833023610e+00
1.262078993212798705e+00
-5.057339200056942818e-02
1.584611801035531231e+00
3.885358111385110558e+00
1.360307045940328141e+00
9.330113907747213942e-01
-3.784172382152610759e-01
3.342420764458545746e-01
-1.748560645699508420e+00
1.948642032811698677e+00
1.297926803935825824e+00
-3.297007465665645065e-01
1.868204062112291286e+00
-4.934878379577091745e-01
3.350616688861489667e-01
4.906209817503117687e-01
2.084196554648920952e+00
-9.778578229947525458e-01
-6.438133688470221161e-01
-1.284228443116887775e+00
-4.696576398231152361e+00
-1.083331463650397009e+00
-1.339834933980400766e+00
5.567859926315887886e-02
2.198484426273177306e-01
1.252286778449415827e+00
-1.102715102541401926e+00
-1.367279071194547724e+00
1.223816762095326860e+00
-1.773419220672859842e+00
1.131898525528040489e+00
2.485385749882588202e-01
-7.559378046989275735e-01
-1.125041891000290617e+00
4.605134466101252766e-01
1.198630951361641106e+00
1.064042752290086158e+00
