5.000000000000000000e+00
1.583789520441917897e+00
1.394877705417628011e+00
1.190463231931081944e+00
2.208482143287050503e-01
-4.218816027541097968e-01
-1.546209183831523726e+00
2.247359439432975226e+00
8.888297544215140178e-02
1.219373755429581374e-01
1.239751489080186841e+00
3.877913436236416489e-01
2.351533292295709954e-01
-1.430425357472780323e+00
2.391528910238397199e+00
1.265873742000109825e+00
9.311129598206386859e-01
2.793266096548058908e+00
1.532086932182048056e+00
8.702011252652926965e-01
-2.387328577289905329e+00
-2.837861669370453921e-01
-1.547470897702661441e+00
-2.906166677983639701e+00
-5.356338822082595819e-02
-1.251172513731272362e-01
8.158256033451453115e-01
-1.400814213121045260e+00
6.605343977334239280e-01
2.377751014760401405e-01
-2.273768360276524625e+00
3.102401539916845863e-01
1.068479740265609879e-01
1.099549336206060213e+00
-9.327409299106961260e-01
2.092725316223288667e-01
9.338299327212706835e-02
-3.925078386467400371e+00
-2.324500180654759163e+00
-2.784705521240590897e+00
-1.628293672746189413e+00
-2.277109862312019395e+00
-3.609227378400324815e-01
1.929995747204339640e+00
-1.394472862213856246e+00
1.562887650424585884e-01
-4.587551372076305034e-01
-4.820399232708165727e-01
-1.641426360787030303e+00
-1.130474393727661120e+00
1.680881290507835857e+00
-1.651704828041406614e+00
-5.605610968823031559e-01
-8.976244367751921027e-01
-1.651089146708785149e+00
-2.742798252676153403e+00
-3.031213872273059717e+00
8.249754752995841489e-01
-1.150440886255862827e+00
7.193468929020678804e-01
2.188383851323094209e+00
1.727378535867462706e+00
8.387427310513538847e-01
-1.104955336873780114e+00
1.585209154227033013e+00
-1.201759411391899013e+00
-8.971224679182279171e-01
9.824767425745816185e-01
5.734364230100948978e-01
5.582693390553556956e-01
-1.511146093461883000e+00
1.224741994951730639e+00
-9.242526952739299473e-01
-1.390153651940610580e+00
1.424393601605939530e+00
1.672558240601719426e+00
2.941057845442936358e+00
1.367140132822893150e+00
3.923067254261526582e+00
1.910846273809563955e+00
-7.777178271246687480e-01
7.752478140335781198e-01
-3.424783431796075694e-01
4.607216018215094522e-01
-9.497184267580744965e-01
1.913561440700561223e+00
1.837179470869831688e+00
-8.118281547583900970e-01
1.283407534660149008e+00
2.912828130478865019e-01
1.003628037218576630e+00
-1.807526397489215286e-01
2.359004894697075194e+00
3.682607879455027877e+00
7.127195124474960952e-01
2.502294199239127437e+00
8.779479353701459265e-01
6.886035817047908569e-02
-2.235308064501283276e+00
-1.416416548595845093e+00
6.180339887499100016e-01
-1.997169531215978733e+00
8.024855443823943890e-01
9.829255827430719572e-01
9.427281760778902786e-01
-5.474587155127643712e-01
-6.619955074755498048e-01
1.624807610147426695e+00
-1.506918072714951151e+00
6.005577864280735589e-01
1.322756439473436574e+00
9.652600344919524122e-01
-3.572581635329968863e-01
-1.876529824385189560e+00
-6.827776737555302233e-02
-3.934840571332194337e+00
-2.955543778108927988e+00
-1.315678451037951113e+00
-8.917555880367193932e-01
-2.230332424539637204e-01
-8.316723462849164861e-01
2.190144564519787007e+00
-1.066691351525142384e+00
-1.480458375671176885e+00
-2.242244920202153824e-01
-1.000000000000004219e+00
-5.513527759341247947e-01
-1.751657238505778258e+00
1.330643143781933269e+00
-1.226889403502853249e+00
-2.739763599311538123e+00
-1.403468608840537035e+00
-2.740841166414806018e+00
-2.063017288931403126e+00
-2.889063560703222677e+00
1.133252985092384701e+00
8.858053959047978987e-01
-2.499144172401794317e-01
2.024704241627542256e+00
3.407873167106942880e-01
4.821876629771515432e-02
-2.214098598707303189e+00
1.021118215897512393e-01
8.958986550854231012e-02
-1.883704127006955220e+00
9.510026448198857230e-01
-1.058591132356907494e-01
-1.302154576507079664e-01
-2.176644258448086955e+00
-5.249514613844867839e-01
5.335309826647789411e-01
-1.530876503092244212e+00
2.151596913015761281e+00
2.412769970147674137e+00
2.922608354885511517e+00
1.217450851228417896e+00
1.384567573369531956e+00
1.906672754805224468e+00
-2.122654739450507755e+00
2.668129240687999726e-02
2.110675424631459629e-01
7.040745538998262054e-01
2.215485518229739492e-01
6.480326033128200880e-01
2.649758441705973411e+00
-1.140286311233416949e+00
5.114567003773921039e-01
1.188571363040137108e+00
1.437433296142243133e+00
1.719381395484380404e+00
1.910659101297857543e+00
4.643740004402595822e+00
7.138249927973399078e-01
7.158889324243986607e-01
6.163369045126845247e-01
-8.857781274067889621e-01
-1.143357088876560734e+00
-1.618633010805059502e+00
2.130027081262865885e+00
-6.246242706375670917e-02
4.676609210340734180e-01
1.952858399332143335e+00
5.190905107008120245e-01
3.537889877711755116e-01
-1.014685802367236933e+00
2.307835635761405602e+00
5.875064778777775443e-01
2.237038565979848626e-01
2.217984236421946420e+00
2.943809246763282594e-01
-4.223198476613928554e-01
-3.017931798641428909e+00
-8.518692323291112700e-01
-2.148699861640665176e+00
-3.017874254513007504e+00
5.134022762299959020e-01
1.425958999304135499e-01
9.350164653915669088e-01
-7.981126925049788490e-01
1.003917724339663753e+00
4.574118861455644947e-14
-2.645076381264600318e+00
1.711072340421199156e-01
-5.845856158471213204e-01
-3.699808706889906595e-02
-1.555904628886031205e+00
-3.494848008188673472e-01
-6.605805875787220671e-01
-4.363442700059018797e+00
-1.950142887899906086e+00
-2.331028203146686018e+00
-1.351102886016309679e+00
-1.353798103927051022e+00
6.404442940002481599e-01
2.402461454361832782e+00
-1.182838953203598553e+00
5.806771332446977185e-01
-4.035400549669376780e-01
-1.138698203167513912e+00
-1.970621552350894312e+00
-1.312420839509317538e+00
1.156212585215779409e+00
-2.141725492312482881e+00
-3.850207640396049458e-01
-4.427997619892428127e-01
-1.470114275301052320e+00
-1.930311667110974572e+00
-1.745599679301934604e+00
1.796809749869915152e+00
-4.191880428992015295e-01
1.655381529499445392e+00
2.960391642556310376e+00
1.591881349604184814e+00
6.773001288726935298e-01
-1.086210772709629069e+00
1.163509653781815700e+00
-1.826308013245992123e+00
-1.052887981491526403e+00
1.244093946183567834e+00
4.803804630686867583e-01
8.350649883307507126e-01
-5.550234446456658866e-01
2.044259858788903372e+00
-2.973205397338358758e-01
-5.009043159923765032e-01
2.486732025831350334e+00
1.940010050867279734e+00
2.883303021872813066e+00
1.495264253576664704e+00
3.522321088543356016e+00
1.000000000000103695e+00
-1.528003288022209638e+00
4.820392358991660298e-01
-9.342492762996272848e-01
-3.028096137399460819e-02
-6.271790540548443094e-01
2.299714819124968557e+00
2.025167374119664743e+00
-3.971946635321289554e-01
2.111948047779659277e+00
6.228722665121210200e-01
8.702851531733432067e-01
-8.374720002857161116e-03
2.166639214467758201e+00
2.811762696342730905e+00
-3.119510706516785969e-01
1.799034530136107701e+00
-1.072616039327578541e-01
-1.167867129760065570e+00
-2.684811061186940240e+00
-1.529800490440915484e+00
3.940559631325788459e-01
-1.972512142971402982e+00
1.420325348912109487e+00
1.457313673063580506e+00
8.520802865512200341e-01
-3.167584290543933867e-01
-5.117456681404795038e-01
1.112846424749484031e+00
-2.311357992060290911e+00
3.757286001194870551e-02
5.833149407253003238e-01
-3.531840876807948448e-01
-1.184440742328624063e+00
-2.255733213329096820e+00
-5.697744068840729925e-01
-4.222673395731648682e+00
-2.517912009308338916e+00
-5.702572392450283578e-01
-6.086072187523166033e-01
3.467988005178088695e-01
-4.733102531233501775e-02
2.364074321492418473e+00
-1.329321446383498362e+00
-1.619643868239837747e+00
-3.812616933710929468e-01
-1.857198522920615158e+00
-1.255878078884569593e+00
-1.947380131669250503e+00
9.430874176751579130e-01
-1.618033988749764784e+00
-2.528802746362697196e+00
-6.249586619135727439e-01
-2.248187976897476847e+00
-1.338405866045452974e+00
-1.585055866188029627e+00
2.076466390182226451e+00
1.342886990213449039e+00
1.862301432830444914e-01
2.496248786061724623e+00
4.755721848996807832e-02
-5.200936944232539272e-01
-2.293364601761781696e+00
-1.483234912581946618e-01
-3.617937081306387137e-01
-1.933073006589999698e+00
1.536368814946966754e+00
3.118501012748645662e-01
2.867223607264804408e-01
-1.011450535001444440e+00
6.039926689237693491e-01
1.258272393178939907e+00
-8.168555697570085705e-01
3.041704365223536488e+00
2.668242110899538666e+00
2.503812116156568734e+00
1.085652059076864351e+00
1.060383965202583934e+00
1.126638701934525200e+00
-2.749543394413116015e+00
2.650722095933943923e-02
2.497472735740294825e-01
5.524687378204304888e-01
8.107970155264192513e-01
1.486017212834584766e+00
3.124515713862431987e+00
-6.900483369374772469e-01
1.276022739859299149e+00
1.655919163484817158e+00
1.116137387470137909e+00
1.541545817624629056e+00
1.648374787677387321e+00
3.710635536746186069e+00
-4.147904639568196217e-01
2.739038255818837531e-03
5.739712826918398625e-02
-1.767462948041085280e+00
-1.383890902584575588e+00
-1.254830480835820161e+00
2.290434694135746074e+00
8.450300608529792701e-02
9.979494554317529520e-01
2.501918588837908963e+00
3.059178507522793966e-01
1.309911930024746374e-01
-1.076583683878583830e+00
1.608123545637606178e+00
-5.136040853523774485e-01
-6.721503465299272229e-01
1.501274841280852090e+00
-8.997773494278126227e-01
-1.326241999807246108e+00
-3.138455474603922379e+00
-9.858048089406361569e-01
-2.236471012146672876e+00
-2.591190239935399653e+00
1.332138957569194648e+00
4.159520936745667585e-01
1.012994332029126143e+00
-3.953418942921737567e-01
8.802106275350011222e-01
-6.828396859901861848e-01
-3.279696889355172562e+00
-2.256462509700973840e-01
-1.442965024587003153e+00
-9.999999999999924505e-01
-1.770093308500993334e+00
-4.968451138047865201e-01
-8.823623940478603211e-01
-4.099873654013116209e+00
-1.027880625491693678e+00
-1.575777260678673297e+00
-8.360912463490746127e-01
-3.313867442188189183e-01
1.398619174974877977e+00
2.476903316489409423e+00
-1.282387848866493929e+00
6.408105982045009252e-01
-7.564930694433273928e-01
-1.950714717588694747e+00
-2.174315022603585223e+00
-1.313381543854752032e+00
9.368795477750873069e-01
-2.048821829991512189e+00
3.864149261061258223e-01
4.218776764541350421e-01
-9.175960963112311797e-01
-8.072231896416323105e-01
-4.772112139927139340e-01
2.470167525263444741e+00
5.873079800267078099e-14
2.175974739639450650e+00
3.132074496681456210e+00
9.600187093925305337e-01
2.771974714744390722e-01
-1.227446219741723077e+00
6.745870991780577031e-01
-2.190725588606413865e+00
-7.710240974016542292e-01
1.855808719833371034e+00
7.489853228690929177e-01
1.528929128322149555e+00
5.940601806474794522e-01
2.735883497930585495e+00
1.225306338989915478e-01
7.066796192823915357e-02
2.947192339970119423e+00
1.538646776745161482e+00
2.332380377142199368e+00
1.193880855024794796e+00
2.714884149381839418e+00
-1.664966381983610383e-02
-2.082603559529978998e+00
4.091327648041960252e-01
-1.239068881853541138e+00
-5.452425185190479251e-02
1.004914204170271885e-01
2.813225006359012514e+00
2.237424206780144420e+00
-2.893202883677070680e-02
2.582799683419889636e+00
3.831385252754481163e-01
2.323764484172858857e-01
-3.168376535285901685e-01
1.418805480497964622e+00
1.576522040563545612e+00
-1.359496384480081144e+00
1.180335702213579196e+00
-9.141230963911638474e-01
-1.953091305614534701e+00
-2.563146480494532309e+00
-1.241029905482056606e+00
4.848017972099784023e-01
-1.630788346726907756e+00
2.089806007942323962e+00
1.671144662718309970e+00
4.552791805936852176e-01
-4.155470747307453139e-01
-8.625102575363385871e-01
1.268198060185312670e-01
-3.298915279257641497e+00
-5.715145698617923875e-01
-1.348465368399174302e-01
-1.358423771460839369e+00
-1.435441472781819883e+00
-2.093455087299811446e+00
-5.746558068445588585e-01
-3.919897781166912676e+00
-1.638445640726728492e+00
2.796359491000375286e-01
-3.559357298828328409e-01
8.249954164721181593e-01
4.004448374825635426e-01
2.047610671159613371e+00
-1.913594934642182777e+00
-1.961885891710091645e+00
-7.423151501736080515e-01
-2.687530133501766727e+00
-1.598730264874897777e+00
-1.697546765617367726e+00
9.989203807790181244e-01
-1.392920508320465878e+00
-1.689413465296770722e+00
5.040477809409545928e-01
-1.575383794388683700e+00
-4.929167373768038596e-01
-4.194346058266632538e-01
2.580892347593780833e+00
1.371768504601521332e+00
2.586540871701863420e-01
2.512909616348624198e+00
-5.946205438958861444e-01
-1.108072712337991872e+00
-2.223227571608063613e+00
-2.182892023941833126e-01
-4.143151588697760457e-01
-1.406074227141890676e+00
2.544176590449112485e+00
1.000565896951143507e+00
9.628742726182902834e-01
2.181857657626491698e-01
1.434987227590881709e+00
1.558182219814881364e+00
-5.195126050474034862e-01
3.345019686964150196e+00
2.281434574530808668e+00
1.688880875164591622e+00
7.585905136422148587e-01
5.824257840581209544e-01
4.105282800795084230e-01
-3.000000000000000000e+00
4.105282800792353082e-01
5.824257840583041412e-01
7.585905136420767469e-01
1.688880875164640027e+00
2.281434574530576409e+00
3.345019686964317618e+00
-5.195126050472940182e-01
1.558182219814594482e+00
1.434987227591125736e+00
2.181857657625960456e-01
9.628742726183820988e-01
1.000565896950996736e+00
2.544176590449233721e+00
-1.406074227141663080e+00
-4.143151588700819676e-01
-2.182892023939692061e-01
-2.223227571608112019e+00
-1.108072712337988541e+00
-5.946205438960648904e-01
2.512909616348573127e+00
2.586540871704177125e-01
1.371768504601175165e+00
2.580892347593960245e+00
-4.194346058266071320e-01
-4.929167373767552318e-01
-1.575383794388720116e+00
5.040477809408973053e-01
-1.689413465296443650e+00
-1.392920508320773409e+00
9.989203807791234846e-01
-1.697546765617277131e+00
-1.598730264874930640e+00
-2.687530133501842666e+00
-7.423151501735967273e-01
-1.961885891710096530e+00
-1.913594934642162126e+00
2.047610671159609375e+00
4.004448374826070634e-01
8.249954164721303718e-01
-3.559357298827162674e-01
2.796359491000335873e-01
-1.638445640726515329e+00
-3.919897781166903350e+00
-5.746558068444957978e-01
-2.093455087299752826e+00
-1.435441472781935346e+00
-1.358423771460892882e+00
-1.348465368401816078e-01
-5.715145698617003500e-01
-3.298915279257720545e+00
1.268198060184880793e-01
-8.625102575363136070e-01
-4.155470747306894697e-01
4.552791805936684533e-01
1.671144662718148766e+00
2.089806007942342170e+00
-1.630788346726932403e+00
4.848017972099336048e-01
-1.241029905481878526e+00
-2.563146480494482571e+00
-1.953091305614337969e+00
-9.141230963911364249e-01
1.180335702213803906e+00
-1.359496384480046949e+00
1.576522040562931437e+00
1.418805480498247285e+00
-3.168376535287686369e-01
2.323764484172538003e-01
3.831385252750985071e-01
2.582799683419924275e+00
-2.893202883648771095e-02
2.237424206779584424e+00
2.813225006359551639e+00
1.004914204170382908e-01
-5.452425185170683974e-02
-1.239068881853665260e+00
4.091327648042790699e-01
-2.082603559529564663e+00
-1.664966382042238485e-02
2.714884149382090772e+00
1.193880855024767262e+00
2.332380377142146965e+00
1.538646776744934774e+00
2.947192339970070130e+00
7.066796192872912274e-02
1.225306338982400933e-01
2.735883497930598818e+00
5.940601806477120439e-01
1.528929128322078057e+00
7.489853228691670806e-01
1.855808719833177634e+00
-7.710240974009185955e-01
-2.190725588606926344e+00
6.745870991780521519e-01
-1.227446219741620714e+00
2.771974714742992951e-01
9.600187093925129922e-01
3.132074496681255482e+00
2.175974739639771727e+00
-1.275646255294304865e-13
2.470167525263412767e+00
-4.772112139924754581e-01
-8.072231896417085828e-01
-9.175960963111463586e-01
4.218776764539534652e-01
3.864149261064324103e-01
-2.048821829991613885e+00
9.368795477749398692e-01
-1.313381543854505562e+00
-2.174315022603710013e+00
-1.950714717588549529e+00
-7.564930694435516578e-01
6.408105982045299021e-01
-1.282387848866529012e+00
2.476903316489320162e+00
1.398619174975099355e+00
-3.313867442189605828e-01
-8.360912463487574220e-01
-1.575777260678757896e+00
-1.027880625491589317e+00
-4.099873654013030944e+00
-8.823623940483664718e-01
-4.968451138044926996e-01
-1.770093308501099028e+00
-1.000000000000039524e+00
-1.442965024587189227e+00
-2.256462509699492802e-01
-3.279696889355088629e+00
-6.828396859906797900e-01
8.802106275350906062e-01
-3.953418942922231616e-01
1.012994332029082845e+00
4.159520936744840469e-01
1.332138957569236393e+00
-2.591190239934979989e+00
-2.236471012146961090e+00
-9.858048089403312897e-01
-3.138455474603911721e+00
-1.326241999807293404e+00
-8.997773494278955564e-01
1.501274841280694883e+00
-6.721503465296341240e-01
-5.136040853525898342e-01
1.608123545637684559e+00
-1.076583683878491460e+00
1.309911930023942572e-01
3.059178507521935764e-01
2.501918588837793056e+00
9.979494554318982802e-01
8.450300608505045830e-02
2.290434694135846438e+00
-1.254830480835744000e+00
-1.383890902584650640e+00
-1.767462948040847692e+00
5.739712826895296272e-02
2.739038256081571809e-03
-4.147904639568235075e-01
3.710635536746226038e+00
1.648374787677544306e+00
1.541545817624667691e+00
1.116137387470085507e+00
1.655919163484859569e+00
1.276022739859529187e+00
-6.900483369375077780e-01
3.124515713862316524e+00
1.486017212834701340e+00
8.107970155263994894e-01
5.524687378202697285e-01
2.497472735739360017e-01
2.650722095947843915e-02
-2.749543394413145769e+00
1.126638701934416842e+00
1.060383965202754908e+00
1.085652059076785969e+00
2.503812116156518108e+00
2.668242110899464947e+00
3.041704365223560913e+00
-8.168555697569785945e-01
1.258272393178901272e+00
6.039926689239172308e-01
-1.011450535001359174e+00
2.867223607265566021e-01
3.118501012748624568e-01
1.536368814946977857e+00
-1.933073006590019016e+00
-3.617937081307741609e-01
-1.483234912582035991e-01
-2.293364601761941568e+00
-5.200936944233423009e-01
4.755721848982841227e-02
2.496248786061603830e+00
1.862301432834567172e-01
1.342886990213032261e+00
2.076466390182718946e+00
-1.585055866187957463e+00
-1.338405866045399240e+00
-2.248187976897448870e+00
-6.249586619138099985e-01
-2.528802746362392995e+00
-1.618033988750347874e+00
9.430874176753482052e-01
-1.947380131669176784e+00
-1.255878078884697935e+00
-1.857198522920759931e+00
-3.812616933713089962e-01
-1.619643868239334372e+00
-1.329321446384285732e+00
2.364074321492394049e+00
-4.733102531191701878e-02
3.467988005177038424e-01
-6.086072187520668031e-01
-5.702572392451021877e-01
-2.517912009307597287e+00
-4.222673395732010171e+00
-5.697744068842464094e-01
-2.255733213328792175e+00
-1.184440742329023744e+00
-3.531840876807695317e-01
5.833149407252320451e-01
3.757286001219573013e-02
-2.311357992060379285e+00
1.112846424749317276e+00
-5.117456681403356189e-01
-3.167584290545522041e-01
8.520802865511099000e-01
1.457313673063339809e+00
1.420325348912320651e+00
-1.972512142971343696e+00
3.940559631324986878e-01
-1.529800490440538230e+00
-2.684811061187124981e+00
-1.167867129759902367e+00
-1.072616039329845616e-01
1.799034530136162768e+00
-3.119510706516425147e-01
2.811762696342631873e+00
2.166639214468019325e+00
-8.374720002919222583e-03
8.702851531734879797e-01
6.228722665120918212e-01
2.111948047779820925e+00
-3.971946635319731911e-01
2.025167374119090091e+00
2.299714819125300735e+00
-6.271790540548124460e-01
-3.028096137403180066e-02
-9.342492762996849054e-01
4.820392358992027781e-01
-1.528003288021978490e+00
9.999999999996314060e-01
3.522321088543472367e+00
1.495264253576721547e+00
2.883303021872680283e+00
1.940010050867240210e+00
2.486732025831397852e+00
-5.009043159920648636e-01
-2.973205397340065170e-01
2.044259858789064133e+00
-5.550234446455049042e-01
8.350649883306272558e-01
4.803804630687075194e-01
1.244093946183379318e+00
-1.052887981491276381e+00
-1.826308013246416895e+00
1.163509653781832132e+00
-1.086210772709609307e+00
6.773001288726718805e-01
1.591881349604135520e+00
2.960391642556126524e+00
1.655381529499556192e+00
-4.191880428993947083e-01
1.796809749869909600e+00
-1.745599679301784946e+00
-1.930311667110996776e+00
-1.470114275301020124e+00
-4.427997619893183634e-01
-3.850207640394479602e-01
-2.141725492312555268e+00
1.156212585215608879e+00
-1.312420839509080395e+00
-1.970621552351097705e+00
-1.138698203167441303e+00
-4.035400549669015957e-01
5.806771332448966705e-01
-1.182838953203617205e+00
2.402461454361741744e+00
6.404442940004526630e-01
-1.353798103927152052e+00
-1.351102886016192883e+00
-2.331028203146669586e+00
-1.950142887899746214e+00
-4.363442700058991264e+00
-6.605805875790833337e-01
-3.494848008188258803e-01
-1.555904628886090268e+00
-3.699808706884688547e-02
-5.845856158472771957e-01
1.711072340421566640e-01
-2.645076381264541698e+00
-1.830757767606883135e-13
1.003917724339628448e+00
-7.981126925049047971e-01
9.350164653916166468e-01
1.425958999304397512e-01
5.134022762300530784e-01
-3.017874254513029264e+00
-2.148699861640769537e+00
-8.518692323289315249e-01
-3.017931798641357855e+00
-4.223198476613979624e-01
2.943809246764148568e-01
2.217984236421692845e+00
2.237038565983823224e-01
5.875064778771778018e-01
2.307835635761539717e+00
-1.014685802367130796e+00
3.537889877709909925e-01
5.190905107010128638e-01
1.952858399332042749e+00
4.676609210344541134e-01
-6.246242706416582635e-02
2.130027081263182520e+00
-1.618633010804616745e+00
-1.143357088876818972e+00
-8.857781274066898192e-01
6.163369045125943746e-01
7.158889324247308394e-01
7.138249927967520447e-01
4.643740004402520327e+00
1.910659101298188833e+00
1.719381395484234520e+00
1.437433296142420325e+00
1.188571363039892415e+00
5.114567003776686605e-01
-1.140286311233654981e+00
2.649758441705714507e+00
6.480326033133561037e-01
2.215485518228879624e-01
7.040745538999007014e-01
2.110675424629583352e-01
2.668129240721517359e-02
-2.122654739450666739e+00
1.906672754804862535e+00
1.384567573369972937e+00
1.217450851228333741e+00
2.922608354885539939e+00
2.412769970147543130e+00
2.151596913016073920e+00
-1.530876503092167384e+00
5.335309826645942000e-01
-5.249514613840179367e-01
-2.176644258448514613e+00
-1.302154576507545958e-01
-1.058591132358178699e-01
9.510026448198705129e-01
-1.883704127006566864e+00
8.958986550828051953e-02
1.021118215900593817e-01
-2.214098598707580301e+00
4.821876629760024624e-02
3.407873167105858192e-01
2.024704241627627965e+00
-2.499144172398309327e-01
8.858053959045960601e-01
1.133252985092650711e+00
-2.889063560703034383e+00
-2.063017288931495941e+00
-2.740841166414898833e+00
-1.403468608840487519e+00
-2.739763599311320963e+00
-1.226889403503498510e+00
1.330643143782020532e+00
-1.751657238505665237e+00
-5.513527759342502499e-01
-1.000000000000171863e+00
-2.242244920201852953e-01
-1.480458375670917093e+00
-1.066691351525479003e+00
2.190144564519788339e+00
-8.316723462847116499e-01
-2.230332424541336955e-01
-8.917555880365154453e-01
-1.315678451037862517e+00
-2.955543778108815189e+00
-3.934840571332425707e+00
-6.827776737554958064e-02
-1.876529824385125167e+00
-3.572581635331414374e-01
9.652600344921237197e-01
1.322756439473061763e+00
6.005577864281541611e-01
-1.506918072715067947e+00
1.624807610147322778e+00
-6.619955074754759750e-01
-5.474587155128389782e-01
9.427281760781389686e-01
9.829255827428626802e-01
8.024855443823920575e-01
-1.997169531216089755e+00
6.180339887496172357e-01
-1.416416548595375025e+00
-2.235308064501206005e+00
6.886035817032892803e-02
8.779479353700654354e-01
2.502294199239267325e+00
7.127195124473889587e-01
3.682607879454788957e+00
2.359004894697383836e+00
-1.807526397487768111e-01
1.003628037218453617e+00
2.912828130478476441e-01
1.283407534660312432e+00
-8.118281547584338398e-01
1.837179470869703568e+00
1.913561440700774607e+00
-9.497184267582765571e-01
4.607216018213929898e-01
-3.424783431796533106e-01
7.752478140335316015e-01
-7.777178271243614383e-01
1.910846273809518880e+00
3.923067254261663361e+00
1.367140132822811882e+00
2.941057845442893282e+00
1.672558240601716317e+00
1.424393601605834947e+00
-1.390153651940361001e+00
-9.242526952738212564e-01
1.224741994951735746e+00
-1.511146093461848583e+00
5.582693390553119528e-01
5.734364230100094106e-01
9.824767425745146721e-01
-8.971224679181943884e-01
-1.201759411392042010e+00
1.585209154227003703e+00
-1.104955336873840288e+00
8.387427310511386125e-01
1.727378535867519771e+00
2.188383851322820206e+00
7.193468929027271308e-01
-1.150440886255932771e+00
8.249754752997151552e-01
-3.031213872272468635e+00
-2.742798252676689863e+00
-1.651089146708937250e+00
-8.976244367754029341e-01
-5.605610968818760531e-01
-1.651704828041776763e+00
1.680881290507642456e+00
-1.130474393727110449e+00
-1.641426360787489491e+00
-4.820399232709919879e-01
-4.587551372077061096e-01
1.562887650427090547e-01
-1.394472862213981257e+00
1.929995747204150014e+00
-3.609227378395452601e-01
-2.277109862312196142e+00
-1.628293672745923182e+00
-2.784705521240558923e+00
-2.324500180654599735e+00
-3.925078386467455438e+00
9.338299327149324203e-02
2.092725316225371168e-01
-9.327409299109261642e-01
1.099549336206193662e+00
1.068479740265766420e-01
3.102401539918367979e-01
-2.273768360276342548e+00
2.377751014755126180e-01
6.605343977336114447e-01
-1.400814213121162277e+00
8.158256033451602995e-01
-1.251172513730128832e-01
-5.356338822075168427e-02
-2.906166677983388347e+00
-1.547470897703094872e+00
-2.837861669366950057e-01
-2.387328577290001252e+00
8.702011252649153317e-01
1.532086932182055605e+00
2.793266096547908361e+00
9.311129598207843472e-01
1.265873741999703039e+00
2.391528910238750250e+00
-1.430425357472517423e+00
2.351533292293925825e-01
3.877913436236808398e-01
1.239751489080029856e+00
1.219373755430436801e-01
8.888297544182499621e-02
2.247359439433178174e+00
-1.546209183831272149e+00
-4.218816027542316993e-01
2.208482143286882859e-01
1.190463231930796395e+00
1.394877705417988167e+00
1.583789520441652776e+00
