5.000000000000000000e+00
1.192662820763615183e+00
8.120171393486579348e-01
8.389660081092302768e-01
9.118156507191598203e-01
9.045813040191434951e-01
1.109528199611844457e-01
1.829898663693669825e+00
-2.558902704247798088e+00
-1.124139891116059609e+00
8.266679425876471976e-01
1.165061282847493995e+00
8.521229986611643659e-01
-1.951209899395165426e-01
1.893674767607383735e+00
-9.620113553981243237e-01
1.735883738946431443e+00
2.618159374516120241e+00
4.145492871880273600e-01
-1.023180985458276959e+00
-1.820124485758181088e+00
6.431413957307416940e-01
-2.207418162957394348e+00
-3.711833066193993558e-01
-8.887944872985330536e-01
-3.085214280606551451e+00
-2.122480816599439990e+00
-8.130206540143796179e-01
1.822820076298671932e+00
-1.605569916811292019e+00
-1.195931672198935480e-02
-1.403351353561887171e-01
-1.259764862101989680e+00
5.205358419008928594e-01
3.497617392281309190e-01
3.799314283986773289e-01
-3.973617685996503113e+00
-1.626481154964424025e+00
-9.914004255225792317e-01
-2.044951663555331312e+00
-7.066355169854532381e-01
-1.728988538634220085e+00
-1.152177398001226205e+00
-2.929876418178678055e+00
1.430107027253491925e+00
1.847638326329531955e+00
-3.394966657158090539e-01
6.370379633618277193e-01
-2.170803892102198818e-01
1.015606839275129847e+00
-4.999999999999892308e-01
2.137714576935055177e+00
4.420345279420583723e-02
-2.806270548600301673e+00
-4.810467340279389603e-01
-3.282409896504525637e-01
1.033708499497147493e+00
-7.889176434481063316e-01
1.368279956270848308e+00
3.805144142285138420e-02
-4.988294950906904668e-01
3.470207383011888691e+00
2.678672503498109148e+00
2.325543056426595090e+00
-1.445879398988000331e-01
2.036582075987658058e+00
1.022873602938521698e+00
2.882339240373669731e-01
2.600050128642942049e+00
-4.696667050952243461e-01
-9.708346709075722503e-01
-1.566627903356491824e+00
1.892308994642044162e+00
9.904498617061179289e-01
-9.580025534199609893e-02
2.046372512018903578e+00
-3.187070448435088688e-01
1.155613348505962534e+00
1.643127795902612931e+00
3.550844021329899292e+00
5.261426711063044159e-01
-1.319434122529892228e+00
1.076633131101526697e+00
-1.098943295510073082e+00
1.508385582254847535e-01
-7.048531808561335765e-01
-4.859315654367307724e-01
-2.980658901151102658e+00
-2.462810711772144945e+00
1.539220326763667046e+00
-7.123760473488703893e-01
1.557080140019464487e-01
-7.330117150755788291e-01
1.114141574892617559e-01
-7.964752135154296031e-01
2.310107668492019650e-01
2.369927143175702078e+00
-2.243148127309595452e+00
-1.866018686837521479e+00
-2.086435789043146194e+00
-8.819660112501317428e-01
-1.840574077614404835e+00
-1.754844475335893605e+00
-5.493850613484514422e-01
-4.156302711018677876e+00
-1.052562700549535935e+00
3.225437291666949369e-01
1.068648925203829814e+00
-5.272266880235382258e-01
-5.958681425598817416e-01
1.109766536257599689e+00
-1.514538137323460099e+00
1.622392482244966239e+00
8.714682788946351844e-01
-7.702081466585766201e-01
-2.465071070975737300e+00
-1.453083628645074121e+00
8.964077020340771584e-01
-1.783792743016521021e+00
7.841176077672574740e-01
-4.230271155588605225e-01
-8.684023694744107402e-01
1.266298756056834507e-01
2.288088919904056606e+00
3.617307846537227256e+00
-2.928932188134567571e-01
1.951586596431538201e+00
9.805092520532862066e-01
9.451971013919631126e-01
1.595467831404142611e+00
1.493860385858694961e+00
7.131399663229612829e-01
-2.916379653832955832e+00
9.453437820787026213e-01
8.035435854275485568e-01
6.436262361169849955e-01
9.687479142146567801e-01
6.425842066219525917e-01
1.112535131544348133e+00
-2.452433309286875529e-01
4.259182143012747446e+00
2.448233293828740997e+00
5.610147149367936681e-01
5.546674131978026612e-01
3.520328334056052055e-01
1.028683428747839912e+00
-8.640838719245564903e-01
1.697146133639209520e+00
-1.698927142997735729e+00
-2.731826651086148416e+00
-5.000000000000308642e-01
2.556359120172231325e-01
8.063549646132277537e-01
-1.361122117969441492e+00
1.229590112789860745e+00
-1.020629059705963959e+00
-2.622613132455020590e-01
2.174643187997725047e+00
7.344811608357177946e-01
-5.749784099192575271e-01
-2.917837192060339646e+00
9.473102204155481321e-02
-1.912979405109989095e+00
-1.590534531573737587e+00
-4.930010819740139882e-01
-2.905201268268410075e+00
-2.694126740166753464e+00
-2.430311793195429004e+00
1.606250391479634887e+00
-7.731266165261154732e-01
-8.595118786224329455e-01
3.857870913422383197e-01
-1.206814849091357722e+00
3.123532674139136711e-01
2.424843916903702823e-01
1.807729454230756705e+00
-2.445145352197028998e+00
-2.397293035701813402e+00
-2.715642309308125557e-01
-1.587418496536327162e+00
-2.937418593204180750e-01
-1.264306747401708453e+00
-1.053786035314563385e-01
-2.530366243708984886e+00
1.127694738061938706e-01
3.014982305364852344e+00
6.924433892714747518e-01
1.274858685818875514e+00
2.505709970239802242e-01
1.863124049176925201e+00
1.314973459569994119e-01
1.949094325523525573e+00
2.309467909943584196e+00
-1.827530280114582517e+00
-6.175004747483523460e-01
-3.886047395313391162e-01
1.605490221198578205e+00
-2.944856237207374994e-01
9.144897542769663268e-01
1.274585775349775352e+00
-1.118033988749931984e+00
2.455323235147258920e+00
2.876643519276354866e+00
3.208346489946520386e+00
1.988461818136137982e-01
1.196581893400766372e+00
1.824807064638019893e+00
-3.922764538964836900e-01
2.238641824824659121e+00
2.765175594739998077e-01
-7.677705251608627490e-01
-2.543826105714225516e+00
1.635035254069180377e-01
1.368190846622508561e+00
-1.081288557618797164e+00
1.273387766905366147e+00
-4.836176228037530889e-01
8.333170359081598644e-02
2.726556946941708914e-01
2.604661006225998499e+00
1.701733795156310070e+00
-2.135312441684711793e+00
2.274710482782014154e-01
-1.237309303940930638e+00
-6.020849519466621169e-01
-1.183101248016288576e+00
-7.463031589563460244e-01
-2.297372301433438402e+00
-4.329818003285216044e+00
2.731882717373809166e-01
-6.026110359018398421e-01
-3.059282712841678853e-01
-1.022270705502138721e+00
-3.233083151871866678e-01
-4.800789158556539871e-01
-1.142626812830179972e+00
2.673875632525910540e+00
-6.919923454645010574e-01
-1.791654856875860569e+00
-2.135485437573401146e+00
-9.448969332512171526e-01
-9.324288563283390507e-01
-2.196145539970865368e+00
3.765764067783308189e-01
-3.089413841889722345e+00
-1.981442205460454353e+00
8.691260619365767659e-02
1.554217463529464549e+00
8.780678002149324701e-01
-7.712389904599236123e-01
1.999999999999997335e+00
-5.830223638227723937e-01
1.252830429386304401e+00
2.112199675607937976e+00
8.231617115630142090e-01
-1.073461205981293798e+00
-2.017760251931823401e+00
1.602390514084321982e+00
-8.270513281133854422e-01
5.677932829324591202e-01
6.731370554986877419e-01
-4.140013835655136365e-01
1.799924805622954427e-02
1.189769192443855594e+00
4.611041954783206442e+00
8.327498683601679552e-01
1.515974541000849829e+00
1.675704805544240950e+00
9.619586971268918596e-01
1.645905252593372836e+00
1.299501996688413152e+00
2.108697523105389493e+00
-2.577204643197542389e+00
-6.432111528842588966e-01
7.947233265952307057e-01
2.311123143568873384e-01
6.727630275506031321e-01
-1.131425482367396373e-01
1.190978396481644719e+00
-1.341016660415095707e+00
2.319767783906229397e+00
3.040947489019032890e+00
5.233221618227135163e-01
1.461532217470454809e-01
-6.091986618624408711e-01
9.605188368250383579e-01
-1.578668331948411829e+00
6.907150061317395284e-01
-6.880550577229497256e-01
-3.561908937214993465e+00
-1.943341029745803361e+00
-1.046106171173399879e+00
7.807045699819398221e-01
-1.972586478647881059e+00
1.361512136338144940e-01
-5.854311549757442723e-01
-1.660706789963064756e+00
1.287759118592648466e+00
9.120690178189652109e-01
4.641993059411784195e-01
-3.118033988749939756e+00
-7.165381538564784547e-01
-1.050084747180253242e+00
-2.215072995074663265e+00
-2.540627505779480266e-01
-2.170617787908073026e+00
-2.306156325752381164e+00
-3.407840304866002867e+00
8.515306551006747160e-01
6.264705948764123233e-01
-1.044073158627984999e+00
8.450412176761323835e-01
-6.009875861061330093e-01
5.973828453283122064e-01
1.950636149417843690e-01
2.702113375284262098e+00
-1.281156525220965639e-02
-2.467544725552786034e+00
1.452878635970644705e-01
-8.280202646085559337e-01
3.242921294294948131e-01
-7.931227152668109959e-01
6.919431172725691859e-01
-1.273126279997482291e+00
-1.170297372699757865e+00
3.221943016603939114e+00
1.783510877242067361e+00
1.966514415963031226e+00
5.457985109963277015e-01
2.221296342710214589e+00
1.042601153967900096e+00
1.178706907351340760e+00
3.590479794108556888e+00
-4.312986724640650582e-01
-6.980732833102057944e-01
-9.298245870782095857e-01
1.444165240283382889e+00
2.912270063347176530e-01
-1.033253001780107816e-01
1.816215076049440880e+00
-1.299803203310399891e+00
9.252437293417076214e-01
2.103575372693170742e+00
3.400457295303682237e+00
8.093922767127172957e-01
-1.126480602271892617e-01
1.965839218159331381e+00
-8.031399058908917921e-01
1.181117593784551723e+00
4.438525386543107354e-01
-5.000000000000237588e-01
-2.920043277722984776e+00
-2.073689772169427403e+00
1.139163921560853110e+00
-1.600332977293876358e+00
1.207024292685316968e-01
-7.196207565523239369e-01
-6.711466941081527526e-01
-8.080794969204864175e-01
9.480111545675637963e-01
2.641148154262921377e+00
-1.966727384936570733e+00
-6.971189733877711792e-01
-1.239177331286464900e+00
-9.684184080424552699e-01
-1.331750445073272449e+00
-1.192509871429108692e+00
-1.053669338652700294e+00
-4.900609056461891377e+00
-1.238693557554652269e+00
-4.082526467314890883e-01
-2.400414199638122303e-01
-8.074162586958004706e-01
-6.736518964959611333e-01
4.105601108800800425e-01
-1.707106781186570998e+00
2.342459867039734966e+00
1.163922164199858944e+00
-8.368774725978243012e-01
-1.662698150743906478e+00
-1.041061104308747209e+00
3.478311249742219724e-01
-2.034459210145159069e+00
8.335861838777073318e-01
-1.327502589586508019e+00
-2.152202140895297156e+00
-2.728283723289179341e-01
1.548944119385194274e+00
2.473951065375135094e+00
-4.964553058227626492e-01
2.285337040842517098e+00
7.267555880875256058e-01
9.307105668193005332e-01
2.648958949955104281e+00
2.011199580170669243e+00
7.294503478271848751e-01
-2.296749739242213817e+00
1.371202310005455782e+00
2.097300261216158423e-01
1.505498515917968183e-01
1.118033988750001484e+00
-9.531185983699985709e-02
9.855581461989026959e-02
-3.225607559556904480e-01
4.229480114952284708e+00
2.013023815225970736e+00
8.921806374886003255e-01
1.691724182240631480e+00
7.249255397671656720e-01
1.478331744649298951e+00
4.631944572360604528e-01
2.557303158264387477e+00
-1.611252128641784465e+00
-2.303183060660754844e+00
1.144820889294395627e-02
-3.919842507756863270e-01
2.764195972841427817e-01
-1.161764813666368301e+00
8.259666639729301707e-01
-1.755720605322765859e+00
-9.189131764372049371e-02
2.756548240060283206e+00
6.796204476992355747e-01
3.144659280170836180e-02
-1.593555024340945092e+00
6.321589496458454027e-01
-1.636826740893385423e+00
-6.637112868431378487e-01
1.396956345544891342e-01
-3.402137154724468537e+00
-2.872947703497933603e+00
-2.421500228972790936e+00
6.158207260140813322e-01
-1.710779196693956727e+00
-9.731798539181126806e-01
6.120539479753345224e-02
-2.081754262156013446e+00
4.437815185181904765e-01
8.690183985660728805e-01
1.748723329004135296e+00
-2.116863483840484061e+00
-1.462170697838174327e+00
-8.142555864141809430e-04
-2.014731750754015227e+00
-3.794509046088445636e-02
-1.236221989129601351e+00
-1.217295839397379176e+00
-3.364252760678705378e+00
-3.305591763773049196e-01
1.949497950298171967e+00
-4.999999999999511502e-01
1.203823465912086998e+00
1.576822399612149983e-01
1.195020175440292709e+00
3.967524396535930808e-01
2.755619325808680298e+00
2.501760617211495230e+00
-1.704062310872712427e+00
2.169168138560783055e-01
-2.287663993732258483e-01
9.113984717644512124e-01
-3.234676095475164659e-01
8.182536794093320243e-01
2.552803829440349892e-01
-2.036451363739190334e+00
2.355308109589026255e+00
2.345815196084658716e+00
2.519548962632359501e+00
7.244645405267743365e-01
1.811498388521186387e+00
1.890153715868616136e+00
2.299393345566260738e-01
3.575433436386330932e+00
8.411404945348800455e-01
-5.814543310479131089e-01
-1.671000718233396576e+00
3.860534921988635348e-01
7.529834490851490258e-01
-1.243910814754089600e+00
1.437437177000234323e+00
-1.202090497008165837e+00
-5.868945026653525909e-01
6.652157543166290488e-01
2.680980892672420790e+00
1.610302699887971922e+00
-1.274880285478665831e+00
1.396294993277662932e+00
-8.725968304298930001e-01
5.644155309048048963e-04
1.469784513467170539e-01
-3.489025619973747938e-01
-2.446763621763226482e+00
-4.016839959090641621e+00
2.495886389422722340e-01
-1.577703031042774651e+00
-8.774317443576808984e-01
-9.477373210574934204e-01
-1.081621363244724687e+00
-1.152557362108620254e+00
-7.984611084427455374e-01
3.000000000000000000e+00
-7.984611084425554672e-01
-1.152557362108816097e+00
-1.081621363244687162e+00
-9.477373210574481233e-01
-8.774317443575125886e-01
-1.577703031042993143e+00
2.495886389422826701e-01
-4.016839959090466650e+00
-2.446763621763444974e+00
-3.489025619973129544e-01
1.469784513467234932e-01
5.644155309553200439e-04
-8.725968304301444656e-01
1.396294993277717555e+00
-1.274880285478484865e+00
1.610302699887738775e+00
2.680980892672510052e+00
6.652157543166338227e-01
-5.868945026653145103e-01
-1.202090497008331926e+00
1.437437177000370436e+00
-1.243910814753937277e+00
7.529834490848635875e-01
3.860534921989643986e-01
-1.671000718233399684e+00
-5.814543310479032279e-01
8.411404945347339401e-01
3.575433436386440178e+00
2.299393345566875801e-01
1.890153715868313045e+00
1.811498388521368463e+00
7.244645405270280225e-01
2.519548962632364386e+00
2.345815196084640064e+00
2.355308109588928112e+00
-2.036451363739271159e+00
2.552803829441419037e-01
8.182536794095129906e-01
-3.234676095473488222e-01
9.113984717644953992e-01
-2.287663993733287660e-01
2.169168138561985426e-01
-1.704062310872718644e+00
2.501760617211679083e+00
2.755619325808626563e+00
3.967524396535817011e-01
1.195020175440279164e+00
1.576822399612659575e-01
1.203823465912132074e+00
-4.999999999999906741e-01
1.949497950298005433e+00
-3.305591763773154113e-01
-3.364252760678656529e+00
-1.217295839397281920e+00
-1.236221989129414389e+00
-3.794509046085026149e-02
-2.014731750754160444e+00
-8.142555865546241556e-04
-1.462170697838209410e+00
-2.116863483840278448e+00
1.748723329004098659e+00
8.690183985660868693e-01
4.437815185182403255e-01
-2.081754262156040980e+00
6.120539479719083742e-02
-9.731798539176967910e-01
-1.710779196694425686e+00
6.158207260140005079e-01
-2.421500228972450319e+00
-2.872947703497859884e+00
-3.402137154724501400e+00
1.396956345541408573e-01
-6.637112868425529832e-01
-1.636826740893781551e+00
6.321589496457389323e-01
-1.593555024340924220e+00
3.144659280163653037e-02
6.796204476990279630e-01
2.756548240060282318e+00
-9.189131764316645079e-02
-1.755720605323163319e+00
8.259666639730226523e-01
-1.161764813666354978e+00
2.764195972840671756e-01
-3.919842507755199046e-01
1.144820889300329769e-02
-2.303183060660208614e+00
-1.611252128642227888e+00
2.557303158264522036e+00
4.631944572361200718e-01
1.478331744649138635e+00
7.249255397673393109e-01
1.691724182240700980e+00
8.921806374887127911e-01
2.013023815225719382e+00
4.229480114952373526e+00
-3.225607559555788706e-01
9.855581461964868506e-02
-9.531185983695800168e-02
1.118033988750059216e+00
1.505498515919314606e-01
2.097300261213285166e-01
1.371202310005562364e+00
-2.296749739242115229e+00
7.294503478269752650e-01
2.011199580170731416e+00
2.648958949955216635e+00
9.307105668194251002e-01
7.267555880872683671e-01
2.285337040842609024e+00
-4.964553058226408577e-01
2.473951065375053382e+00
1.548944119385298190e+00
-2.728283723288397189e-01
-2.152202140895223881e+00
-1.327502589586724291e+00
8.335861838778890753e-01
-2.034459210145083574e+00
3.478311249741504740e-01
-1.041061104308718566e+00
-1.662698150744094772e+00
-8.368774725977825568e-01
1.163922164199578502e+00
2.342459867039934807e+00
-1.707106781186590760e+00
4.105601108798962451e-01
-6.736518964957750599e-01
-8.074162586959091614e-01
-2.400414199639031299e-01
-4.082526467317377783e-01
-1.238693557554452651e+00
-4.900609056461955326e+00
-1.053669338652872600e+00
-1.192509871428884427e+00
-1.331750445073336175e+00
-9.684184080427432617e-01
-1.239177331286592576e+00
-6.971189733875762240e-01
-1.966727384936511669e+00
2.641148154262759729e+00
9.480111545677499807e-01
-8.080794969206241962e-01
-6.711466941084078819e-01
-7.196207565523633498e-01
1.207024292687983724e-01
-1.600332977293873693e+00
1.139163921560688353e+00
-2.073689772169253320e+00
-2.920043277723128661e+00
-4.999999999997699063e-01
4.438525386542805373e-01
1.181117593784703157e+00
-8.031399058910422273e-01
1.965839218159230128e+00
-1.126480602268097320e-01
8.093922767125512063e-01
3.400457295303802585e+00
2.103575372693119228e+00
9.252437293415973762e-01
-1.299803203310490485e+00
1.816215076049561006e+00
-1.033253001779618208e-01
2.912270063347074389e-01
1.444165240283240781e+00
-9.298245870780607047e-01
-6.980732833101818136e-01
-4.312986724640097691e-01
3.590479794108650591e+00
1.178706907351418920e+00
1.042601153967798844e+00
2.221296342710219918e+00
5.457985109966039250e-01
1.966514415963176887e+00
1.783510877241911485e+00
3.221943016603725063e+00
-1.170297372699797833e+00
-1.273126279997303545e+00
6.919431172726040469e-01
-7.931227152665302205e-01
3.242921294294924817e-01
-8.280202646087693186e-01
1.452878635969916399e-01
-2.467544725552747842e+00
-1.281156525225271917e-02
2.702113375284335817e+00
1.950636149417349641e-01
5.973828453282757911e-01
-6.009875861061132474e-01
8.450412176761896710e-01
-1.044073158627582654e+00
6.264705948759269338e-01
8.515306551011248004e-01
-3.407840304866005532e+00
-2.306156325752533931e+00
-2.170617787908055707e+00
-2.540627505778950690e-01
-2.215072995074376827e+00
-1.050084747180685119e+00
-7.165381538561623742e-01
-3.118033988749924212e+00
4.641993059407992783e-01
9.120690178190329345e-01
1.287759118592807894e+00
-1.660706789962754115e+00
-5.854311549761830324e-01
1.361512136342746260e-01
-1.972586478647977870e+00
7.807045699818473405e-01
-1.046106171173273758e+00
-1.943341029745600190e+00
-3.561908937214861126e+00
-6.880550577234691989e-01
6.907150061321145618e-01
-1.578668331948528181e+00
9.605188368248829267e-01
-6.091986618622931005e-01
1.461532217469899697e-01
5.233221618228325323e-01
3.040947489018925420e+00
2.319767783906404368e+00
-1.341016660415184081e+00
1.190978396481564339e+00
-1.131425482365782109e-01
6.727630275505263047e-01
2.311123143568346583e-01
7.947233265951771930e-01
-6.432111528840500636e-01
-2.577204643197682277e+00
2.108697523105311777e+00
1.299501996688611882e+00
1.645905252593212520e+00
9.619586971268191400e-01
1.675704805544215859e+00
1.515974541001166020e+00
8.327498683601629592e-01
4.611041954783130947e+00
1.189769192444125601e+00
1.799924805603569933e-02
-4.140013835655778074e-01
6.731370554985146581e-01
5.677932829327212438e-01
-8.270513281134790340e-01
1.602390514084183426e+00
-2.017760251931788318e+00
-1.073461205981370181e+00
8.231617115628567793e-01
2.112199675607827842e+00
1.252830429386542654e+00
-5.830223638229893313e-01
2.000000000000015099e+00
-7.712389904597625190e-01
8.780678002148049055e-01
1.554217463529478760e+00
8.691260619359758577e-02
-1.981442205460232753e+00
-3.089413841889965706e+00
3.765764067783728963e-01
-2.196145539970647320e+00
-9.324288563286550202e-01
-9.448969332512989761e-01
-2.135485437573355405e+00
-1.791654856875854573e+00
-6.919923454647189942e-01
2.673875632526016677e+00
-1.142626812830086935e+00
-4.800789158558780301e-01
-3.233083151870579375e-01
-1.022270705501700849e+00
-3.059282712841208118e-01
-6.026110359020531160e-01
2.731882717373917968e-01
-4.329818003285271999e+00
-2.297372301433427300e+00
-7.463031589561508472e-01
-1.183101248016337426e+00
-6.020849519468192135e-01
-1.237309303941188432e+00
2.274710482781712173e-01
-2.135312441684666496e+00
1.701733795156259443e+00
2.604661006226142383e+00
2.726556946938982762e-01
8.333170359062624932e-02
-4.836176228038497893e-01
1.273387766905483165e+00
-1.081288557618797608e+00
1.368190846622407086e+00
1.635035254070497934e-01
-2.543826105714437347e+00
-7.677705251609691084e-01
2.765175594739791576e-01
2.238641824824758597e+00
-3.922764538967906667e-01
1.824807064637979703e+00
1.196581893401016394e+00
1.988461818134338310e-01
3.208346489946366731e+00
2.876643519276370853e+00
2.455323235147227390e+00
-1.118033988749746577e+00
1.274585775349844186e+00
9.144897542772729704e-01
-2.944856237208348104e-01
1.605490221198215606e+00
-3.886047395313682040e-01
-6.175004747482903955e-01
-1.827530280114459504e+00
2.309467909943848429e+00
1.949094325523518689e+00
1.314973459568593572e-01
1.863124049176545061e+00
2.505709970240553863e-01
1.274858685819026505e+00
6.924433892713516281e-01
3.014982305364591664e+00
1.127694738069104502e-01
-2.530366243709114560e+00
-1.053786035315309455e-01
-1.264306747401556130e+00
-2.937418593204536021e-01
-1.587418496536479262e+00
-2.715642309310039026e-01
-2.397293035701272945e+00
-2.445145352197346966e+00
1.807729454230691424e+00
2.424843916906015417e-01
3.123532674139072318e-01
-1.206814849091511821e+00
3.857870913421481140e-01
-8.595118786219781981e-01
-7.731266165266896806e-01
1.606250391479638218e+00
-2.430311793195174097e+00
-2.694126740166868927e+00
-2.905201268268632120e+00
-4.930010819740952011e-01
-1.590534531573354338e+00
-1.912979405110535103e+00
9.473102204156846895e-02
-2.917837192060312113e+00
-5.749784099194951148e-01
7.344811608354633314e-01
2.174643187997737925e+00
-2.622613132451713236e-01
-1.020629059706407826e+00
1.229590112789966216e+00
-1.361122117969349565e+00
8.063549646129773985e-01
2.556359120174814814e-01
-4.999999999998704370e-01
-2.731826651085897062e+00
-1.698927142998249984e+00
1.697146133639315879e+00
-8.640838719244772204e-01
1.028683428747460216e+00
3.520328334058553388e-01
5.546674131979033584e-01
5.610147149369496544e-01
2.448233293828232959e+00
4.259182143012859356e+00
-2.452433309285984020e-01
1.112535131544054812e+00
6.425842066222242632e-01
9.687479142149464373e-01
6.436262361170812518e-01
8.035435854272244827e-01
9.453437820786497747e-01
-2.916379653832915864e+00
7.131399663226154484e-01
1.493860385858939210e+00
1.595467831404355330e+00
9.451971013918971654e-01
9.805092520529736788e-01
1.951586596431797327e+00
-2.928932188134476533e-01
3.617307846537148208e+00
2.288088919904340379e+00
1.266298756059301422e-01
-8.684023694744315014e-01
-4.230271155590139553e-01
7.841176077675702238e-01
-1.783792743016562765e+00
8.964077020339106250e-01
-1.453083628644799230e+00
-2.465071070975632939e+00
-7.702081466586813141e-01
8.714682788945503633e-01
1.622392482245154532e+00
-1.514538137323626632e+00
1.109766536257465575e+00
-5.958681425595382386e-01
-5.272266880237570508e-01
1.068648925203710576e+00
3.225437291666092277e-01
-1.052562700549325658e+00
-4.156302711018836860e+00
-5.493850613484324574e-01
-1.754844475335499254e+00
-1.840574077614662629e+00
-8.819660112503516780e-01
-2.086435789043219913e+00
-1.866018686837358054e+00
-2.243148127309584794e+00
2.369927143175700746e+00
2.310107668492267230e-01
-7.964752135158222890e-01
1.114141574890097908e-01
-7.330117150755061095e-01
1.557080140021138703e-01
-7.123760473489437750e-01
1.539220326763685254e+00
-2.462810711772122740e+00
-2.980658901151396201e+00
-4.859315654367689641e-01
-7.048531808559830303e-01
1.508385582255188373e-01
-1.098943295510077078e+00
1.076633131101531138e+00
-1.319434122529773656e+00
5.261426711060602779e-01
3.550844021329746525e+00
1.643127795902649790e+00
1.155613348505925231e+00
-3.187070448435490588e-01
2.046372512019235312e+00
-9.580025534188857383e-02
9.904498617058469234e-01
1.892308994641891617e+00
-1.566627903356432761e+00
-9.708346709075351688e-01
-4.696667050952312294e-01
2.600050128643121461e+00
2.882339240373114619e-01
1.022873602938207949e+00
2.036582075987467100e+00
-1.445879398984992736e-01
2.325543056426700339e+00
2.678672503497957269e+00
3.470207383011961522e+00
-4.988294950901691061e-01
3.805144142261616957e-02
1.368279956271163611e+00
-7.889176434481954825e-01
1.033708499497073996e+00
-3.282409896505873448e-01
-4.810467340278439252e-01
-2.806270548600074743e+00
4.420345279341178490e-02
2.137714576935365152e+00
-5.000000000000476286e-01
1.015606839275025486e+00
-2.170803892102326493e-01
6.370379633619568382e-01
-3.394966657156657242e-01
1.847638326328945757e+00
1.430107027253866292e+00
-2.929876418178704700e+00
-1.152177398001417608e+00
-1.728988538634085526e+00
-7.066355169852792661e-01
-2.044951663555137689e+00
-9.914004255230194351e-01
-1.626481154964117604e+00
-3.973617685996622129e+00
3.799314283983252771e-01
3.497617392282200699e-01
5.205358419009606941e-01
-1.259764862101878213e+00
-1.403351353566183179e-01
-1.195931672177019678e-02
-1.605569916811375730e+00
1.822820076298610203e+00
-8.130206540139992555e-01
-2.122480816599342290e+00
-3.085214280606509263e+00
-8.887944872989222977e-01
-3.711833066192192776e-01
-2.207418162957619057e+00
6.431413957306905127e-01
-1.820124485757872002e+00
-1.023180985458243430e+00
4.145492871879947194e-01
2.618159374515866222e+00
1.735883738946411015e+00
-9.620113553983884458e-01
1.893674767607325560e+00
-1.951209899392241098e-01
8.521229986612303131e-01
1.165061282847438484e+00
8.266679425874439158e-01
-1.124139891115580214e+00
-2.558902704248014803e+00
1.829898663693632743e+00
1.109528199614946420e-01
9.045813040190642251e-01
9.118156507189774107e-01
8.389660081090832833e-01
8.120171393489409306e-01
1.192662820763640052e+00
