5.000000000000000000e+00
1.249605420082736007e+00
6.994988543265292513e-01
1.327737616472522753e+00
-5.708665568428189507e-01
6.276416248150895605e-01
5.746162041171367640e-01
1.278927082780992430e+00
-1.304282545542385652e+00
-1.744223706052274725e+00
1.456704651944949358e+00
-7.149273136894295222e-01
1.807493197069234725e+00
2.982639885225215615e+00
-2.648320261048798807e-01
1.549962975272300980e-02
-4.503175305666229367e-01
5.517571438998585265e-01
-6.051372696325441058e-01
-6.368452864129153790e-01
-4.523041030840557752e-04
-4.427078621851339157e+00
-2.053194609940069082e+00
-3.244068185999993137e-01
-1.583770264905259406e+00
7.826648431237540615e-01
-1.111050546747571754e-01
-6.475420686403450254e-01
-1.610707326611660939e+00
-1.526394255161043212e-01
1.568734014519703290e+00
-1.778194697341437758e+00
-6.783832577615100945e-02
-1.480220173594463784e+00
-4.266011529108173939e+00
-1.011146910421770073e+00
-7.332337573497607064e-01
-1.497250372663627704e-01
-5.744111051977065507e-01
-2.200255413794883763e-01
3.306744580641149955e-01
-1.315459879675143107e+00
2.926293655405501681e+00
2.319163124808837573e+00
-3.923237896928422064e-01
1.279315232775352529e+00
-1.131677718565234692e+00
-1.038885214377788913e+00
6.765614358952506957e-02
1.120481568991944288e+00
9.510565162951557516e-01
-1.490729381918844965e+00
1.466321775802108984e+00
5.687627727467801098e-01
6.183902797861481337e-01
4.633518490080335894e+00
2.066629521930236191e+00
1.148713136804293544e+00
7.462877036534891761e-01
4.131421371408856569e-01
6.913785089089080627e-01
-1.397105431440072154e-01
2.182026789911861275e+00
-1.050324029142204463e+00
-2.223340085668775501e+00
1.106942119623006482e+00
-6.100054755112105376e-01
1.363852613793510749e+00
2.419230273371354212e+00
9.703467592904251315e-01
-3.173495986494179188e-02
-1.001630622916130253e+00
1.517679681153549343e+00
-6.154446824333366095e-01
-6.976439080150776961e-01
6.383270831563413461e-01
-3.903718739947858563e+00
-2.591691367467272578e+00
-1.025777027084393112e+00
-9.964383243313148508e-01
4.812738892531420731e-02
-5.038151584897885282e-01
3.659619634359140838e-01
-2.192828146237685960e+00
-5.651136729171363227e-01
2.047411031624205791e+00
-1.417314215373712827e+00
-7.941545115454184955e-02
-1.176786547504898417e+00
-3.454845396367853816e+00
-2.043056183264281955e+00
-1.171697971463572907e+00
5.474253798227641798e-01
-1.467276287328254991e+00
-3.976228223745268964e-01
6.276969332359881859e-01
-1.868949315759981467e+00
2.322780330441456265e+00
2.573756073029117353e+00
4.478196813961856093e-01
8.090169943749625503e-01
-6.974605468514913920e-01
-3.201204686255759713e-01
-1.064935048544819463e+00
1.265744939395197610e+00
1.475111152212237542e+00
-1.977498938528010619e+00
1.093519962504800436e+00
5.078443619758584715e-01
4.279463539466599742e-01
3.669094910164459655e+00
2.720355239394239621e+00
1.982546018047752767e+00
1.273206552930411517e-02
1.113406339869523087e+00
1.097408128187334908e+00
-6.667759892134268451e-01
2.540619098665696907e+00
-4.519367890952372679e-01
-2.252339421309205392e+00
2.334217417424550023e-01
-3.565947644660126814e-01
1.222847472598693752e+00
1.421411510232437836e+00
1.996229438953690760e+00
2.928932188134849568e-01
-1.586144391422943167e+00
1.984807125654614479e+00
-2.199498734832879832e-01
-6.173289671565203030e-01
7.237487993877476100e-01
-2.915954782338159745e+00
-2.784716657526802752e+00
-2.116815906245260059e+00
-3.558108713997393258e-01
-3.722707103165789899e-01
-1.155490290059759673e+00
1.046811358787759882e+00
-2.265195139651581258e+00
-1.087041062018098136e+00
1.939509961357637202e+00
-5.971491535344050083e-01
-6.443335150357987207e-02
-1.280087759521063351e+00
-2.274273859072465598e+00
-2.744256504937751195e+00
-1.915176646862855048e+00
1.132449765169813105e+00
-1.857584023848498855e+00
-8.328065606380155028e-01
5.877852522925107737e-01
-1.836302515468759111e+00
1.453944837263086320e+00
2.328041929065642002e+00
1.640458793818231120e+00
3.917497196735634235e-01
-5.904085440665034490e-01
5.645259317456123860e-01
-1.756510799209008544e+00
1.009130884498561809e+00
1.877956028551231338e+00
-1.816079126973281221e+00
3.901580022789878921e-01
2.350733139906108216e-01
7.086985317148530861e-01
2.448368928424045077e+00
2.942742947757620797e+00
3.028630725236224563e+00
-4.972260599923993274e-01
1.362235861656338809e+00
1.593755345039111537e+00
-7.012787618424111136e-01
2.369502204042960081e+00
1.755378166212877566e-01
-1.676245653526411639e+00
-9.113640479782527670e-01
-2.660370825681965812e-01
1.405605238624223929e+00
3.558199847443068720e-01
2.518141616211561740e+00
8.585356577148249846e-01
-1.856165660389788474e+00
1.823991312136018728e+00
3.300134399137713004e-01
-1.536278893710412985e-01
3.306894088594112824e-01
-1.826370257305350409e+00
-2.477699999054769453e+00
-3.312777252234578196e+00
-1.209188269497613044e-02
-4.334278422972981382e-01
-1.734603898013440393e+00
1.138807096293881216e+00
-1.948370987864588955e+00
-1.400567936048980888e+00
1.188749459665863872e+00
3.721478160138896873e-01
2.193923748169377408e-01
-1.685443843078005433e+00
-1.126446723459035848e+00
-2.927050983124841022e+00
-2.712696715350706889e+00
1.271282650159204497e+00
-1.716940313472316237e+00
-1.223882828860410443e+00
3.066967156397742977e-02
-1.386449505133409144e+00
6.628420671864940772e-01
1.554825732744586686e+00
2.824975647003278745e+00
3.080858120077074047e-01
-7.265969123829442156e-01
1.237403698962491916e+00
-1.833146292094620211e+00
5.683201174034370196e-01
1.870375892053497413e+00
-1.049534528639401332e+00
-3.090081422263496469e-01
-3.982935497958954851e-01
1.246994180362191784e+00
1.360632099313451526e+00
2.678811021501538381e+00
3.943739247925249991e+00
-5.031809206940658363e-01
1.237589058899948302e+00
1.853524000159194385e+00
-1.426727771954156010e-01
1.912316689972791472e+00
5.447854529534708057e-01
-5.926507794371369542e-01
-1.935559233779240884e+00
-5.142532645392966506e-01
1.708762606912809900e+00
-3.951943854079091878e-01
2.470560893333791697e+00
1.369917360334484302e+00
-1.580002356394559326e+00
1.169533799256343931e+00
7.076945471346680616e-01
7.359673400858849357e-01
-2.471807507650966018e-01
-9.648464556678536530e-01
-1.756556894480720832e+00
-4.218694991740203015e+00
-1.563743250371775195e-01
-3.144432890920042523e-01
-1.917956721264163722e+00
6.329068035416183235e-01
-1.535316257751540459e+00
-1.302342897732656990e+00
2.597303481274589529e-14
1.113930779825249795e+00
8.219817383591251359e-01
-2.094873655483136421e+00
-3.538517759160939580e-01
-2.649060541409298697e+00
-3.220762219466988707e+00
8.140266735759057459e-01
-1.255435229326984148e+00
-1.281312770369811282e+00
-9.791404615363316077e-01
-8.561715471206066130e-01
1.814627445271140838e-01
4.702064657729472241e-01
3.602608349373233043e+00
6.333624668819980430e-01
-8.424174924417019428e-01
1.409754562146760204e+00
-1.382034699672758604e+00
2.563763417658120325e-01
1.350854241500299091e+00
3.895102869177774485e-02
-6.846514900434499395e-01
-1.311014610561804350e+00
1.687304137196115938e+00
6.666230211810809658e-01
2.109427657494197028e+00
4.372915854288154769e+00
4.553116460397277354e-02
1.004100793481184306e+00
1.648187812901887428e+00
8.473764742978678877e-01
1.508927358377072148e+00
5.471285861994489297e-01
6.802229406728251826e-01
-2.485511082824835682e+00
-1.047566231373018075e+00
1.811513627803176707e+00
-6.072932206366630226e-01
2.033503832963378333e+00
1.524614072006877707e+00
-7.645929464542382537e-01
3.470973913913825148e-01
6.837719498287144759e-01
1.850221175650176964e+00
-6.413377378744440360e-01
-4.770832265140268480e-01
-9.094798756294851794e-01
-4.508509504837294735e+00
-7.314581884241299070e-01
-3.090169943748986014e-01
-1.555328650210765717e+00
-2.304002169934680211e-01
-1.330623081424358478e+00
-8.163914630494260027e-01
-1.247636594265120857e+00
1.362804127605286908e+00
1.562979896744557173e+00
-2.166096007285954084e+00
-9.041843588878639704e-02
-2.170744100920569686e+00
-3.177511221873674074e+00
-1.281587841869180622e-01
-8.033774813868777009e-01
-8.856997526732919290e-01
-2.145755340192897265e+00
-5.807982219060169315e-01
2.084912123169502252e-02
-5.612848452302342528e-01
3.715387128798656846e+00
1.204211703601250072e+00
-6.432104762382288010e-01
1.020031411622996487e+00
-6.982382702897129700e-01
3.100839013339820038e-01
4.689005638134433607e-01
1.057782600710064802e+00
-5.910903983210784585e-01
-2.214319299634479599e+00
1.706303023668627850e+00
3.913786657960593995e-01
1.553982099106804293e+00
4.121594744725170401e+00
9.472517095208057292e-01
9.613039422568538939e-01
9.741428278762265247e-01
1.913854315204850609e+00
1.419706638149772715e+00
3.088097645437242189e-01
1.744157016630750512e+00
-2.404248176337281162e+00
-1.609215571349187357e+00
1.447190677766885702e+00
-3.110052995487141425e-01
1.528945071239828479e+00
1.177283644614287139e+00
3.371107511403663715e-01
-2.878797042162227759e-01
2.478204849429475054e-01
2.824189166065483647e+00
-5.877852522923031620e-01
-2.715251827179158695e-01
-2.850462766906213252e-01
-4.076157194944709516e+00
-1.466447765284073057e+00
-6.563229523902236462e-01
-7.514478372539623585e-01
-1.077633613721201922e+00
-1.487760033414395888e+00
-1.909689054503419525e-01
-2.171126003898815160e+00
1.084672886822352744e+00
2.115756800420844908e+00
-1.688176094418220696e+00
-2.170233073499002741e-01
-1.812146023786778581e+00
-2.541988058304777365e+00
-1.232033855655093824e+00
-6.377230754584256589e-01
-1.596398816132149623e-01
-3.070250368842981192e+00
-7.299005601929255960e-01
-2.167499571857184337e-02
-1.197629421372844227e+00
3.159242124808651297e+00
1.707106781186600086e+00
2.829383392597348279e-02
2.628492378469989843e-01
-1.331941637087169505e-01
7.578283037203938921e-01
-4.366161312818066520e-01
1.687510202520516644e+00
-1.243602350526090694e-01
-2.744315132019589321e+00
1.172954986687780199e+00
3.374833475732257337e-01
1.302473282699614154e+00
3.254975693113114410e+00
1.847819710646632974e+00
1.276960762225454626e+00
6.774785255227222525e-02
2.670462518727057422e+00
1.694897683721727777e+00
1.241243608577776714e-01
2.301889402370268733e+00
-1.793637638437168391e+00
-1.872756128290951949e+00
5.529488095484018650e-01
2.352483032120968875e-01
1.250631127468781134e+00
4.270509831248926469e-01
1.338906891258212717e+00
-5.205859646198672808e-01
-3.831384873655389045e-01
3.295357697980067169e+00
-5.342311760774176577e-02
-8.948816530491154886e-02
-1.175225229604431321e-01
-3.084247967217804476e+00
-2.016610561664896828e+00
-1.399110474207471588e+00
1.766553465416876856e-01
-1.579939354443648636e+00
-1.926769287188839552e+00
2.204088833070355635e-01
-2.554048278238644443e+00
4.805249618890251595e-01
2.171552690432494437e+00
-6.962002576549195521e-01
-4.414934360801445745e-01
-1.782099321643103584e+00
-1.527702319582442847e+00
-2.113170459020854430e+00
-8.408667371772519106e-01
5.839244546474833264e-01
-3.431931576491058511e+00
-1.229218639412293035e+00
-2.426830165808040451e-01
-1.281905334666421092e+00
2.176469526988390690e+00
1.843320243063660158e+00
1.089851981837469230e+00
-5.059751456858427865e-01
7.881768942107447717e-02
1.394695746321485519e+00
-9.949933545497314791e-01
1.821560889379169712e+00
4.332940184377862547e-01
-2.639198244636611346e+00
2.154644414443723788e-01
2.096762680487014308e-01
1.462144356294536429e+00
2.074534071698822313e+00
2.412639548907095310e+00
1.890554496050392608e+00
-7.002987109665345100e-01
2.875623411295073595e+00
2.154093676715460148e+00
2.987615535897553132e-01
2.289689026927312021e+00
-9.510565162951545304e-01
-1.614584003333985329e+00
-6.785399752557811359e-01
6.815408217827952919e-01
1.313527391852395976e+00
-4.174850883473389951e-01
1.899461485369191793e+00
-3.716467513103330345e-01
-8.736098005898341734e-01
3.074535358112580052e+00
7.525001676072352597e-01
3.387661356519423572e-01
-4.071041593310542606e-01
-1.886400433568296009e+00
-2.137632288849620643e+00
-2.342176704064617976e+00
8.469298970957275241e-01
-1.604042979215587916e+00
-2.374073660896818705e+00
1.352495821752984773e-01
-2.434246746818907514e+00
-1.262944622880624035e-01
1.601240982007865021e+00
5.327425656617984506e-01
-4.612984384679483796e-01
-2.066743886964117927e+00
-5.120222578340991593e-01
-2.504397726763545773e+00
-1.262633021741565109e+00
9.921427715543462700e-01
-3.133948647170641699e+00
-1.806609023297821359e+00
-8.616676874872597480e-01
-9.157686598593168803e-01
1.132464943363701959e+00
1.486447263206404967e+00
2.237173859550220190e+00
-9.414527607908500517e-01
-7.030746571947138479e-02
1.878497545883640374e+00
-9.799086979862625668e-01
1.598762999859645983e+00
7.637288740960849198e-01
-1.872995521749934555e+00
-8.379035423529895832e-01
-2.138337533084937458e-01
1.896679065928031704e+00
9.822576751574441101e-01
2.485274117427164864e+00
2.536427704090113089e+00
-1.000000000000000000e+00
2.536427704089921242e+00
2.485274117427274554e+00
9.822576751572444920e-01
1.896679065928251973e+00
-2.138337533084364583e-01
-8.379035423530660776e-01
-1.872995521749814207e+00
7.637288740957502986e-01
1.598762999859798750e+00
-9.799086979862257074e-01
1.878497545883585973e+00
-7.030746571922857902e-02
-9.414527607911873375e-01
2.237173859550252608e+00
1.486447263206376324e+00
1.132464943363646004e+00
-9.157686598589482863e-01
-8.616676874874215075e-01
-1.806609023297683247e+00
-3.133948647170841539e+00
9.921427715541802916e-01
-1.262633021741282668e+00
-2.504397726763750498e+00
-5.120222578338853303e-01
-2.066743886964194310e+00
-4.612984384681655392e-01
5.327425656619471095e-01
1.601240982007712921e+00
-1.262944622877676393e-01
-2.434246746818932383e+00
1.352495821751789062e-01
-2.374073660897049187e+00
-1.604042979215793752e+00
8.469298970958877293e-01
-2.342176704064604209e+00
-2.137632288849551809e+00
-1.886400433568113932e+00
-4.071041593311138240e-01
3.387661356519078293e-01
7.525001676073914680e-01
3.074535358112528982e+00
-8.736098005897271479e-01
-3.716467513103797193e-01
1.899461485369143832e+00
-4.174850883473169016e-01
1.313527391852370663e+00
6.815408217830593030e-01
-6.785399752557205177e-01
-1.614584003333944473e+00
-9.510565162951852836e-01
2.289689026927109516e+00
2.987615535897534258e-01
2.154093676715291839e+00
2.875623411295035403e+00
-7.002987109665816945e-01
1.890554496050310007e+00
2.412639548906992726e+00
2.074534071698709958e+00
1.462144356294697412e+00
2.096762680487490593e-01
2.154644414442917766e-01
-2.639198244636597135e+00
4.332940184371054104e-01
1.821560889379657766e+00
-9.949933545497386955e-01
1.394695746321396035e+00
7.881768942156042179e-02
-5.059751456861438790e-01
1.089851981837584916e+00
1.843320243063415464e+00
2.176469526988593639e+00
-1.281905334665993434e+00
-2.426830165811563744e-01
-1.229218639411969516e+00
-3.431931576491405345e+00
5.839244546472943664e-01
-8.408667371767929444e-01
-2.113170459020797143e+00
-1.527702319581954793e+00
-1.782099321643330292e+00
-4.414934360802671431e-01
-6.962002576549035648e-01
2.171552690432053900e+00
4.805249618894183450e-01
-2.554048278238863823e+00
2.204088833068398312e-01
-1.926769287188793145e+00
-1.579939354443962385e+00
1.766553465419046232e-01
-1.399110474207559740e+00
-2.016610561664726298e+00
-3.084247967217554898e+00
-1.175225229610799560e-01
-8.948816530489450694e-02
-5.342311760782569863e-02
3.295357697980078271e+00
-3.831384873652399214e-01
-5.205859646200259316e-01
1.338906891258391019e+00
4.270509831248143762e-01
1.250631127468770920e+00
2.352483032122931750e-01
5.529488095480642462e-01
-1.872756128290671285e+00
-1.793637638437414417e+00
2.301889402370196791e+00
1.241243608577873303e-01
1.694897683721438675e+00
2.670462518727501067e+00
6.774785255223259028e-02
1.276960762225316515e+00
1.847819710646641633e+00
3.254975693112991397e+00
1.302473282699881940e+00
3.374833475732272881e-01
1.172954986687904544e+00
-2.744315132019525816e+00
-1.243602350530028100e-01
1.687510202520819291e+00
-4.366161312819344387e-01
7.578283037204374128e-01
-1.331941637085009011e-01
2.628492378468760826e-01
2.829383392608869618e-02
1.707106781186307654e+00
3.159242124808730789e+00
-1.197629421372622183e+00
-2.167499571863618080e-02
-7.299005601925723230e-01
-3.070250368843156163e+00
-1.596398816131555654e-01
-6.377230754582706718e-01
-1.232033855654936394e+00
-2.541988058304490039e+00
-1.812146023787064353e+00
-2.170233073498901710e-01
-1.688176094418242901e+00
2.115756800420520278e+00
1.084672886822434013e+00
-2.171126003898837808e+00
-1.909689054503933558e-01
-1.487760033414387895e+00
-1.077633613721410644e+00
-7.514478372538812012e-01
-6.563229523904134943e-01
-1.466447765283976024e+00
-4.076157194944706852e+00
-2.850462766910053514e-01
-2.715251827178935540e-01
-5.877852522925002265e-01
2.824189166065660395e+00
2.478204849431943080e-01
-2.878797042163886433e-01
3.371107511404831669e-01
1.177283644613978053e+00
1.528945071239892872e+00
-3.110052995486115579e-01
1.447190677766803768e+00
-1.609215571349240870e+00
-2.404248176337419274e+00
1.744157016630901946e+00
3.088097645435906591e-01
1.419706638149706990e+00
1.913854315205135714e+00
9.741428278762201964e-01
9.613039422568949721e-01
9.472517095208700111e-01
4.121594744724958126e+00
1.553982099106847148e+00
3.913786657960706683e-01
1.706303023668750196e+00
-2.214319299634675442e+00
-5.910903983212104640e-01
1.057782600710134302e+00
4.689005638132413556e-01
3.100839013341578632e-01
-6.982382702896708926e-01
1.020031411622925432e+00
-6.432104762381238849e-01
1.204211703601028916e+00
3.715387128798730121e+00
-5.612848452301839597e-01
2.084912123187732114e-02
-5.807982219057932216e-01
-2.145755340192929239e+00
-8.856997526731096304e-01
-8.033774813868370668e-01
-1.281587841868454536e-01
-3.177511221873229097e+00
-2.170744100921031094e+00
-9.041843588872078286e-02
-2.166096007286080649e+00
1.562979896744149277e+00
1.362804127605881543e+00
-1.247636594265068233e+00
-8.163914630493729341e-01
-1.330623081424380683e+00
-2.304002169937816591e-01
-1.555328650210601626e+00
-3.090169943751955861e-01
-7.314581884236189824e-01
-4.508509504837250326e+00
-9.094798756299347087e-01
-4.770832265136488171e-01
-6.413377378749344215e-01
1.850221175650276884e+00
6.837719498288936659e-01
3.470973913913155684e-01
-7.645929464541203480e-01
1.524614072006244880e+00
2.033503832963742930e+00
-6.072932206366491448e-01
1.811513627803167825e+00
-1.047566231372337953e+00
-2.485511082825210050e+00
6.802229406728004246e-01
5.471285861993391286e-01
1.508927358376984884e+00
8.473764742981770848e-01
1.648187812901648286e+00
1.004100793481348175e+00
4.553116460387296449e-02
4.372915854287921178e+00
2.109427657494451491e+00
6.666230211809645034e-01
1.687304137196262710e+00
-1.311014610561914928e+00
-6.846514900435697326e-01
3.895102869176719773e-02
1.350854241499890529e+00
2.563763417659805643e-01
-1.382034699672870959e+00
1.409754562146605661e+00
-8.424174924417203725e-01
6.333624668817303682e-01
3.602608349373386698e+00
4.702064657730048447e-01
1.814627445272244399e-01
-8.561715471203612537e-01
-9.791404615366359199e-01
-1.281312770369845921e+00
-1.255435229327082958e+00
8.140266735759387196e-01
-3.220762219466867915e+00
-2.649060541409568703e+00
-3.538517759159182097e-01
-2.094873655483280750e+00
8.219817383589432813e-01
1.113930779825520911e+00
3.576773328337835650e-14
-1.302342897732443827e+00
-1.535316257751642155e+00
6.329068035414362470e-01
-1.917956721264082010e+00
-3.144432890921676771e-01
-1.563743250367054527e-01
-4.218694991740237654e+00
-1.756556894480851838e+00
-9.648464556676566994e-01
-2.471807507653733804e-01
7.359673400860539116e-01
7.076945471345870153e-01
1.169533799256382567e+00
-1.580002356394423657e+00
1.369917360334078626e+00
2.470560893333913377e+00
-3.951943854079261742e-01
1.708762606913011073e+00
-5.142532645390934798e-01
-1.935559233779348354e+00
-5.926507794370450277e-01
5.447854529532919488e-01
1.912316689972830552e+00
-1.426727771951776802e-01
1.853524000159027407e+00
1.237589058900025130e+00
-5.031809206941214585e-01
3.943739247925102998e+00
2.678811021501578793e+00
1.360632099313378696e+00
1.246994180362419380e+00
-3.982935497960093940e-01
-3.090081422264236988e-01
-1.049534528639354702e+00
1.870375892053244282e+00
5.683201174035622527e-01
-1.833146292094699259e+00
1.237403698962511456e+00
-7.265969123829921772e-01
3.080858120075362083e-01
2.824975647003502566e+00
1.554825732744562039e+00
6.628420671865801195e-01
-1.386449505133262150e+00
3.066967156377575776e-02
-1.223882828860444860e+00
-1.716940313472282043e+00
1.271282650159216487e+00
-2.712696715350739751e+00
-2.927050983124845907e+00
-1.126446723458842003e+00
-1.685443843078129333e+00
2.193923748168798982e-01
3.721478160140899716e-01
1.188749459665646047e+00
-1.400567936048970008e+00
-1.948370987864527670e+00
1.138807096293829257e+00
-1.734603898013415746e+00
-4.334278422971961087e-01
-1.209188269472152855e-02
-3.312777252234741177e+00
-2.477699999054845836e+00
-1.826370257305523381e+00
3.306894088591235126e-01
-1.536278893705612658e-01
3.300134399133806129e-01
1.823991312136245657e+00
-1.856165660389484717e+00
8.585356577143740120e-01
2.518141616211571066e+00
3.558199847441384511e-01
1.405605238624364040e+00
-2.660370825680353768e-01
-9.113640479784331783e-01
-1.676245653526288404e+00
1.755378166206539303e-01
2.369502204043216320e+00
-7.012787618421995051e-01
1.593755345038653237e+00
1.362235861656689417e+00
-4.972260599926270341e-01
3.028630725236062471e+00
2.942742947757717165e+00
2.448368928424009994e+00
7.086985317153613462e-01
2.350733139904435109e-01
3.901580022790569480e-01
-1.816079126973382252e+00
1.877956028550892498e+00
1.009130884498875114e+00
-1.756510799209294316e+00
5.645259317457500536e-01
-5.904085440664352813e-01
3.917497196731080100e-01
1.640458793818394101e+00
2.328041929065632232e+00
1.453944837263360546e+00
-1.836302515468678731e+00
5.877852522923452394e-01
-8.328065606377110797e-01
-1.857584023848790622e+00
1.132449765170025824e+00
-1.915176646862578824e+00
-2.744256504937823582e+00
-2.274273859071938908e+00
-1.280087759521483681e+00
-6.443335150357021313e-02
-5.971491535342917656e-01
1.939509961357486656e+00
-1.087041062017745308e+00
-2.265195139651906775e+00
1.046811358787751445e+00
-1.155490290059878244e+00
-3.722707103168784171e-01
-3.558108713994857508e-01
-2.116815906245324008e+00
-2.784716657526638439e+00
-2.915954782338326723e+00
7.237487993875768577e-01
-6.173289671561648095e-01
-2.199498734834456348e-01
1.984807125654742821e+00
-1.586144391422817268e+00
2.928932188133102077e-01
1.996229438953568192e+00
1.421411510232226671e+00
1.222847472598830976e+00
-3.565947644658308269e-01
2.334217417423912755e-01
-2.252339421309155210e+00
-4.519367890957418643e-01
2.540619098665808817e+00
-6.667759892134001998e-01
1.097408128187117082e+00
1.113406339869835060e+00
1.273206552916816836e-02
1.982546018047828262e+00
2.720355239394270708e+00
3.669094910164467205e+00
4.279463539470701461e-01
5.078443619757927463e-01
1.093519962504809317e+00
-1.977498938528101657e+00
1.475111152212123855e+00
1.265744939395231361e+00
-1.064935048544885632e+00
-3.201204686253649179e-01
-6.974605468514983864e-01
8.090169943746743364e-01
4.478196813962342371e-01
2.573756073029151992e+00
2.322780330441549523e+00
-1.868949315759880658e+00
6.276969332357092979e-01
-3.976228223744578405e-01
-1.467276287328356466e+00
5.474253798229107293e-01
-1.171697971463535159e+00
-2.043056183264243764e+00
-3.454845396367421717e+00
-1.176786547505172642e+00
-7.941545115452630643e-02
-1.417314215373688402e+00
2.047411031624252864e+00
-5.651136729170567197e-01
-2.192828146237950193e+00
3.659619634359992379e-01
-5.038151584898598045e-01
4.812738892512069544e-02
-9.964383243311956129e-01
-1.025777027084396442e+00
-2.591691367467108709e+00
-3.903718739947927840e+00
6.383270831563775394e-01
-6.976439080149490213e-01
-6.154446824333453803e-01
1.517679681153630611e+00
-1.001630622916173330e+00
-3.173495986499530463e-02
9.703467592907637496e-01
2.419230273371167694e+00
1.363852613793477664e+00
-6.100054755111251614e-01
1.106942119622954745e+00
-2.223340085668933153e+00
-1.050324029142521098e+00
2.182026789912126397e+00
-1.397105431439950030e-01
6.913785089087970404e-01
4.131421371414447652e-01
7.462877036531305741e-01
1.148713136804333512e+00
2.066629521929904900e+00
4.633518490080337671e+00
6.183902797865633572e-01
5.687627727463261396e-01
1.466321775802423844e+00
-1.490729381918836083e+00
9.510565162948759754e-01
1.120481568992177879e+00
6.765614358951368978e-02
-1.038885214377337274e+00
-1.131677718565476276e+00
1.279315232775141364e+00
-3.923237896926474733e-01
2.319163124808343746e+00
2.926293655405681982e+00
-1.315459879675056731e+00
3.306744580639053854e-01
-2.200255413791145642e-01
-5.744111051981243277e-01
-1.497250372661510509e-01
-7.332337573498716177e-01
-1.011146910421608869e+00
-4.266011529107989197e+00
-1.480220173595126809e+00
-6.783832577584841816e-02
-1.778194697341560992e+00
1.568734014519598041e+00
-1.526394255156684476e-01
-1.610707326611753309e+00
-6.475420686401534009e-01
-1.111050546750237400e-01
7.826648431237455128e-01
-1.583770264904987624e+00
-3.244068186000760856e-01
-2.053194609939823057e+00
-4.427078621851620710e+00
-4.523041031931906986e-04
-6.368452864128943958e-01
-6.051372696328722878e-01
5.517571439000956701e-01
-4.503175305665222394e-01
1.549962975259799869e-02
-2.648320261048870417e-01
2.982639885224700915e+00
1.807493197069555357e+00
-7.149273136894245262e-01
1.456704651944944917e+00
-1.744223706052123068e+00
-1.304282545542662319e+00
1.278927082781208258e+00
5.746162041169733392e-01
6.276416248152242305e-01
-5.708665568424184933e-01
1.327737616472255633e+00
6.994988543266174030e-01
1.249605420082434692e+00
