5.000000000000000000e+00
9.031669371303684413e-01
9.602714362213526922e-02
1.615884135895981899e+00
4.342352448902486728e-01
6.686301148891773405e-01
-1.217903381682944985e+00
-7.414754327066614970e-01
-1.126575199087981982e+00
-1.898013928317980881e-01
2.175511636112338110e+00
-2.101205921408566990e+00
-5.289697809466945566e-01
2.293666533844085809e+00
-1.862949452255171501e-01
-5.937839068561477918e-01
-1.906026280994046473e+00
-1.018499124482012075e+00
-1.429772237809171731e+00
-1.998816951917950169e+00
-8.940168315711759517e-01
-3.769022203527900849e+00
-2.610696024107225233e-01
2.118933280019664078e+00
-1.271559618597640551e+00
1.945251395575863240e-01
1.081690817174066233e+00
1.990611503819067485e+00
8.791102876948058142e-01
-4.626581703918206667e-01
7.477698588685057768e-01
-1.315183565258922993e+00
1.242002114575075922e+00
1.321616090666109633e+00
-2.312327565842922539e+00
1.288438611437741743e+00
2.533111491571554463e+00
1.932791252187246345e+00
9.701911920572637849e-01
7.568243567980812436e-01
2.605186097433302539e+00
9.592556592899192935e-02
7.480126360861287793e-01
-4.596248017451066703e-01
-3.411783157885410755e+00
5.578792649426218553e-01
-3.454429048900963251e-01
-2.409948399558417886e+00
-1.548135362224743572e+00
-2.046259013036024754e-01
1.499999999999997780e+00
-1.182443802592318072e+00
-1.513511429290823607e-01
-4.027391632342558481e-02
-1.896947081931068979e+00
1.155880975991468773e+00
-1.712937637630606247e+00
-3.462302883390567132e+00
-7.251114847945220321e-01
-7.606246622137990965e-02
1.127996794201157060e-01
-1.741099587711710139e+00
1.083294654611116847e+00
2.436912390345423063e+00
6.544529597607980920e-01
3.034188996181297782e+00
2.925132808239330195e-01
-8.254724213944196476e-02
2.652072637969140168e+00
4.614072983557865326e-01
-7.667925323527569059e-01
-1.394993040666568263e+00
1.482944893049077617e+00
1.499866124484667607e+00
-1.046206283504691470e+00
1.883838792515521332e+00
5.109698006906714385e-01
9.417664612569005556e-01
2.720065239652856626e+00
-9.902924935915188298e-01
-1.287813787681315603e+00
-7.671017365591794590e-01
9.210179712060556634e-02
-1.943380109482502505e+00
-4.139415133126359336e+00
-1.107121068101664108e-01
-1.178104401437462645e+00
-1.078579819469124734e+00
7.339112235873596068e-01
-1.712490983907172026e+00
4.063632172869986459e-01
1.371194881277305377e+00
3.351775912034235527e-01
-1.503592114483571773e+00
-1.980170498323960082e+00
1.728007454691639522e+00
-1.100538384649422330e+00
-1.770895723144091161e+00
7.974841328871783430e-01
-5.714601323756682838e-01
2.118033988749884688e+00
2.337384928404857121e+00
9.131882117475987881e-01
1.264448055428684103e+00
1.935061182220902509e+00
3.612137351040944466e+00
-8.379780351704531061e-01
-1.138836309087884358e+00
1.642379463625585512e+00
-1.083627006386189251e+00
3.552131481253306688e-02
-4.944826659544862557e-01
-1.230278532622562260e+00
8.319504171375370349e-01
1.059933594717388683e+00
1.282464462918467607e+00
-1.905527211526164555e+00
-2.302368252361618461e-01
2.019957253400219255e+00
-2.577319291230013576e+00
-1.896968372602458430e+00
-1.846967203784096956e+00
-2.360599063116231466e+00
-5.753356509480392900e-01
-1.531535731463516292e+00
-1.000000000000020872e+00
-1.372905778321727555e+00
1.533628193839699838e+00
2.686411408051228467e+00
-1.830541104272167541e+00
8.256686494524755338e-01
1.666954037811041900e+00
-1.169218122913569524e-01
4.490952687562232981e-01
-1.170311799609911496e+00
-1.373749054607530384e-01
2.027858941558109418e-01
1.594168801874732200e+00
1.513215748524923132e+00
-1.296216535924542113e+00
3.288350945034820505e+00
3.391125444816045498e+00
1.871811942201209167e-01
1.188409534615131324e+00
9.366448517826875264e-02
6.482434954537715788e-01
-4.066254802721440686e-01
-1.173506345189970990e+00
-1.442046355793204171e+00
-2.747958996696175049e+00
1.499999999999935607e+00
-8.301367714315967261e-02
-2.744508796158225294e+00
8.278292703239449324e-01
5.174045454302546032e-01
3.110946848973057399e-01
-9.718647086354283982e-01
-1.545922282519941682e+00
-8.679675158192429185e-01
-2.090057617796989398e+00
1.838882594193845810e-01
-2.329187437362603585e+00
-3.161414568444682605e+00
1.962549982117101077e+00
6.575129573514760795e-01
1.046880402723996406e-01
7.317382478386786904e-01
1.606422703641147809e+00
2.598553877931363498e+00
5.210938515009509997e-01
1.506887913977928317e+00
-6.151572711495103540e-01
-6.999238358871204824e-01
2.835509605628118823e+00
-9.844160186159647274e-01
-1.193844744659772639e+00
1.249315571662698243e+00
1.754343132538912275e+00
1.817548943676874806e+00
-1.241522488719828399e-01
1.649033452948293510e+00
6.088736402036142303e-01
3.245465060487251474e-02
1.430671405759512682e+00
-3.301202179869282993e+00
-2.248521264305667344e+00
1.794754694434990416e-01
-1.688672834090882535e+00
-2.094133502545456604e+00
-2.263488337242788084e+00
7.423180999450912365e-01
1.353352794858027619e-01
-6.245599681014715188e-01
1.087817142573517692e+00
-1.940278108191640705e+00
3.526077498312521485e-01
1.363234201891923014e+00
-2.429732509142856323e+00
-1.769828099312775960e+00
-6.979214843151108072e-01
1.118033988749866703e+00
-4.577992013825907258e-01
-7.009550971230074090e-01
2.463493791684467471e+00
7.617596789476436259e-01
2.901582364232277556e+00
2.790182419288986360e+00
-7.413032914007053886e-01
1.606114710656961098e+00
1.782634973660593758e+00
6.102756600910772544e-01
-1.649714939537640035e+00
-1.171387055459654825e+00
1.759712534736444400e+00
-9.563556608693913885e-01
3.772576810692713223e-01
7.240458388991386496e-01
-1.119261036580113444e+00
2.263921387991129741e+00
9.659844889942142965e-01
-1.240556803796818652e+00
-1.765780328309501934e+00
-7.643421033190460623e-01
2.298100735567200070e-01
-3.845193187193557627e+00
-2.194525139557630844e+00
-8.075696791816426856e-01
-2.078518920493469757e+00
1.082812113292318967e+00
-5.097552120011815679e-01
-9.646295764455705690e-01
1.200280541318019756e+00
1.742956453993452559e+00
1.122296782158451522e+00
-2.240412246330512058e+00
5.448134609784969218e-01
1.322100900193508899e+00
-1.573678365967801751e+00
7.010190786825850617e-01
-5.727544025357241830e-01
2.232328745587922048e-01
2.802759945936353692e+00
1.780706869796717218e+00
1.282682996446870671e+00
3.099130627609045785e-01
3.383383259333172965e+00
2.179391374309421536e+00
-1.931617997058883374e+00
5.870668320948915220e-01
-7.619180452086070643e-01
-1.000000000000047518e+00
6.138406785924088727e-02
-2.035486014824932521e+00
-1.081126531940651780e+00
-2.871702588126694433e-01
1.740251716425564421e+00
-2.306406086855483650e-01
-2.558188463250808731e+00
1.662142133669932242e+00
-2.747075710399465298e-01
-1.839514486756990586e+00
-1.103217945264840072e+00
-2.874922888581108893e+00
-1.124663724214498561e+00
-8.205294003458613039e-01
-4.376989469279442546e-01
-1.356930033360805421e+00
-9.228012631281221623e-01
3.838748976732711427e+00
8.557533291777821294e-01
-2.517886953707240139e-01
2.133612728599771025e+00
6.385684662567171488e-01
1.448904555405996497e+00
1.592516713610616641e-01
-5.320173884478712756e-01
-4.227534542084058211e-01
2.078196450024984987e-01
2.850394763219686212e+00
-9.468032550752383258e-01
-1.573821781252102703e-01
3.618208821761433214e+00
1.150930300252973160e+00
1.148684344389553136e+00
9.393536057337947831e-02
-2.472454283609138437e-01
6.243229568165475918e-03
-1.119135783409414664e+00
-6.652080579853484332e-01
-3.864144043458277888e+00
-1.575759965242754523e+00
1.476750787388747099e+00
-2.351069307323597535e+00
-1.072791128936010363e+00
1.275246845242036242e-01
4.618386142453136944e-01
6.218936418575975456e-01
-1.052874743654587775e+00
-3.236593182700865379e-01
-2.040248648028942569e+00
-1.180339887499978202e-01
6.643381263665111280e-01
-3.669181551360878757e+00
-3.733647767125657380e-01
1.599008548379353467e+00
7.992986650448070662e-01
1.126213629797685911e+00
7.296554918681669166e-01
2.752576576402559816e+00
1.566047021099285619e+00
2.002122451432230665e+00
1.417632744067061301e+00
-2.178722213573355049e+00
1.598513619151500809e+00
1.303510811817933490e+00
-1.720193314927973560e+00
-5.444762779205962744e-01
1.431384653479972346e-01
1.857527003271711719e+00
2.092084161707112311e-01
4.227122406467141991e-01
9.099296381000266942e-01
-1.213723167638993905e+00
1.844844945509147793e+00
-6.639395560227228099e-01
-3.883838792515542870e+00
-1.113776748348230594e+00
-1.124381165463875787e+00
-1.306935024782755583e+00
-2.812288964858860485e+00
-1.266273539157471761e+00
7.106743717169761165e-01
-7.484628384627194375e-01
1.844502115457686164e+00
-2.517325155381752722e-01
-1.349681274021464095e+00
2.422596286743385896e+00
3.043745252572775950e-01
-1.225415425691409599e+00
-1.492807237340679549e+00
3.870826489587843033e-01
1.307070620738070676e+00
-1.058363284146744743e+00
1.589779428815926599e+00
9.300584155005557907e-01
1.185941049924400748e+00
4.357921864352373831e+00
7.597506469465992174e-01
1.263572500409971822e-01
1.353726295299828353e+00
1.499999999999995559e+00
2.091177770025842708e-02
-2.814559953202904197e+00
1.345391291354326446e-01
-5.570887190877567008e-01
-1.135552823930724209e+00
1.120953396170295324e+00
-1.890549322259246878e+00
-1.950563470278261491e-01
1.808806641609932875e+00
1.539499937607878843e-01
-1.318144377830988923e+00
-2.336780753551587431e+00
6.625142968180989245e-01
-1.498979428050332352e+00
-3.181482690116054002e+00
-7.242783139457127373e-01
-2.621863467026956052e+00
-7.287499352550813603e-02
1.299077818735263845e+00
-7.940920295335889278e-01
2.493863746825244476e-01
1.360598898965973413e+00
3.281228499467306214e+00
6.208329817330734968e-02
-1.000000000000079936e+00
2.092832953269246676e+00
-5.204150988058471317e-01
4.568959360150076088e-01
5.122474236881422449e-01
-1.370676224816323341e+00
1.314404600944043544e+00
2.044172196931068886e+00
2.151842945389562445e+00
-1.683414801761361212e-01
8.003251551583614454e-01
3.741486659352815991e+00
-5.389375568355639912e-01
-4.958524213456879659e-01
-3.963831404652833346e-01
-2.241754276108353316e+00
-1.478462747817115286e-01
-1.383342232700794927e+00
-2.033356547782520618e+00
-2.079757012438254726e+00
1.112399549356553052e-01
1.944527526824909813e+00
-2.368788019290289704e+00
-3.756878463045267291e-01
1.139187548934073480e+00
-1.118033988749919772e+00
5.027277256185436194e-02
-1.898438530323149021e+00
-1.959991374042248102e+00
-8.589135154474745182e-01
1.102478798619077605e-02
3.188596251987183550e-01
-2.414597676326818210e+00
1.842315286879528724e+00
3.380250921039801515e+00
2.587338518345794203e-01
2.029258938435017257e+00
1.103222811554072758e+00
1.361351271089343840e+00
1.603221877518301808e+00
1.196373630594107507e-01
-3.090494044320589717e-01
-1.758706787733495869e+00
1.932139807925201458e+00
1.238450679601717841e+00
-2.188868564638926983e+00
1.501864219914209375e+00
1.430100800932921912e+00
1.066211042131842035e+00
8.376977079309120278e-01
-8.061552553403055210e-01
-2.886949904781402898e-01
-1.379948258979650566e+00
5.653651082886021473e-02
-2.306658858247027766e+00
-4.541021138742155294e+00
4.236278115301865821e-01
-6.677216473313531964e-01
-1.742424707085531210e+00
-4.152936282917699673e-01
-3.015423944475587037e-01
1.367787479153276475e+00
2.029427835888065745e-01
6.398651025127944925e-01
-9.182715392879562399e-01
-1.621172253297779031e+00
2.343138970894312223e+00
-1.151743045389453046e+00
-2.229502395565767348e+00
8.238849497644303854e-01
9.282805866320685828e-01
1.850578841345509762e+00
7.000640222627895204e-01
1.871254850049553164e+00
1.965552418883818486e+00
1.500000000000017319e+00
3.452199009058066537e+00
-1.146356165935168647e+00
-1.143977828387423124e+00
1.877664093770699205e+00
-6.852322659207573663e-01
-1.209041112187875910e+00
-1.600613422432658473e+00
2.481040386976960388e-01
6.131474782795648393e-01
-4.036338147819644728e-01
1.251807906022516903e+00
-1.683292037606983094e+00
-2.367204451941032350e-02
1.922227659905180186e+00
-2.654518841646007488e+00
-2.474112438887352550e+00
-1.602201476592749696e+00
-7.825211583046752795e-01
-1.565892579236195736e+00
-2.585898854446328166e+00
2.593672440907305310e-01
-8.218557676794419065e-01
1.290864721174566077e+00
2.436730565885131483e+00
-1.467982611552237193e+00
1.170352368075391780e+00
2.229787028620866085e+00
6.829962027775507982e-01
-7.707098227562633186e-01
-1.125632874112447279e+00
1.645900247682436923e+00
-2.776005484022444070e-01
5.678415273342791725e-01
1.534909755427495526e+00
-7.493985846943328477e-01
3.189950165553370631e+00
2.954371515333175768e+00
1.531776318503325629e-01
2.719515490337550689e-01
6.768379535855046925e-01
1.630207823193357886e+00
-2.065111726261288805e+00
-1.857351745004048871e+00
-5.644862386525031361e-01
-2.556197113148218847e+00
5.894181492987351501e-01
-7.464467868123374483e-01
-2.366713904445239880e+00
5.468922985620634503e-01
1.000000000000000000e+00
5.468922985619393273e-01
-2.366713904445044481e+00
-7.464467868124593508e-01
5.894181492988989080e-01
-2.556197113148210853e+00
-5.644862386526456888e-01
-1.857351745003863908e+00
-2.065111726261457115e+00
1.630207823193428940e+00
6.768379535854556206e-01
2.719515490335944197e-01
1.531776318505249368e-01
2.954371515333026998e+00
3.189950165553475436e+00
-7.493985846943174156e-01
1.534909755427403821e+00
5.678415273345298608e-01
-2.776005484023909564e-01
1.645900247682501316e+00
-1.125632874112451276e+00
-7.707098227563965454e-01
6.829962027777281008e-01
2.229787028620652922e+00
1.170352368075448179e+00
-1.467982611552220984e+00
2.436730565885031563e+00
1.290864721174772800e+00
-8.218557676796072187e-01
2.593672440908215693e-01
-2.585898854446266881e+00
-1.565892579236289883e+00
-7.825211583046487451e-01
-1.602201476592998608e+00
-2.474112438887526633e+00
-2.654518841645882699e+00
1.922227659905281438e+00
-2.367204451967357126e-02
-1.683292037607096781e+00
1.251807906022621264e+00
-4.036338147819794608e-01
6.131474782796247913e-01
2.481040386977834689e-01
-1.600613422432876076e+00
-1.209041112187894562e+00
-6.852322659205621891e-01
1.877664093770521569e+00
-1.143977828387661155e+00
-1.146356165935031202e+00
3.452199009058171342e+00
1.499999999999864553e+00
1.965552418883779406e+00
1.871254850049859586e+00
7.000640222627386722e-01
1.850578841345525305e+00
9.282805866321682808e-01
8.238849497641651531e-01
-2.229502395565599926e+00
-1.151743045389060915e+00
2.343138970894267370e+00
-1.621172253298011956e+00
-9.182715392878921801e-01
6.398651025130296377e-01
2.029427835887103182e-01
1.367787479153359742e+00
-3.015423944475522644e-01
-4.152936282920893785e-01
-1.742424707085105773e+00
-6.677216473314591116e-01
4.236278115304412673e-01
-4.541021138742002528e+00
-2.306658858247587318e+00
5.653651082917543480e-02
-1.379948258979792453e+00
-2.886949904781784815e-01
-8.061552553402825394e-01
8.376977079305205631e-01
1.066211042131956832e+00
1.430100800932701643e+00
1.501864219914502030e+00
-2.188868564638834613e+00
1.238450679601168725e+00
1.932139807925455255e+00
-1.758706787733734789e+00
-3.090494044320355460e-01
1.196373630594758097e-01
1.603221877517821969e+00
1.361351271089480175e+00
1.103222811553751015e+00
2.029258938435221538e+00
2.587338518347089833e-01
3.380250921039295697e+00
1.842315286879954384e+00
-2.414597676326992293e+00
3.188596251988038421e-01
1.102478798644790370e-02
-8.589135154476721379e-01
-1.959991374042333590e+00
-1.898438530323277584e+00
5.027277256199480515e-02
-1.118033988749802088e+00
1.139187548933772831e+00
-3.756878463044633354e-01
-2.368788019290372304e+00
1.944527526824947117e+00
1.112399549359396334e-01
-2.079757012438403052e+00
-2.033356547782318557e+00
-1.383342232700850882e+00
-1.478462747816194911e-01
-2.241754276108281374e+00
-3.963831404655355772e-01
-4.958524213454403307e-01
-5.389375568357247515e-01
3.741486659352770694e+00
8.003251551585550683e-01
-1.683414801761967949e-01
2.151842945389783601e+00
2.044172196931044017e+00
1.314404600944071966e+00
-1.370676224816189670e+00
5.122474236881311427e-01
4.568959360152050619e-01
-5.204150988060554095e-01
2.092832953269114782e+00
-9.999999999998613331e-01
6.208329817323179900e-02
3.281228499467362170e+00
1.360598898965863723e+00
2.493863746824799277e-01
-7.940920295333546708e-01
1.299077818735360657e+00
-7.287499352530196761e-02
-2.621863467027028882e+00
-7.242783139457638075e-01
-3.181482690115778666e+00
-1.498979428050661422e+00
6.625142968181512160e-01
-2.336780753551670031e+00
-1.318144377831068859e+00
1.539499937609990488e-01
1.808806641609711496e+00
-1.950563470276120981e-01
-1.890549322259357456e+00
1.120953396170306426e+00
-1.135552823930501942e+00
-5.570887190880636775e-01
1.345391291355558794e-01
-2.814559953202987685e+00
2.091177770019880811e-02
1.500000000000017319e+00
1.353726295299771287e+00
1.263572500411365152e-01
7.597506469464169188e-01
4.357921864352336527e+00
1.185941049924513102e+00
9.300584155003623898e-01
1.589779428815908613e+00
-1.058363284146712324e+00
1.307070620738051581e+00
3.870826489587420038e-01
-1.492807237340808557e+00
-1.225415425691332771e+00
3.043745252573342164e-01
2.422596286743245564e+00
-1.349681274021401700e+00
-2.517325155381268664e-01
1.844502115457800517e+00
-7.484628384627658448e-01
7.106743717168312324e-01
-1.266273539157438233e+00
-2.812288964858870255e+00
-1.306935024782640342e+00
-1.124381165463921972e+00
-1.113776748348408674e+00
-3.883838792515386551e+00
-6.639395560225700432e-01
1.844844945509149792e+00
-1.213723167639127132e+00
9.099296381002490719e-01
4.227122406467905269e-01
2.092084161706792012e-01
1.857527003271959298e+00
1.431384653479220725e-01
-5.444762779206983039e-01
-1.720193314927603634e+00
1.303510811818103576e+00
1.598513619151234355e+00
-2.178722213573416333e+00
1.417632744066761541e+00
2.002122451432550410e+00
1.566047021098834202e+00
2.752576576402652631e+00
7.296554918681855684e-01
1.126213629797641946e+00
7.992986650451123776e-01
1.599008548379030836e+00
-3.733647767122283412e-01
-3.669181551360924054e+00
6.643381263663162839e-01
-1.180339887496432705e-01
-2.040248648029363121e+00
-3.236593182700329141e-01
-1.052874743654623968e+00
6.218936418573780545e-01
4.618386142456551435e-01
1.275246845239521587e-01
-1.072791128935810967e+00
-2.351069307323663260e+00
1.476750787388636299e+00
-1.575759965242397920e+00
-3.864144043458655364e+00
-6.652080579852752695e-01
-1.119135783409481277e+00
6.243229567965857818e-03
-2.472454283605355629e-01
9.393536057310031273e-02
1.148684344389659273e+00
1.150930300252902105e+00
3.618208821761276450e+00
-1.573821781249562235e-01
-9.468032550752096821e-01
2.850394763219828320e+00
2.078196450024260011e-01
-4.227534542085047420e-01
-5.320173884474928006e-01
1.592516713609209433e-01
1.448904555405949868e+00
6.385684662566917247e-01
2.133612728599646680e+00
-2.517886953703910025e-01
8.557533291777942308e-01
3.838748976732860196e+00
-9.228012631281004019e-01
-1.356930033360869814e+00
-4.376989469276989508e-01
-8.205294003459279173e-01
-1.124663724214390426e+00
-2.874922888581139535e+00
-1.103217945264943545e+00
-1.839514486756729017e+00
-2.747075710399862758e-01
1.662142133670041044e+00
-2.558188463250830491e+00
-2.306406086858037163e-01
1.740251716425897266e+00
-2.871702588126737732e-01
-1.081126531940481250e+00
-2.035486014824831269e+00
6.138406785894401363e-02
-9.999999999998716582e-01
-7.619180452086300459e-01
5.870668320949269381e-01
-1.931617997058833858e+00
2.179391374309163965e+00
3.383383259333304860e+00
3.099130627609638644e-01
1.282682996447002122e+00
1.780706869796723435e+00
2.802759945936073915e+00
2.232328745590464458e-01
-5.727544025359341262e-01
7.010190786827111831e-01
-1.573678365967678294e+00
1.322100900193265094e+00
5.448134609787259608e-01
-2.240412246330695023e+00
1.122296782158503037e+00
1.742956453993449450e+00
1.200280541317725547e+00
-9.646295764455702360e-01
-5.097552120012505128e-01
1.082812113292495937e+00
-2.078518920493356070e+00
-8.075696791817861264e-01
-2.194525139557630844e+00
-3.845193187193720163e+00
2.298100735568743280e-01
-7.643421033190276326e-01
-1.765780328309781932e+00
-1.240556803796728058e+00
9.659844889942138524e-01
2.263921387991113310e+00
-1.119261036579927815e+00
7.240458388991012351e-01
3.772576810691515847e-01
-9.563556608694557815e-01
1.759712534736549872e+00
-1.171387055459656379e+00
-1.649714939537736624e+00
6.102756600913705753e-01
1.782634973660475630e+00
1.606114710656988853e+00
-7.413032914005228680e-01
2.790182419288863347e+00
2.901582364232455191e+00
7.617596789475117314e-01
2.463493791684430612e+00
-7.009550971229475680e-01
-4.577992013824011552e-01
1.118033988750007701e+00
-6.979214843153898062e-01
-1.769828099312806824e+00
-2.429732509142704444e+00
1.363234201892034481e+00
3.526077498312321645e-01
-1.940278108191804796e+00
1.087817142573563434e+00
-6.245599681012662385e-01
1.353352794858928565e-01
7.423180999449716655e-01
-2.263488337242928417e+00
-2.094133502545421077e+00
-1.688672834090872321e+00
1.794754694431953401e-01
-2.248521264305310741e+00
-3.301202179869765274e+00
1.430671405759399883e+00
3.245465060529562074e-02
6.088736402031645900e-01
1.649033452948492906e+00
-1.241522488719505324e-01
1.817548943676720929e+00
1.754343132539162964e+00
1.249315571662667379e+00
-1.193844744659474433e+00
-9.844160186160950676e-01
2.835509605628019347e+00
-6.999238358868263843e-01
-6.151572711497652612e-01
1.506887913978062876e+00
5.210938515008884941e-01
2.598553877931279565e+00
1.606422703641385397e+00
7.317382478383996913e-01
1.046880402725072212e-01
6.575129573515008374e-01
1.962549982117083980e+00
-3.161414568444335771e+00
-2.329187437362864266e+00
1.838882594194293230e-01
-2.090057617796996503e+00
-8.679675158193136397e-01
-1.545922282519784696e+00
-9.718647086357791176e-01
3.110946848972919732e-01
5.174045454302804714e-01
8.278292703239547023e-01
-2.744508796157932196e+00
-8.301367714341688353e-02
1.500000000000046851e+00
-2.747958996696183043e+00
-1.442046355793301426e+00
-1.173506345189750721e+00
-4.066254802723415218e-01
6.482434954537450444e-01
9.366448517818548591e-02
1.188409534615013863e+00
1.871811942202370460e-01
3.391125444815815460e+00
3.288350945034768547e+00
-1.296216535924659130e+00
1.513215748524937787e+00
1.594168801875051500e+00
2.027858941556638928e-01
-1.373749054606800968e-01
-1.170311799609987435e+00
4.490952687561038381e-01
-1.169218122911431790e-01
1.666954037810915557e+00
8.256686494522849085e-01
-1.830541104272239927e+00
2.686411408051315508e+00
1.533628193839842613e+00
-1.372905778321749759e+00
-1.000000000000019318e+00
-1.531535731463613104e+00
-5.753356509480893610e-01
-2.360599063116016527e+00
-1.846967203784213085e+00
-1.896968372602266140e+00
-2.577319291229987375e+00
2.019957253400140207e+00
-2.302368252360498246e-01
-1.905527211526153231e+00
1.282464462918684323e+00
1.059933594717350935e+00
8.319504171374954016e-01
-1.230278532622446797e+00
-4.944826659544275804e-01
3.552131481283427039e-02
-1.083627006386204350e+00
1.642379463625606606e+00
-1.138836309087867260e+00
-8.379780351704303465e-01
3.612137351041170952e+00
1.935061182220767062e+00
1.264448055428506912e+00
9.131882117477387872e-01
2.337384928405144446e+00
2.118033988750000596e+00
-5.714601323756260953e-01
7.974841328871320467e-01
-1.770895723144110478e+00
-1.100538384649589307e+00
1.728007454691735223e+00
-1.980170498324210548e+00
-1.503592114483617737e+00
3.351775912035873661e-01
1.371194881276982969e+00
4.063632172871295412e-01
-1.712490983907190456e+00
7.339112235872793377e-01
-1.078579819469075884e+00
-1.178104401437596538e+00
-1.107121068101931671e-01
-4.139415133126478352e+00
-1.943380109482311102e+00
9.210179712060539980e-02
-7.671017365596179971e-01
-1.287813787681322708e+00
-9.902924935915075055e-01
2.720065239652867728e+00
9.417664612567784310e-01
5.109698006904493939e-01
1.883838792515592608e+00
-1.046206283504576007e+00
1.499866124484769969e+00
1.482944893048826707e+00
-1.394993040666836270e+00
-7.667925323526231240e-01
4.614072983559450725e-01
2.652072637969011382e+00
-8.254724213933847810e-02
2.925132808239047089e-01
3.034188996181461651e+00
6.544529597607501303e-01
2.436912390345346235e+00
1.083294654611500984e+00
-1.741099587711588015e+00
1.127996794202271724e-01
-7.606246622130985457e-02
-7.251114847946319442e-01
-3.462302883390445452e+00
-1.712937637630810528e+00
1.155880975991650406e+00
-1.896947081930988599e+00
-4.027391632377019803e-02
-1.513511429288484089e-01
-1.182443802592374249e+00
1.500000000000096811e+00
-2.046259013033682184e-01
-1.548135362224877465e+00
-2.409948399558368592e+00
-3.454429048902482036e-01
5.578792649429195061e-01
-3.411783157885215356e+00
-4.596248017455307755e-01
7.480126360861677481e-01
9.592556592862344633e-02
2.605186097433355386e+00
7.568243567982205766e-01
9.701911920570878145e-01
1.932791252187162634e+00
2.533111491571223617e+00
1.288438611438072812e+00
-2.312327565842773769e+00
1.321616090665811427e+00
1.242002114575220917e+00
-1.315183565259251619e+00
7.477698588684481562e-01
-4.626581703916277655e-01
8.791102876947205491e-01
1.990611503818956018e+00
1.081690817173848407e+00
1.945251395577641818e-01
-1.271559618597583707e+00
2.118933280019559717e+00
-2.610696024105586543e-01
-3.769022203528269443e+00
-8.940168315711456426e-01
-1.998816951917620877e+00
-1.429772237809298963e+00
-1.018499124482067142e+00
-1.906026280994339128e+00
-5.937839068561423517e-01
-1.862949452254232252e-01
2.293666533844045397e+00
-5.289697809463105305e-01
-2.101205921408885846e+00
2.175511636112514857e+00
-1.898013928315571697e-01
-1.126575199087942014e+00
-7.414754327063488581e-01
-1.217903381683188790e+00
6.686301148892401791e-01
4.342352448902763173e-01
1.615884135895900631e+00
9.602714362248959690e-02
9.031669371301905835e-01
