5.000000000000000000e+00
6.356870074992786446e-01
2.915438659502639918e-01
1.718505961741542132e+00
1.956558682149635020e-01
2.480905040024766750e-01
-1.711480756501022826e+00
-1.014590220900245976e+00
-1.162759980903837587e+00
4.527832119055084648e-01
-3.113873303175708207e-01
-2.825549118083983124e+00
2.250563738247867818e+00
5.407052363276279028e-01
-1.635545495201140120e+00
-1.897216137946508008e-01
-1.285297221816292579e+00
-2.627155638868985399e-01
-1.627459518050861975e+00
-1.588158393160819859e+00
-1.692870724727543408e+00
3.007655681522676261e-01
2.120217575865611437e+00
-1.843988839680962499e+00
2.021497603491421824e+00
3.476808170158430578e+00
9.529135874946889073e-01
1.926619469187986766e+00
3.713424071178170749e-01
1.219542448682751079e+00
5.474623852479398867e-01
-2.762820918723429831e-01
-1.525629682961913147e+00
-1.308450717037408895e+00
2.373543959623051869e+00
-1.758765932238955276e+00
-1.161933252290015650e+00
1.793817107401763478e+00
-2.954773146877442969e-01
5.247169150683179684e-01
-1.257419602024903993e+00
-1.216969320507342633e+00
-7.992482655755268617e-01
-9.733224204657533463e-01
-1.922144135363389239e+00
-3.617126897936679519e+00
1.441766307749722920e+00
6.103550218108141912e-02
-1.522853291664531650e+00
2.051670335066405837e+00
1.126627020880103913e+00
2.549405953296976612e+00
1.601453237100424420e+00
4.593666669087547172e-01
8.829683843831660495e-01
1.145800410916742784e+00
1.151078667571781677e+00
-2.895956288814872437e+00
4.877830144599505369e-01
1.694553733250877547e+00
-1.497044884732816605e+00
8.644111599717358985e-01
-1.045493015723529817e-01
9.038757509249983890e-01
1.127935904985402527e+00
-8.735277543314012849e-01
-1.359029573204836305e+00
-1.359409275891287905e+00
5.953224444264559878e-01
-3.640668369739270105e+00
-2.979960096107683309e+00
6.540023658494195091e-01
-1.775118477626842939e+00
2.369819524129517241e-01
-6.445986799967440284e-02
4.967686730822740149e-01
2.603431985669771631e+00
1.538905612927742972e+00
6.876218505762324851e-01
-4.515873414136022945e-01
2.820404025067126064e+00
3.161018837499691148e-01
-2.245188354463269587e+00
1.459321460275893934e+00
-2.793888944069827796e-01
8.883493370153365820e-01
8.380803959183225071e-01
-4.797285983201891590e-01
1.602323660835948793e+00
1.441246757496221775e+00
6.160228889473284841e-01
-2.468549035075473519e+00
1.806624181024435449e-02
3.034798206785807029e-01
-3.978965586246965724e+00
-1.332467192090201369e+00
-2.126862677677948898e+00
-1.232237879375402523e+00
4.108958449997009432e-01
-1.451797233684336330e+00
1.909830056250403363e-01
1.442052333608975445e+00
2.557698936056406414e+00
-6.842401120772170220e-01
-1.367321650870078065e-01
2.879394330703402449e+00
-1.019689395899751050e+00
2.187008452593454111e-01
-1.820677809401493041e-01
-5.488580740174551220e-01
2.250546546622291366e+00
4.439334462403196069e-01
3.006943305954477008e-01
8.720880941059483416e-01
3.080876760440835138e+00
6.785989799536411571e-01
-1.983932409377611839e+00
1.406141146881452864e+00
-1.442613390230818027e+00
-1.546910719504981158e+00
-1.542650678716003476e+00
-3.588909204615111648e+00
-3.813334654969936510e-01
-4.894069859624825547e-01
-1.101607929732085100e+00
-1.414213562373096034e+00
1.495632841941642699e+00
2.224681136529123471e+00
-1.640979915010226886e+00
1.271164879435693340e+00
3.018988774301143985e-01
-1.932427138684243151e-01
1.172514405732110854e+00
-1.936877041245517406e+00
1.368192704124858716e-01
1.609293233875188411e+00
1.426828768492126809e+00
-1.367825283567505879e-01
1.041154319585080312e+00
4.004237499973921643e+00
-2.768192535654101505e-02
8.031596132061189497e-01
3.824775028225779749e-01
-1.443539278836785122e+00
7.890138519417639884e-01
-2.526867151432782954e+00
-2.908806885702740264e+00
-1.124194652840787789e+00
-7.368947182776680593e-02
-1.297364159905417758e+00
-2.314327780297873005e+00
2.013580404035861360e+00
4.105673819467481334e-02
-2.706147692646770908e-02
7.712390536686302145e-01
-1.814969165040603016e+00
1.333537575877489223e+00
1.002352177289749235e-01
-1.769736834992868602e+00
-6.802184023871509222e-01
1.306172375964073318e+00
1.865856309556318315e+00
-9.540493102553346816e-01
2.486515636439591059e+00
2.301239975546494509e+00
1.261334753211097892e+00
2.716381397475951864e+00
-1.236047660087220557e+00
3.970748879975399270e-01
9.756744523268365832e-01
-1.711223821170700932e+00
-2.569690504748004312e+00
-1.602826747936517915e+00
7.503625085898513181e-01
-2.361763808023967570e+00
-8.142794002642890216e-01
4.347184896980699209e-01
-9.020977991911101057e-01
2.038824171084923087e+00
-1.285120375477306842e+00
-1.575255280997395424e+00
8.705515271552789480e-01
-2.958422474337500940e-01
-1.526674217451504223e+00
-2.017336787153696687e+00
1.668947719552737574e+00
2.492069130287561940e-01
2.718682998888634628e-01
2.306522471408570585e+00
2.843860959230021246e-01
3.771618224260571139e+00
2.176640340717097555e+00
-7.093647580478743553e-01
1.123012708034932139e+00
9.504706868926195984e-01
-1.468443563728577539e-01
-2.908822585734910593e+00
-4.262096022439390564e-01
-3.554357584882477106e-01
-1.611540571548887524e+00
6.909830056250720887e-01
-2.148171760225514149e+00
5.193397036968494529e-01
1.855000585589656081e+00
-1.732937086868332255e+00
-1.138796398654009501e+00
-4.509454921912484648e-01
3.161329595308082219e-01
-2.524343086638569655e+00
-1.559922593458357376e+00
2.153555360015795284e-01
-1.026716123472629860e+00
2.267323433693537282e+00
-1.197953893311325957e-01
4.872226375263512543e-01
4.211041369435942094e+00
1.654621191171891326e+00
6.986979362487778511e-01
4.454576548314963524e-01
2.005440416113089430e+00
-1.451036535490302648e-01
-1.556702482781672447e+00
7.828760090558750662e-02
-2.047683489604347429e+00
1.126519729601898057e+00
-4.443975325227272899e-02
-2.451086181983437751e+00
1.471680488831404343e+00
8.683562187418176759e-01
-4.092040768157007014e-01
-1.823316777129749378e+00
-3.269607102852363223e-01
-4.197246993304267759e-01
-2.516247515942028112e+00
-6.270765925272968611e-01
-2.890122499653477561e+00
-6.683650212465251650e-02
1.906955855804459254e+00
-1.629101298550385213e+00
1.206149665051493347e+00
2.617503421596520496e+00
2.493073123338481079e+00
6.877006709742495838e-01
7.874862321321197678e-01
1.952197268253408780e+00
-4.355610997666909956e-01
1.153862708486580901e+00
-1.606307569952043490e+00
-1.461303944697351476e+00
2.486151600733085054e+00
-9.999999999999255040e-01
-7.974957497291029762e-01
6.097453615671399874e-01
1.355641102823392563e+00
1.209852710108719753e-01
-1.466551932823625393e+00
-1.503094599608267856e-02
-2.156580443989585039e+00
-3.129380418028309130e-01
-1.756824017969032425e+00
-4.235537410346452702e+00
7.899037918048843476e-01
-1.235120615372042874e-01
-9.434485076008218840e-01
1.924175411830790772e-01
1.714551995068678281e+00
2.486629564303832751e+00
5.516730144846145878e-01
1.877661954173187153e+00
-1.704190640445155669e-01
1.205282788379802961e+00
1.950230562367265552e+00
-2.852585621370697488e+00
3.379736161006285933e-01
1.379432592025423565e+00
4.443975325234253426e-02
-5.486613964397180077e-02
2.380293846723551265e-01
1.905941801723363804e+00
1.567599723006707357e-02
7.631376422989277764e-01
-1.508060641783463440e+00
-1.903394909674558377e+00
1.265876565208600368e+00
-3.514174162948116020e+00
-3.035470864851215644e+00
-6.128036765850665146e-01
-8.437119588721335717e-01
-5.147100736057695913e-01
-9.693373333839844230e-01
1.402678452748221449e+00
8.236734880888763044e-01
2.149580457467106687e+00
1.052961252326744646e+00
-1.486220830066181886e+00
3.040909431244179117e+00
4.580891073712008987e-01
-1.604334118461156367e+00
3.322188794332779360e-01
4.595159092214339269e-01
1.309016994374947895e+00
-7.711527945511498228e-02
1.206994341618474742e+00
6.768760693725475175e-01
1.633974606237472926e+00
2.048957388963342119e+00
-2.887637009149833567e+00
2.460815038222405882e-01
3.346021288765428370e-01
-2.912889446086325052e+00
-2.153584235510744627e+00
-2.280439552779554013e+00
-5.539091113208449713e-01
-1.235375648092322365e+00
-3.747879520873722003e-01
-4.933772149677910779e-01
1.577838153770062535e-01
3.491248718908952942e+00
-1.162095007408991965e+00
-3.731717528255933392e-01
2.193289269747209058e+00
-2.559061100741514272e-01
-5.459476845599109396e-02
-9.075563057409549161e-01
6.369351002599630274e-01
8.142794002642511630e-01
1.290110218066062409e+00
1.059291596342332609e+00
-3.814026546925556316e-01
4.110716990299561502e+00
1.093189832420778496e+00
-1.473054226656616672e+00
1.060862366845251703e+00
-7.285268413701443402e-01
-8.568284256994892489e-01
-2.436905257796097679e+00
-2.175658936487801398e+00
-1.523008288236165075e+00
-7.985640498324212411e-01
1.301971473002582202e-01
-2.924206364713945128e+00
1.416467507756481670e+00
2.144499464164394187e+00
-1.469329429586257341e+00
6.036287463797325170e-01
-8.714386754964986714e-02
5.036089258287708148e-01
-2.236049902022110014e-01
-8.926153213248295692e-01
-3.249245530317651509e-01
3.143277802976822688e-01
2.986020010909559375e+00
-7.778691113021871661e-01
8.735281857117833670e-01
4.183654865200163719e+00
6.247541188426175562e-01
1.148152470315391360e+00
7.444506697943009677e-02
-7.714873651190723436e-03
-6.691050783676116831e-02
-1.590352063393391413e+00
-2.008184043117307027e+00
-2.793767679672848558e+00
1.100289876560130775e+00
-1.301247729433155254e+00
-2.784863738460244154e+00
1.722733701364001613e+00
-2.769746021169827710e-02
2.854228491106304832e-01
-3.041370604612236295e-01
-9.199328661801677853e-01
2.698616061158183310e-01
-3.432494876187694999e-01
-4.150270315969714074e-01
-2.567286431899670429e+00
1.414213562372911959e+00
2.173261519690308674e+00
-1.320247118969606337e+00
2.365562868125802520e+00
2.047882719063641499e+00
2.160684667465926800e+00
2.044290493834743039e+00
-1.532386461191037608e-02
5.584333545759481154e-01
1.243794376010821656e-01
4.969715246312859103e-01
-3.206457799499366601e+00
-1.835595442309569281e+00
1.451919029492273250e+00
-2.439986903096799331e+00
-6.325125578724772879e-01
-1.873910313519007720e-01
-1.926948482313565747e-01
1.150393366597972200e+00
-9.174769263574480416e-01
-9.772812981130837295e-01
-1.138115814410464610e+00
9.349065792058650626e-01
-1.706140352926118986e+00
-3.130708184613090417e+00
1.809016994374898601e+00
-2.368586173197029243e-01
4.406627381305395219e-01
1.482904346503962190e+00
8.520146981806723252e-01
3.234580224680462024e+00
2.041799263989642732e+00
1.065614391178889342e+00
-3.928288709817039370e-01
1.732299929705820585e+00
1.002011099802959659e+00
-3.437300214352830174e+00
1.502896992516340458e-01
-4.837787498831755961e-01
-9.636614349769359045e-01
2.872211675696523248e-01
-1.580164077369496489e+00
5.052530411814200040e-01
7.872510996203921918e-01
1.812778905798464457e-01
-2.202370036317150781e+00
-1.089439144138231841e+00
1.296607552052882140e+00
-3.348559717859662221e+00
-1.531778395711995255e+00
-4.967686730821396224e-01
-1.007193721958446142e+00
1.572672152519135835e+00
-2.091109250020163346e-01
8.870241197022175061e-01
2.361926107357636972e+00
3.143288595409631903e+00
8.626148104164957919e-01
-6.051652255662887114e-01
3.218582544981351212e+00
-3.020427502534410724e-01
-1.002354865926842864e+00
5.963159727848221792e-02
-1.648064058515408714e+00
1.131642296884770804e+00
-1.209891040170300025e-01
-9.583046278815074981e-01
-1.130203852884355542e-01
1.526862076957386183e+00
7.860876546857056280e-01
-3.047913443507042075e+00
3.918795951140517930e-01
-7.100331340374093081e-01
-2.453011820230569739e+00
-8.607501022929739953e-01
-3.126627020880111463e+00
-3.630144840624652813e-01
6.712947085343451414e-01
-3.117019693096511057e-01
-1.669183282523212242e-01
1.715013865346261213e+00
3.859310457620726442e+00
-3.957717913915150820e-01
1.174010894746899680e+00
1.953218425876841247e+00
-3.606143867250649615e-01
1.471336541788254459e+00
-1.457136045399847202e+00
-8.303097591985042492e-01
1.287514291348530904e+00
5.831954276540533000e-01
-5.139909878465304116e-01
-6.561237844200378255e-01
2.983566937804734476e+00
-2.210976824570101140e-01
-1.165496373998150759e+00
3.214840368689968475e-01
-2.355571809746826339e+00
-1.169653642561504503e-01
-2.024567177452369471e+00
-3.476808170158421696e+00
-9.498440135335349810e-01
3.433473474894510602e-02
-1.359881732364521811e-01
-1.841792053703903642e+00
2.310904713477284655e+00
2.085538167490762707e+00
1.695222632079329550e-01
2.227290065344313064e+00
-5.742557499600928761e-01
1.365292118379323849e+00
1.509964456142680600e+00
-1.504212584531123609e+00
-4.979503781601920531e-01
8.294956612273383101e-01
1.929421319067504470e+00
-1.189032317274640871e+00
7.879973517322812482e-01
2.383684432757691152e+00
-2.256855657562339967e-01
1.654022528587787422e+00
-1.470503847712222534e+00
-1.467839494613114582e+00
5.600147171799103596e-01
-2.324342858503210874e+00
-3.000000000000000000e+00
-2.324342858503376519e+00
5.600147171798632861e-01
-1.467839494612781959e+00
-1.470503847712518741e+00
1.654022528587881347e+00
-2.256855657562144568e-01
2.383684432757562366e+00
7.879973517327162336e-01
-1.189032317274774320e+00
1.929421319067353702e+00
8.294956612274747565e-01
-4.979503781600908008e-01
-1.504212584531072316e+00
1.509964456142406597e+00
1.365292118379736408e+00
-5.742557499603446747e-01
2.227290065344288195e+00
1.695222632081158087e-01
2.085538167490406547e+00
2.310904713477596406e+00
-1.841792053703926957e+00
-1.359881732368032337e-01
3.433473474892467792e-02
-9.498440135334441647e-01
-3.476808170158304012e+00
-2.024567177452686551e+00
-1.169653642559438378e-01
-2.355571809746761502e+00
3.214840368688872685e-01
-1.165496373997750190e+00
-2.210976824574203137e-01
2.983566937804728258e+00
-6.561237844199734326e-01
-5.139909878465565019e-01
5.831954276540473048e-01
1.287514291348503370e+00
-8.303097591982562253e-01
-1.457136045400091007e+00
1.471336541788317520e+00
-3.606143867248955415e-01
1.953218425876642295e+00
1.174010894747084643e+00
-3.957717913917558894e-01
3.859310457620501733e+00
1.715013865346358912e+00
-1.669183282523154510e-01
-3.117019693097595190e-01
6.712947085344026510e-01
-3.630144840624306424e-01
-3.126627020880011543e+00
-8.607501022929677781e-01
-2.453011820230459605e+00
-7.100331340374270717e-01
3.918795951142524103e-01
-3.047913443507072273e+00
7.860876546854864699e-01
1.526862076957532732e+00
-1.130203852886791926e-01
-9.583046278815137153e-01
-1.209891040171738874e-01
1.131642296884775467e+00
-1.648064058515506192e+00
5.963159727814376643e-02
-1.002354865926462724e+00
-3.020427502538454156e-01
3.218582544981376969e+00
-6.051652255656904122e-01
8.626148104160162866e-01
3.143288595409505337e+00
2.361926107357886551e+00
8.870241197023429613e-01
-2.091109250021830901e-01
1.572672152518997724e+00
-1.007193721958099530e+00
-4.967686730825451313e-01
-1.531778395711351326e+00
-3.348559717860009943e+00
1.296607552052545298e+00
-1.089439144137600790e+00
-2.202370036317518487e+00
1.812778905796671169e-01
7.872510996204896694e-01
5.052530411816112954e-01
-1.580164077369598630e+00
2.872211675695127697e-01
-9.636614349768048982e-01
-4.837787498833669986e-01
1.502896992521531860e-01
-3.437300214352709826e+00
1.002011099802153193e+00
1.732299929706381691e+00
-3.928288709818021918e-01
1.065614391178844267e+00
2.041799263989522384e+00
3.234580224680622784e+00
8.520146981806443476e-01
1.482904346503792548e+00
4.406627381307740010e-01
-2.368586173199632716e-01
1.809016994375018506e+00
-3.130708184612879474e+00
-1.706140352926441173e+00
9.349065792058710578e-01
-1.138115814410243676e+00
-9.772812981130886145e-01
-9.174769263575349720e-01
1.150393366597931788e+00
-1.926948482311357791e-01
-1.873910313520093518e-01
-6.325125578721348951e-01
-2.439986903097080440e+00
1.451919029492093838e+00
-1.835595442309007064e+00
-3.206457799499737416e+00
4.969715246313938239e-01
1.243794376010164404e-01
5.584333545759512241e-01
-1.532386461210677453e-02
2.044290493834739486e+00
2.160684667465972097e+00
2.047882719063443879e+00
2.365562868126032114e+00
-1.320247118969603228e+00
2.173261519689992927e+00
1.414213562373410449e+00
-2.567286431899677979e+00
-4.150270315971231749e-01
-3.432494876187056621e-01
2.698616061158533030e-01
-9.199328661798380491e-01
-3.041370604615226680e-01
2.854228491109088162e-01
-2.769746021204499975e-02
1.722733701364145498e+00
-2.784863738460016336e+00
-1.301247729433559375e+00
1.100289876560168523e+00
-2.793767679672801041e+00
-2.008184043117550388e+00
-1.590352063393372095e+00
-6.691050783683527570e-02
-7.714873651042120084e-03
7.444506697930985961e-02
1.148152470315507490e+00
6.247541188425433933e-01
4.183654865199973649e+00
8.735281857124801430e-01
-7.778691113026319215e-01
2.986020010909541167e+00
3.143277802979003166e-01
-3.249245530317984576e-01
-8.926153213248204654e-01
-2.236049902023325708e-01
5.036089258287849146e-01
-8.714386754974889904e-02
6.036287463798826192e-01
-1.469329429586331948e+00
2.144499464164227209e+00
1.416467507756499877e+00
-2.924206364714034390e+00
1.301971473000935742e-01
-7.985640498322623682e-01
-1.523008288236233687e+00
-2.175658936487763651e+00
-2.436905257796098567e+00
-8.568284256993587977e-01
-7.285268413700294321e-01
1.060862366845312987e+00
-1.473054226656561827e+00
1.093189832420709440e+00
4.110716990299573936e+00
-3.814026546925479710e-01
1.059291596342220698e+00
1.290110218065950498e+00
8.142794002641029483e-01
6.369351002598901967e-01
-9.075563057409712364e-01
-5.459476845594346539e-02
-2.559061100741754080e-01
2.193289269747205505e+00
-3.731717528254578919e-01
-1.162095007409012837e+00
3.491248718908940063e+00
1.577838153772350704e-01
-4.933772149680392127e-01
-3.747879520874839998e-01
-1.235375648092280843e+00
-5.539091113206473516e-01
-2.280439552779398582e+00
-2.153584235510490164e+00
-2.912889446086573741e+00
3.346021288760239187e-01
2.460815038230041996e-01
-2.887637009150035183e+00
2.048957388962897586e+00
1.633974606237838190e+00
6.768760693723263611e-01
1.206994341618494282e+00
-7.711527945515972426e-02
1.309016994374858189e+00
4.595159092215700403e-01
3.322188794332958106e-01
-1.604334118460887026e+00
4.580891073704358440e-01
3.040909431244702255e+00
-1.486220830065903886e+00
1.052961252326266806e+00
2.149580457467378469e+00
8.236734880888922916e-01
1.402678452748427507e+00
-9.693373333838884998e-01
-5.147100736058589643e-01
-8.437119588722339358e-01
-6.128036765850309875e-01
-3.035470864850667638e+00
-3.514174162948775493e+00
1.265876565208469806e+00
-1.903394909674060109e+00
-1.508060641783935507e+00
7.631376422991755781e-01
1.567599722999624134e-02
1.905941801723327611e+00
2.380293846725624052e-01
-5.486613964414654987e-02
4.443975325220547723e-02
1.379432592025398474e+00
3.379736161011247519e-01
-2.852585621370918645e+00
1.950230562366833675e+00
1.205282788380181103e+00
-1.704190640447685590e-01
1.877661954173264203e+00
5.516730144846119233e-01
2.486629564303636908e+00
1.714551995068723578e+00
1.924175411830875149e-01
-9.434485076008052307e-01
-1.235120615375912001e-01
7.899037918051655671e-01
-4.235537410346108977e+00
-1.756824017969744967e+00
-3.129380418024798605e-01
-2.156580443989576157e+00
-1.503094599617649241e-02
-1.466551932823480620e+00
1.209852710106645857e-01
1.355641102823539335e+00
6.097453615671066807e-01
-7.974957497288515107e-01
-1.000000000000365485e+00
2.486151600733020217e+00
-1.461303944696846990e+00
-1.606307569952368342e+00
1.153862708486788513e+00
-4.355610997667613837e-01
1.952197268253076601e+00
7.874862321324025416e-01
6.877006709740370871e-01
2.493073123338331420e+00
2.617503421596540925e+00
1.206149665051727826e+00
-1.629101298550513999e+00
1.906955855804079114e+00
-6.683650212411561264e-02
-2.890122499653803079e+00
-6.270765925273015240e-01
-2.516247515941883783e+00
-4.197246993304919460e-01
-3.269607102849958480e-01
-1.823316777129894817e+00
-4.092040768156971486e-01
8.683562187416652423e-01
1.471680488831537792e+00
-2.451086181983276546e+00
-4.443975325267435217e-02
1.126519729601867192e+00
-2.047683489604461560e+00
7.828760090537423277e-02
-1.556702482781429087e+00
-1.451036535490871637e-01
2.005440416113109858e+00
4.454576548315501983e-01
6.986979362487832912e-01
1.654621191171803174e+00
4.211041369436076209e+00
4.872226375266865972e-01
-1.197953893315418239e-01
2.267323433693510193e+00
-1.026716123472584119e+00
2.153555360013628128e-01
-1.559922593458158868e+00
-2.524343086638662470e+00
3.161329595307434959e-01
-4.509454921910927006e-01
-1.138796398653860287e+00
-1.732937086868282961e+00
1.855000585589662743e+00
5.193397036971147962e-01
-2.148171760225394689e+00
6.909830056249752772e-01
-1.611540571548689904e+00
-3.554357584882560928e-01
-4.262096022438881526e-01
-2.908822585734775590e+00
-1.468443563727991341e-01
9.504706868926422469e-01
1.123012708035107776e+00
-7.093647580479933712e-01
2.176640340716814670e+00
3.771618224260574248e+00
2.843860959230597452e-01
2.306522471408504416e+00
2.718682998890966096e-01
2.492069130281433509e-01
1.668947719552906994e+00
-2.017336787153381827e+00
-1.526674217451761351e+00
-2.958422474338880948e-01
8.705515271553224688e-01
-1.575255280996674223e+00
-1.285120375477704968e+00
2.038824171085233505e+00
-9.020977991908806226e-01
4.347184896978400492e-01
-8.142794002637114836e-01
-2.361763808024139877e+00
7.503625085897973612e-01
-1.602826747936135110e+00
-2.569690504748042059e+00
-1.711223821171088177e+00
9.756744523265175051e-01
3.970748879979956181e-01
-1.236047660087535860e+00
2.716381397475854609e+00
1.261334753211479143e+00
2.301239975546041983e+00
2.486515636440141730e+00
-9.540493102553156968e-01
1.865856309555938175e+00
1.306172375964323562e+00
-6.802184023868262930e-01
-1.769736834992778896e+00
1.002352177286517376e-01
1.333537575877874470e+00
-1.814969165040762222e+00
7.712390536682353082e-01
-2.706147692616076017e-02
4.105673819423039106e-02
2.013580404035993254e+00
-2.314327780297686488e+00
-1.297364159905825431e+00
-7.368947182762203285e-02
-1.124194652840485587e+00
-2.908806885702349021e+00
-2.526867151433194181e+00
7.890138519417999596e-01
-1.443539278836606599e+00
3.824775028223116324e-01
8.031596132065987881e-01
-2.768192535663749343e-02
4.004237499973809733e+00
1.041154319585354315e+00
-1.367825283569555905e-01
1.426828768491896771e+00
1.609293233875125573e+00
1.368192704127815240e-01
-1.936877041245664177e+00
1.172514405732173914e+00
-1.932427138679813639e-01
3.018988774298859701e-01
1.271164879435997541e+00
-1.640979915010284174e+00
2.224681136528584346e+00
1.495632841941954894e+00
-1.414213562373295430e+00
-1.101607929732201896e+00
-4.894069859625790331e-01
-3.813334654968172366e-01
-3.588909204614981086e+00
-1.542650678716248835e+00
-1.546910719504767995e+00
-1.442613390231164416e+00
1.406141146881525250e+00
-1.983932409377361594e+00
6.785989799534197786e-01
3.080876760441105588e+00
8.720880941062404412e-01
3.006943305954957735e-01
4.439334462400903458e-01
2.250546546622209654e+00
-5.488580740172308570e-01
-1.820677809405809033e-01
2.187008452595701202e-01
-1.019689395899756157e+00
2.879394330703217264e+00
-1.367321650867547866e-01
-6.842401120774884715e-01
2.557698936056203909e+00
1.442052333608993209e+00
1.909830056251362596e-01
-1.451797233684307242e+00
4.108958449996508167e-01
-1.232237879375114087e+00
-2.126862677678184266e+00
-1.332467192090022401e+00
-3.978965586246934638e+00
3.034798206782722829e-01
1.806624181048030464e-02
-2.468549035075607634e+00
6.160228889471585090e-01
1.441246757496271513e+00
1.602323660836035391e+00
-4.797285983202570492e-01
8.380803959180305185e-01
8.883493370153472402e-01
-2.793888944070586078e-01
1.459321460275896154e+00
-2.245188354462994251e+00
3.161018837498670297e-01
2.820404025067374754e+00
-4.515873414134803920e-01
6.876218505762613509e-01
1.538905612927682132e+00
2.603431985669697912e+00
4.967686730823380192e-01
-6.445986799998892902e-02
2.369819524130917232e-01
-1.775118477626934421e+00
6.540023658492756242e-01
-2.979960096107831635e+00
-3.640668369739453514e+00
5.953224444262825710e-01
-1.359409275891179991e+00
-1.359029573204783015e+00
-8.735277543312925941e-01
1.127935904985418514e+00
9.038757509252304256e-01
-1.045493015727589903e-01
8.644111599720480932e-01
-1.497044884732675385e+00
1.694553733250389715e+00
4.877830144608154006e-01
-2.895956288815021207e+00
1.151078667571456604e+00
1.145800410916898437e+00
8.829683843831356294e-01
4.593666669087358434e-01
1.601453237100020965e+00
2.549405953297227967e+00
1.126627020879989782e+00
2.051670335066453799e+00
-1.522853291664410635e+00
6.103550218022288365e-02
1.441766307750075526e+00
-3.617126897936390861e+00
-1.922144135363795581e+00
-9.733224204656516498e-01
-7.992482655754985510e-01
-1.216969320507079289e+00
-1.257419602025075633e+00
5.247169150685514483e-01
-2.954773146878820755e-01
1.793817107401419086e+00
-1.161933252289482965e+00
-1.758765932239643170e+00
2.373543959623052313e+00
-1.308450717037076494e+00
-1.525629682962218014e+00
-2.762820918726161534e-01
5.474623852477380481e-01
1.219542448682739533e+00
3.713424071176982810e-01
1.926619469188042721e+00
9.529135874948702067e-01
3.476808170158095734e+00
2.021497603492161232e+00
-1.843988839681104164e+00
2.120217575865259718e+00
3.007655681525897018e-01
-1.692870724727746357e+00
-1.588158393160708837e+00
-1.627459518051152187e+00
-2.627155638868202692e-01
-1.285297221816499302e+00
-1.897216137947025372e-01
-1.635545495201130128e+00
5.407052363271698248e-01
2.250563738248063217e+00
-2.825549118083847233e+00
-3.113873303180363372e-01
4.527832119058010640e-01
-1.162759980903695478e+00
-1.014590220899995510e+00
-1.711480756501110978e+00
2.480905040024269370e-01
1.956558682150207895e-01
1.718505961741259913e+00
2.915438659506249808e-01
6.356870074987736041e-01
