5.000000000000000000e+00
8.339858554244300448e-01
-4.226471974251903019e-01
2.517267982353395439e+00
7.780878495591136979e-02
-5.487390638881937122e-01
-1.351259100903112742e-02
-1.747265772027123409e+00
4.669667369635064347e-01
1.422841103404618668e+00
-9.615749360079663965e-01
1.838547089413378188e-02
1.468363032496916132e+00
7.264993489393276604e-01
-1.261314307215104513e+00
-2.250637748392917192e+00
-2.737022316397501598e-01
-1.338014143266164968e+00
-3.481249560505643270e+00
-1.154443444810864472e+00
-9.645687083048526400e-01
-7.936757150264796001e-01
1.354288086052314100e+00
-1.224031468081150154e+00
-3.657806430754622640e-01
3.217513114807816876e+00
-1.240183093624605659e+00
-2.364652017489148328e+00
1.452797701198174973e+00
-6.609583172695842057e-01
-1.086954165404833805e+00
7.372090507126685122e-01
-1.655021248700514480e-01
2.052100327624351017e+00
2.982711847183572296e+00
3.991165477050256927e-01
1.481792304709779629e+00
2.677388429006352766e+00
1.048330440703672206e+00
-6.876139049452596463e-01
-9.549941454056536383e-01
1.028929424655151914e+00
1.528949794067915313e-01
-1.726402466873851793e+00
8.882844542518496533e-01
1.145336212652355634e+00
2.173465589544907317e-01
1.526573813442849925e+00
-1.133731060974770166e+00
-1.108415057435971907e+00
1.642039521920205303e+00
-2.988105637306324169e+00
-3.940666754605139932e+00
4.845276574611980802e-01
-1.646545237987768084e+00
-2.302468700830712312e+00
2.159992387256312041e-01
-6.445494028467307901e-01
7.674893766005681517e-01
1.290300017586960113e+00
-1.541633364654241500e+00
-3.471914209219894021e-01
9.046881279835234935e-01
-9.631174404351792173e-01
-1.739464539830582357e+00
-7.439062888766636572e-01
1.498079526108319515e+00
1.026419832978149982e+00
-3.491263328007463418e-01
2.512274572634849878e+00
2.766004459885119893e+00
1.012829092443562118e+00
2.009382311431905599e+00
-8.714058945324087979e-02
-2.606729283304670686e-01
2.336752254560625630e+00
-1.697122270027882074e+00
-2.089657046070798163e+00
2.822104811965491677e+00
4.173300821369297919e-01
-8.420631517586504300e-01
1.818467744058263946e+00
3.566679717078156120e-01
4.174590826130742949e-01
3.798724938816333552e-01
-2.688465202800232046e+00
-1.541204074683828029e+00
-3.284146727387367015e-01
-2.471353351004695220e+00
-2.576772998444718077e+00
-9.266314645677944384e-01
7.368952432675629494e-01
-7.020531492863002487e-02
-1.488930222844013329e+00
1.027201153788971366e+00
9.250916255517622755e-01
-1.466521080690552425e+00
-3.337460086966653194e-01
-1.372150952913742783e+00
-1.285742458952767509e+00
1.618033988749884466e+00
-1.337296503175573692e+00
-1.022193639045616997e+00
4.225633210597412592e+00
1.580634832629695286e+00
-8.001910350533270044e-02
2.967520710322880451e+00
1.291527290826981700e+00
6.167523082634930320e-01
9.330613164518400948e-01
-1.510254842559487276e+00
5.757225247316788419e-02
1.571911647548689839e+00
-6.294041882841523439e-01
-2.600363357216893823e-01
1.530521984441632899e+00
2.011732050518665549e+00
4.411122412949111116e-01
-1.257913861159446256e+00
5.997768712966699001e-01
-2.733043451618022424e-02
-2.907574858642041349e+00
-1.585687375831148271e+00
-1.806441488357836134e+00
-1.920997220251076776e+00
7.071067811865205943e-01
-1.794279334067554244e+00
-1.628306769432022127e+00
3.046912990026369616e+00
-2.934771516247437484e-01
-2.470998527788921262e+00
9.696212470626724977e-01
-6.916426614087707314e-01
-1.644965630795790945e+00
-3.602338968628947535e-01
-1.731785369855565637e+00
3.308553307604999993e-01
2.225894333138008108e+00
1.083733213718404143e-01
9.105075921335958888e-01
2.820084943439577163e+00
2.365770580880342866e+00
6.292499258171028176e-01
-5.406726475217359384e-01
1.354973745903199855e+00
9.236809352408960061e-01
-1.625374688186838057e+00
3.370023036630300783e-01
9.208845764917403809e-01
3.722256997850879046e-01
2.396802246667373737e+00
-2.466304887113079936e-03
-4.738077816152387323e-01
3.186297378933936830e+00
-8.665973732603849955e-01
-3.437531245536931124e+00
3.493006838966379313e-01
-1.383665175982568663e+00
-2.756079278921088616e+00
-8.026747488334446956e-01
-1.737464987884179690e+00
-1.489157062463354886e-01
1.302819502081683289e+00
-1.328085068156741766e+00
-7.038957610213120164e-01
9.471082854227924619e-01
-3.914654878615249634e-01
-1.926030268182568284e+00
-2.105981759945351417e+00
1.115109528051554943e-01
1.445161382103328229e-01
-1.727840377246846471e+00
9.082293860394631269e-01
2.088163329638290655e+00
1.043595065033096736e+00
2.626278758117138512e+00
6.955901114258377094e-01
3.952626415835513995e-02
3.311597998927391373e+00
-4.599464531693034930e-01
-2.491293647870497008e+00
2.183422718984648014e+00
7.456034553603390069e-01
-8.447264048113349855e-01
1.709094070058390535e+00
8.437154180024286632e-01
1.415795483640037489e+00
2.139417227292636170e+00
-1.057718205912767884e+00
-7.605562884146004343e-01
5.882154963102672607e-01
-1.474906865717947380e+00
-2.713592684578373770e+00
-2.080422691010177072e+00
-9.753771905466113168e-02
-2.846358088888394366e-01
-2.133372328193972045e+00
2.795477812697049202e-01
1.119219845056800278e+00
-9.566099281192896875e-01
-2.176037128265306819e-14
-1.430273467491086192e+00
-2.135623077145500925e+00
1.018881539402358927e+00
-1.973389594765667887e+00
-3.153948436883381667e+00
2.333582727070126595e+00
1.113765298724988639e+00
-7.040942247337148574e-01
2.412358845695152354e+00
1.623028156473920181e+00
1.372137699291098079e+00
2.014557784262412721e+00
-8.411246065704923724e-01
-1.208314846917444285e-01
1.682540108624682063e+00
-3.041212389162335494e-01
-7.429961668537357067e-01
8.065782554358665868e-01
2.330530603817392077e+00
1.658021701491688482e+00
-3.324352412500697351e-01
1.534537536090681442e+00
1.751199969888580732e+00
-1.254502689703365537e+00
-6.914242979223965690e-01
-1.507115082375235726e+00
-2.329536790592859230e+00
4.904679132849173451e-01
-2.010603243429069931e+00
-2.992066013122521184e+00
2.280936705179253732e+00
3.993314910592964395e-01
-2.303977420136627430e+00
7.990421664637600285e-01
-2.953645578989474996e-01
-1.455790919534974748e+00
-5.991316746622148415e-01
-2.716329331271757130e+00
-1.451355966304056277e+00
8.963451650634677303e-01
-8.638213728034489503e-01
-5.872830476495812801e-01
1.623410583665856111e+00
2.495316985691608203e+00
1.444837846351867849e+00
-2.392919063075046870e-01
1.567825407544451988e+00
1.805412005105428541e+00
-1.123488991607991316e+00
-5.928590367210024410e-14
4.255171287895473942e-01
-1.542980996631304613e-01
2.498127563699378051e+00
5.434554273669384150e-01
-4.757495250020280508e-01
4.142382180948530390e+00
1.460229360529557319e+00
-2.027901097425412580e+00
1.121943836336194211e+00
-1.753084248945335211e-01
-2.081329005614658278e+00
-8.476714463586025872e-01
-2.333273076991275730e+00
-1.130516589145172279e+00
1.027259172748365534e+00
-1.199536778817481553e+00
-1.098118336758544977e+00
8.723294851067673328e-01
4.766687864427905374e-01
-1.182411908190444283e+00
-2.495801705019854211e+00
-7.053420528301070913e-01
-3.314709212366862001e-01
-2.839138817243799906e+00
-1.004293228002816285e+00
4.733441446823546950e-01
-1.218998036078282610e-01
2.176424755705117065e+00
7.285871273634279000e-01
-3.262077011372156443e-01
3.779836864191561396e+00
9.572318664918690878e-01
-2.382900385504718166e+00
1.619934104255857932e+00
8.882443273552134144e-01
-1.039991205934766683e+00
1.116037202080339741e+00
4.576331811284353179e-01
1.384703987222159371e+00
3.164054642025559971e+00
4.501778108085753294e-01
2.373136395969869250e-01
1.884933283279775829e+00
4.165391490354762860e-01
-1.499787288334132107e+00
-2.149091987867329578e+00
-4.129914266413569068e-01
-1.484004561055348725e-01
-2.512515971744786025e+00
-6.180339887500072571e-01
9.075322967971890531e-01
-6.211476642822791883e-01
6.172146706951362471e-01
-8.202008166878855810e-01
-2.283648929620348156e+00
1.118322876334489013e+00
-1.619643837656982388e+00
-4.512403187711152341e+00
3.400619833642531953e-01
9.083572198056835689e-02
-1.946269928736807264e+00
9.397557072992182015e-01
7.980460742192735379e-01
1.115344305398525915e+00
2.565199472010367465e+00
-1.683736452493461710e-01
-1.909503455013775719e-01
1.795952715282935319e+00
2.008074568456489351e-01
-1.033356393027638820e+00
-3.218264017405603750e-01
1.678919497493000179e+00
1.966973620738429407e+00
-1.102227600014992204e-01
1.718297758638059669e+00
2.998131312169530549e+00
5.233817084850481693e-01
9.333614658062335812e-01
-1.948543636280652969e-01
-1.820058363247008648e+00
1.063987360140970395e+00
-1.346423568901861101e+00
-3.839454371300208724e+00
1.269726310530233215e+00
7.588916587856990859e-01
-2.126967115439927003e+00
6.605165126372860573e-01
2.100308086132086638e-01
-7.549862455118623306e-01
1.220879838922864780e-01
-2.549199658453355610e+00
-2.406033160970411089e+00
-7.999772538079230610e-02
-1.650067694669942631e+00
-2.211717138230988144e+00
-4.180558513617439464e-01
1.393015305363397793e+00
1.346404159754786001e+00
-5.120077562539224747e-01
1.221231742082321770e+00
2.369028800003106561e+00
-4.297810397503263324e-01
4.898073855848156244e-02
8.967862420054351080e-02
-9.580806026676147447e-01
2.020612834949041758e+00
4.989620377198442647e-01
-1.351672925576325124e+00
3.832281273325301552e+00
2.945665982498292035e+00
-7.148807367326929230e-01
2.039136599038376296e+00
1.408596183665396850e+00
-5.659111014195925549e-01
2.200481540218683918e-01
-1.932810761135963062e+00
-1.607268751365130255e+00
8.332423606142013162e-01
-9.972691629279853975e-01
-1.507491179585511265e+00
4.544412598509116052e-01
1.137183900533075276e+00
3.985009779434545152e-02
-1.995002763770011622e+00
-7.071067811865643371e-01
6.890481371153234225e-02
-2.909733229614668737e+00
-2.179770538985238204e+00
-1.052684551972656646e+00
-1.779943794603900287e+00
9.621883985509240844e-01
3.619806197951247473e-02
-1.558532463466697049e+00
3.247451276699415246e+00
1.966808467234703928e+00
-2.047719184024218819e+00
1.195978986522821197e+00
1.050228634968922048e+00
-1.107808706864044090e+00
4.857986142970335264e-01
-4.268454409929989257e-01
3.411717268942633385e-01
3.000082154225607312e+00
1.081539638537117654e+00
5.974567369852369358e-01
2.609513900192707681e+00
2.246480973392095848e+00
4.528325956706789612e-01
-1.224259434211494302e+00
-1.698641227676489507e-14
6.482605165720081164e-01
-2.200902114900352924e+00
-1.219262470774457707e+00
4.825326648825738474e-01
-6.552183991995919055e-01
1.077461344675614052e+00
2.779360773364103476e-02
-2.039333983987066112e+00
1.711395494717998789e+00
-1.903823591982019003e-01
-4.482731681479161345e+00
-7.962972709205751176e-01
-5.416369812891234092e-01
-2.946504014281638106e+00
-6.973412735941856289e-01
-7.338787390945837874e-01
-1.646132510435424634e-01
2.206822385376628670e+00
5.983512367726473435e-02
-4.673005225872737256e-01
1.701835388490124945e+00
8.222627235578943150e-01
-8.440814850946367631e-01
-1.273108050183827444e+00
5.547392061838103405e-01
1.569809416911416289e+00
-6.209445680940006707e-01
8.542369045872457711e-01
3.008054105166004355e+00
1.396910248027823931e+00
2.249145854450176341e+00
1.352862630788742582e+00
-8.637063173814542028e-01
2.187365372457296786e+00
2.741765426242300796e-01
-3.716768029306422250e+00
5.203661050421479750e-01
1.005176764343090445e+00
-1.957807192344282354e+00
3.955329576029429361e-01
4.501285607635455710e-01
-1.067421567013207007e-01
1.301647619117500820e+00
-1.371981558569982607e+00
-2.239647182674428194e+00
-1.380424765154785183e-01
-1.486761532836752497e+00
-2.955212071508641181e+00
-2.263554903897221582e+00
-2.600735106700868826e-01
5.734741071603576268e-01
-1.359443830721750679e+00
1.302429754559046859e-01
2.209613777240840626e+00
2.116945694815763890e-02
3.182459293117813615e-01
1.189430128664623609e-01
-1.611687473463078835e+00
1.416028360756814264e+00
3.198538340918024026e-01
-2.687574426657533877e+00
2.303713163285064702e+00
3.089113646546179925e+00
-2.944805929174675319e-01
2.234625799073020502e+00
2.436807976148929633e+00
9.072360764351489193e-01
1.828815675651082717e+00
-6.410185660618717973e-01
-1.337620632533503162e+00
1.034397554900614136e+00
-4.413989087912136844e-01
-1.663583377106779393e+00
-2.329366903529975774e-01
1.242136433617446301e+00
1.126101647773000591e+00
-1.136095231445391374e+00
-2.488458836895280912e-01
1.146577477953771185e+00
-1.816127291434788571e+00
-2.017355536172974251e+00
-1.537986094676170090e+00
-2.933603022343295841e+00
-1.983218663000067550e-01
-7.504156091318057165e-01
-3.234686195630861683e+00
1.722869559618038782e+00
2.181186789923598379e+00
-1.879806819086491831e+00
7.270809149959893691e-01
1.184646783215000276e+00
-9.203398746621359594e-01
2.460660840408347427e-01
-1.148050489262387064e+00
-1.106721275966803031e+00
1.918272479687721521e+00
7.468053596884213219e-01
-2.322723639642249038e-02
2.099126179250698332e+00
3.000000000000000000e+00
2.099126179250593083e+00
-2.322723639621812608e-02
7.468053596883416079e-01
1.918272479687741949e+00
-1.106721275966612517e+00
-1.148050489262621321e+00
2.460660840409287786e-01
-9.203398746620151671e-01
1.184646783214672539e+00
7.270809149960568707e-01
-1.879806819086422554e+00
2.181186789923426073e+00
1.722869559618426250e+00
-3.234686195630859906e+00
-7.504156091320989264e-01
-1.983218662996805437e-01
-2.933603022343366451e+00
-1.537986094676323967e+00
-2.017355536172797947e+00
-1.816127291434984414e+00
1.146577477953820701e+00
-2.488458836893757686e-01
-1.136095231445573228e+00
1.126101647773003478e+00
1.242136433617501812e+00
-2.329366903532174016e-01
-1.663583377106590211e+00
-4.413989087912413289e-01
1.034397554900557736e+00
-1.337620632533268017e+00
-6.410185660621716686e-01
1.828815675651169759e+00
9.072360764351125040e-01
2.436807976148832378e+00
2.234625799072880170e+00
-2.944805929172287229e-01
3.089113646546139513e+00
2.303713163285077137e+00
-2.687574426657557858e+00
3.198538340917382872e-01
1.416028360756851789e+00
-1.611687473463191411e+00
1.189430128663496733e-01
3.182459293119464516e-01
2.116945694800853595e-02
2.209613777240898802e+00
1.302429754558011021e-01
-1.359443830721713820e+00
5.734741071603741691e-01
-2.600735106701201893e-01
-2.263554903897350812e+00
-2.955212071508349858e+00
-1.486761532836746724e+00
-1.380424765155765510e-01
-2.239647182674480597e+00
-1.371981558569977500e+00
1.301647619117557886e+00
-1.067421567012465378e-01
4.501285607632400931e-01
3.955329576031288985e-01
-1.957807192344161340e+00
1.005176764343205242e+00
5.203661050426577894e-01
-3.716768029306369847e+00
2.741765426234981651e-01
2.187365372457665824e+00
-8.637063173814726325e-01
1.352862630788247866e+00
2.249145854450312232e+00
1.396910248027643409e+00
3.008054105166033665e+00
8.542369045876881950e-01
-6.209445680941757528e-01
1.569809416911306821e+00
5.547392061841358579e-01
-1.273108050183717754e+00
-8.440814850945593806e-01
8.222627235577961713e-01
1.701835388490100076e+00
-4.673005225869193424e-01
5.983512367689769462e-02
2.206822385376690399e+00
-1.646132510433300222e-01
-7.338787390948369183e-01
-6.973412735938315787e-01
-2.946504014281341899e+00
-5.416369812895290847e-01
-7.962972709200710764e-01
-4.482731681479085850e+00
-1.903823591987715558e-01
1.711395494718351173e+00
-2.039333983986941767e+00
2.779360773320338485e-02
1.077461344675968213e+00
-6.552183991997100332e-01
4.825326648825754017e-01
-1.219262470774330698e+00
-2.200902114900472828e+00
6.482605165719907969e-01
6.716849298982197070e-14
-1.224259434211573794e+00
4.528325956708259548e-01
2.246480973392072311e+00
2.609513900192643288e+00
5.974567369853664989e-01
1.081539638537013293e+00
3.000082154225490072e+00
3.411717268944539638e-01
-4.268454409931869975e-01
4.857986142972071653e-01
-1.107808706863950166e+00
1.050228634968612518e+00
1.195978986522918008e+00
-2.047719184024110461e+00
1.966808467234392177e+00
3.247451276699574230e+00
-1.558532463466623552e+00
3.619806197940178549e-02
9.621883985511621162e-01
-1.779943794603934037e+00
-1.052684551972698390e+00
-2.179770538984983741e+00
-2.909733229614882788e+00
6.890481371146717215e-02
-7.071067811865240360e-01
-1.995002763769992971e+00
3.985009779439541155e-02
1.137183900533096370e+00
4.544412598507723278e-01
-1.507491179585259022e+00
-9.972691629280180381e-01
8.332423606139420791e-01
-1.607268751365040105e+00
-1.932810761136180222e+00
2.200481540219801913e-01
-5.659111014194508904e-01
1.408596183665002277e+00
2.039136599038489983e+00
-7.148807367324986339e-01
2.945665982498114843e+00
3.832281273325434778e+00
-1.351672925576238082e+00
4.989620377196047341e-01
2.020612834949411685e+00
-9.580806026676793596e-01
8.967862420016159408e-02
4.898073855861051484e-02
-4.297810397504633340e-01
2.369028800002965340e+00
1.221231742082504956e+00
-5.120077562539784299e-01
1.346404159754912122e+00
1.393015305363563439e+00
-4.180558513617858019e-01
-2.211717138230996582e+00
-1.650067694669946405e+00
-7.999772538103444575e-02
-2.406033160970419971e+00
-2.549199658453313866e+00
1.220879838923891736e-01
-7.549862455118514504e-01
2.100308086129994978e-01
6.605165126372282147e-01
-2.126967115439752476e+00
7.588916587856648910e-01
1.269726310530146396e+00
-3.839454371300161206e+00
-1.346423568901617518e+00
1.063987360141097627e+00
-1.820058363247109678e+00
-1.948543636283016633e-01
9.333614658064175451e-01
5.233817084849708978e-01
2.998131312169437290e+00
1.718297758638015038e+00
-1.102227600014137332e-01
1.966973620738578621e+00
1.678919497493053470e+00
-3.218264017408798416e-01
-1.033356393027570652e+00
2.008074568458784182e-01
1.795952715282734147e+00
-1.909503455013788487e-01
-1.683736452492611280e-01
2.565199472010319504e+00
1.115344305398644931e+00
7.980460742189861012e-01
9.397557072994330296e-01
-1.946269928736334309e+00
9.083572198017872412e-02
3.400619833644406009e-01
-4.512403187710895658e+00
-1.619643837657583463e+00
1.118322876334821636e+00
-2.283648929620188284e+00
-8.202008166885899065e-01
6.172146706953025586e-01
-6.211476642822281180e-01
9.075322967969430277e-01
-6.180339887495653883e-01
-2.512515971744851306e+00
-1.484004561055182192e-01
-4.129914266409846491e-01
-2.149091987867366882e+00
-1.499787288334311075e+00
4.165391490354098947e-01
1.884933283279454752e+00
2.373136395973265422e-01
4.501778108084103502e-01
3.164054642025363684e+00
1.384703987222426269e+00
4.576331811281567630e-01
1.116037202080413238e+00
-1.039991205934370555e+00
8.882443273547343532e-01
1.619934104256157470e+00
-2.382900385504409080e+00
9.572318664911664277e-01
3.779836864191665313e+00
-3.262077011371765645e-01
7.285871273630583067e-01
2.176424755705432368e+00
-1.218998036077272307e-01
4.733441446820279008e-01
-1.004293228002415495e+00
-2.839138817243854529e+00
-3.314709212366468982e-01
-7.053420528299092496e-01
-2.495801705020125105e+00
-1.182411908190450944e+00
4.766687864428731380e-01
8.723294851065537259e-01
-1.098118336758473923e+00
-1.199536778817488214e+00
1.027259172748267391e+00
-1.130516589144879624e+00
-2.333273076991501327e+00
-8.476714463586481063e-01
-2.081329005614396710e+00
-1.753084248947722745e-01
1.121943836336346312e+00
-2.027901097425202082e+00
1.460229360529336162e+00
4.142382180948713355e+00
-4.757495250020131738e-01
5.434554273664942148e-01
2.498127563699676923e+00
-1.542980996630044510e-01
4.255171287893896315e-01
1.778577110163007449e-13
-1.123488991608133869e+00
1.805412005105339723e+00
1.567825407544720884e+00
-2.392919063076083819e-01
1.444837846351884947e+00
2.495316985691747647e+00
1.623410583665917395e+00
-5.872830476494179663e-01
-8.638213728033887762e-01
8.963451650633060819e-01
-1.451355966303937262e+00
-2.716329331271841063e+00
-5.991316746622734613e-01
-1.455790919534791339e+00
-2.953645578992819543e-01
7.990421664637992194e-01
-2.303977420136461340e+00
3.993314910593736000e-01
2.280936705179338553e+00
-2.992066013122543389e+00
-2.010603243429233355e+00
4.904679132850624512e-01
-2.329536790592861006e+00
-1.507115082375462878e+00
-6.914242979222684493e-01
-1.254502689703348661e+00
1.751199969888594499e+00
1.534537536090711196e+00
-3.324352412502488696e-01
1.658021701491618538e+00
2.330530603817580371e+00
8.065782554358975620e-01
-7.429961668536771979e-01
-3.041212389162277763e-01
1.682540108624527964e+00
-1.208314846916513363e-01
-8.411246065706444730e-01
2.014557784262357210e+00
1.372137699291430257e+00
1.623028156473954375e+00
2.412358845695173226e+00
-7.040942247334995852e-01
1.113765298724794572e+00
2.333582727070155904e+00
-3.153948436883258655e+00
-1.973389594765943000e+00
1.018881539402384018e+00
-2.135623077145581306e+00
-1.430273467491158135e+00
8.659739592076221015e-14
-9.566099281192573800e-01
1.119219845056792728e+00
2.795477812699335707e-01
-2.133372328194012457e+00
-2.846358088888204518e-01
-9.753771905463615166e-02
-2.080422691010337388e+00
-2.713592684578287617e+00
-1.474906865717816817e+00
5.882154963099656131e-01
-7.605562884147482050e-01
-1.057718205912737020e+00
2.139417227292491841e+00
1.415795483640389207e+00
8.437154180022851113e-01
1.709094070058461146e+00
-8.447264048108658052e-01
7.456034553597016279e-01
2.183422718984857624e+00
-2.491293647870204353e+00
-4.599464531699242742e-01
3.311597998927510389e+00
3.952626415857363185e-02
6.955901114253462136e-01
2.626278758117416956e+00
1.043595065033237290e+00
2.088163329638007770e+00
9.082293860398098495e-01
-1.727840377246948389e+00
1.445161382101305403e-01
1.115109528054160082e-01
-2.105981759945506404e+00
-1.926030268182617800e+00
-3.914654878615433931e-01
9.471082854226160475e-01
-7.038957610212107641e-01
-1.328085068156842574e+00
1.302819502081302705e+00
-1.489157062458837943e-01
-1.737464987884187018e+00
-8.026747488333546565e-01
-2.756079278920781306e+00
-1.383665175983039841e+00
3.493006838966522531e-01
-3.437531245536695756e+00
-8.665973732609246749e-01
3.186297378933979907e+00
-4.738077816149354193e-01
-2.466304887435377680e-03
2.396802246667601111e+00
3.722256997851158822e-01
9.208845764913318188e-01
3.370023036634793856e-01
-1.625374688186854488e+00
9.236809352407083784e-01
1.354973745903463644e+00
-5.406726475218506245e-01
6.292499258170075604e-01
2.365770580880446339e+00
2.820084943439291170e+00
9.105075921337079103e-01
1.083733213718888200e-01
2.225894333137848236e+00
3.308553307606736382e-01
-1.731785369855613599e+00
-3.602338968629933413e-01
-1.644965630795430789e+00
-6.916426614090211977e-01
9.696212470625427127e-01
-2.470998527788669907e+00
-2.934771516251022394e-01
3.046912990026418466e+00
-1.628306769431759005e+00
-1.794279334067849341e+00
7.071067811868442243e-01
-1.920997220251001725e+00
-1.806441488358183189e+00
-1.585687375830940438e+00
-2.907574858642063109e+00
-2.733043451639227683e-02
5.997768712969563376e-01
-1.257913861159648317e+00
4.411122412949256555e-01
2.011732050518704629e+00
1.530521984441430394e+00
-2.600363357215477178e-01
-6.294041882839935820e-01
1.571911647548389634e+00
5.757225247348074504e-02
-1.510254842559538346e+00
9.330613164517879143e-01
6.167523082637731413e-01
1.291527290826715024e+00
2.967520710322823163e+00
-8.001910350495805568e-02
1.580634832629388420e+00
4.225633210597465883e+00
-1.022193639045481994e+00
-1.337296503175638085e+00
1.618033988750102736e+00
-1.285742458952766398e+00
-1.372150952913991917e+00
-3.337460086964291195e-01
-1.466521080690437184e+00
9.250916255516611342e-01
1.027201153789088384e+00
-1.488930222844079054e+00
-7.020531492852599698e-02
7.368952432675168751e-01
-9.266314645682135476e-01
-2.576772998444704754e+00
-2.471353351004516696e+00
-3.284146727387345366e-01
-1.541204074683579783e+00
-2.688465202800217391e+00
3.798724938817313879e-01
4.174590826132528742e-01
3.566679717076460809e-01
1.818467744058074764e+00
-8.420631517585326353e-01
4.173300821367676994e-01
2.822104811965487237e+00
-2.089657046070935831e+00
-1.697122270027984214e+00
2.336752254560623410e+00
-2.606729283304913825e-01
-8.714058945338365447e-02
2.009382311432272861e+00
1.012829092443689571e+00
2.766004459885169631e+00
2.512274572634866310e+00
-3.491263328007769839e-01
1.026419832978304525e+00
1.498079526108381465e+00
-7.439062888770437976e-01
-1.739464539830566370e+00
-9.631174404351217078e-01
9.046881279834975143e-01
-3.471914209216682146e-01
-1.541633364654278582e+00
1.290300017586570647e+00
7.674893766008850093e-01
-6.445494028470257764e-01
2.159992387255729174e-01
-2.302468700830500481e+00
-1.646545237988171539e+00
4.845276574613658349e-01
-3.940666754604583044e+00
-2.988105637306805562e+00
1.642039521920167333e+00
-1.108415057435702789e+00
-1.133731060975039728e+00
1.526573813443130367e+00
2.173465589546923482e-01
1.145336212651999030e+00
8.882844542520469400e-01
-1.726402466873881325e+00
1.528949794067149259e-01
1.028929424655177227e+00
-9.549941454057868651e-01
-6.876139049453022789e-01
1.048330440703842958e+00
2.677388429006238191e+00
1.481792304710030317e+00
3.991165477048953525e-01
2.982711847183612708e+00
2.052100327624752474e+00
-1.655021248699894976e-01
7.372090507123865155e-01
-1.086954165404545591e+00
-6.609583172699172726e-01
1.452797701198162095e+00
-2.364652017488962699e+00
-1.240183093625185862e+00
3.217513114807767138e+00
-3.657806430752515992e-01
-1.224031468081479890e+00
1.354288086052502837e+00
-7.936757150262060412e-01
-9.645687083049083732e-01
-1.154443444810670627e+00
-3.481249560505564222e+00
-1.338014143266481604e+00
-2.737022316397050847e-01
-2.250637748393253812e+00
-1.261314307215185782e+00
7.264993489393556381e-01
1.468363032496775578e+00
1.838547089412034818e-02
-9.615749360079411945e-01
1.422841103404419716e+00
4.669667369638560439e-01
-1.747265772027124076e+00
-1.351259100903889898e-02
-5.487390638878515414e-01
7.780878495585163979e-02
2.517267982353207145e+00
-4.226471974249923491e-01
8.339858554240159316e-01
