5.000000000000000000e+00
7.838591924999404048e-01
1.816419194688138894e-02
2.636529525469443858e+00
5.562327477721080715e-01
4.385985839228707661e-01
-3.869415489619030257e-01
-7.424901116770223908e-01
9.073105983427927068e-01
3.045579776628238866e-01
4.677627522186050824e-01
-3.833127543696368544e-02
1.732301726013281140e+00
3.599399612636896340e+00
-8.392223963302928302e-01
6.242230630283903681e-01
3.347198897313091948e+00
-8.807292377889469615e-01
-4.927746623863608066e-01
-2.427157158093533884e-01
-1.543216631348009349e+00
2.832532272056677014e-01
-1.287301364883252530e+00
-1.666318777156337694e+00
3.364534609192705861e-01
9.173586754395622878e-01
5.826517871832140871e-01
-1.403848575759637285e+00
1.271120735433000304e+00
2.180307918622505170e+00
-2.568488942223721594e+00
-6.938251977183368391e-01
-9.917370568914590789e-02
-2.583767185377089159e+00
-7.778577284929455438e-01
-2.610264919948401818e+00
-2.550857581492568027e+00
6.631090314192262802e-01
-1.076130381653776613e+00
-1.586143032575030976e+00
-1.776082967977089533e-01
1.246958770083029577e+00
3.101844543344473015e-01
-2.552756953770958237e+00
2.506716191005142758e-01
5.017079975762506194e-02
-3.092491751111241527e+00
-1.030502354785202357e+00
-2.448669828695037687e+00
-2.131632001935928056e+00
6.722882583776316201e-01
-2.577784257404744039e+00
-1.401043287525906678e+00
1.891938211540336923e+00
3.616696835032026103e-01
-4.543045531711146223e-01
-2.921766392203878904e-01
1.461920149664181157e+00
2.227202668137929775e-01
-2.321347050670570678e+00
-4.004326196330143528e-02
-1.068675741396965861e+00
-1.263038955874969727e+00
5.084331883730376367e-01
-2.447634821197722133e+00
4.057491844730959918e-01
3.074296683886251991e+00
-8.005376170240692257e-01
6.658976312909675732e-01
2.649971688590194052e+00
1.638102524167603491e+00
6.249757602591919925e-01
-4.073259696391186013e-01
1.224931322289904978e+00
2.496249887384291433e-01
-7.909096124910379721e-01
3.888572785963444467e-01
-1.115968636113650936e+00
1.688553540584151191e+00
2.424075483396141095e+00
-1.409595932409580588e+00
2.619189934135588871e+00
3.928202349723824316e+00
4.169643466996918457e-01
1.437570767703332919e+00
1.440491468922636020e+00
1.322572021819207855e+00
6.062674821629790989e-01
-9.235802432367834491e-01
2.182774808730871818e-01
-3.759572587975659741e-02
9.485985251904908155e-01
5.442931060558624523e-01
-1.174404514048406512e+00
3.430777083152313889e+00
2.568385714407927622e+00
-1.184527572128008188e+00
2.425967274459900569e+00
1.855911550831713885e+00
-1.064952840086320351e-01
3.090169943749658255e-01
-1.334895522271707602e+00
-2.910867454829976220e-01
-1.606003861368050512e-01
-1.348628103011011881e+00
-1.071807245111142670e+00
-5.716242274855983796e-01
2.033711495865850871e+00
-9.595373353394587301e-02
-1.724840633008311697e+00
2.928777380959072918e+00
6.171782079227261519e-01
-1.795841410153025564e+00
3.493225271096019879e-01
-1.637349351562545241e+00
-1.097026315740115443e+00
-9.958748429398400770e-01
-3.357678005952628553e+00
-1.380603397543699984e+00
-2.945792086296341594e-01
-7.059218005514310557e-01
-1.630484724130588203e+00
-7.396666367673390141e-01
2.405899892629146386e+00
-9.601665659508337169e-01
-2.000000000000023537e+00
1.195489970202246788e+00
-1.635670499594388705e+00
-1.590708981997813298e+00
-1.227268744791296662e+00
-3.633298574609935105e+00
-5.462675292991089337e-01
-5.318574282078378790e-01
-2.771270881653260520e+00
-7.310238406941744760e-01
8.007873389018688171e-01
1.042451354755986381e+00
-1.105637746766532148e+00
-2.700882055130287007e-01
2.238168686673022378e+00
-1.230512678293835815e+00
-1.102877599327956704e+00
-1.904935116026461595e-01
-2.341976696294555182e+00
4.390638268505036024e-01
-8.505771721007012731e-01
-2.847419205425481437e+00
1.617989683811662083e+00
1.415688557083781163e+00
-2.838400903081107485e-01
7.298247742127303983e-01
1.938751623689299208e+00
2.459465243526341549e+00
-3.252086204885067944e-01
2.646650466961938397e-01
1.358246272468404570e+00
-8.472515067656328780e-01
7.218931691084293778e-01
-7.717422374379028227e-01
-1.464237025089520028e+00
3.116662338157454748e+00
4.967696581587301985e-01
-7.562246922104708391e-01
3.206543489156192361e+00
2.541992090335733145e+00
1.568642482057012177e+00
9.981949771479716738e-01
1.437516529247645725e+00
2.016437284829041054e+00
-2.641391365298956240e-01
1.872502537646705822e-01
-3.474581958164619788e-01
-3.513215548110534270e-01
2.285932678292343923e+00
-1.173754048433938380e+00
-3.853412869918823036e-01
4.197337982125722178e+00
8.236875821021916178e-01
3.661544400539354371e-01
2.259491100461284319e+00
1.236041304256976670e+00
1.251330546656932663e+00
-4.937510348027689400e-01
-7.015138423507024656e-01
-5.844256736000907893e-02
-6.885095465326545039e-01
-2.514591364939463558e-01
-2.197073286664203096e+00
1.167976205717691229e-02
2.724089462358822544e+00
-1.787078121225328387e+00
-6.204446462522456018e-02
2.756010736956722607e+00
-3.989313337107577295e-01
4.114594149486194841e-02
-5.989895393152834258e-01
-1.425020793936102814e+00
-1.511155422369079293e-01
-2.000386895796346653e+00
-2.466445215916935219e+00
-1.809016994374875287e+00
-3.571965884264587388e-01
-9.028261181521346490e-02
-2.974637577859565951e+00
5.250173023849135090e-01
2.157727867185014858e+00
-2.095654363914437379e+00
-9.692952961986689431e-02
4.621393928747274255e-02
-1.703766426942654011e+00
-2.256698128729129893e-01
-2.752921988172500001e+00
-2.814602833516897107e+00
-4.350784538985174033e-01
-1.448577704224288443e+00
-2.007432840342545433e+00
-1.674489275630450358e+00
1.250760400075414669e+00
9.539431158493535401e-01
-2.172355739769998628e+00
1.260935657268088317e+00
1.109261532585524845e+00
-1.442476609013857214e+00
3.500417056639033575e-01
-1.978578926682148964e+00
-1.498497505523847861e+00
8.430608121205038774e-01
-2.432505896771353981e+00
-1.705394998924380623e+00
9.365059391725835125e-01
9.933259179355137247e-01
1.652691277605163878e-01
-2.620484806512081155e-01
2.855932477384544033e+00
1.766402698343262578e+00
-6.492141210648540994e-01
1.585382176979571511e+00
-2.444550052642603943e-01
-2.540730750682856920e-02
1.259355453889646981e+00
-2.548478337234617364e+00
6.160349658819558316e-02
2.533843193902459046e+00
-4.832744050967415772e-01
4.416563070459827989e-01
2.149513417754367772e+00
2.896462629881601192e+00
1.666630026915708829e+00
4.449100986174662209e-01
2.571936273685139440e+00
1.000000000000073941e+00
3.265130541624657878e-01
8.512471018430348702e-01
-1.860332629124220372e+00
1.266150530456634060e+00
1.773458034197695987e+00
-2.266955629570744257e+00
1.388987048661056711e+00
2.947006434019976862e+00
8.668482724527770689e-01
1.295304037170846634e+00
1.285339379332789189e+00
2.254124165392778600e+00
9.675903677029347172e-01
-4.180452387754173271e-01
1.784526471084044719e-01
-1.108502709249267415e+00
5.711078120620176612e-01
-5.455875722489271773e-01
-3.133623335563648027e+00
1.865040355463188693e+00
1.335664868781147874e+00
-1.820341388985776909e+00
1.365093878033084573e+00
1.270326036254861179e+00
5.963844729333735994e-01
3.309822724092069679e-01
-1.233743789046055195e+00
-2.480129707094282931e-01
-8.381801597535174508e-01
-1.450175897638531719e+00
-2.310797289168769808e+00
-2.629768081451233641e+00
1.054034357899356511e+00
-1.330163520437275482e+00
-3.051441053859927699e+00
1.946576592687810692e+00
3.260159779469117280e-01
-1.112879925410419579e+00
4.359883508759068160e-01
-1.258215921525943859e+00
-2.376025735322242483e-01
-7.847310119064822009e-01
-2.971286696311957076e+00
-2.046650611457507374e+00
-1.374415681443948767e+00
-7.066329703592060252e-01
-2.711517293426284780e+00
-1.983285886758024308e+00
2.319630477348221920e+00
-8.090169943748000136e-01
-1.335327482442647762e+00
1.766811095907335316e+00
-5.577046232881932575e-01
1.845693956703424177e-01
-2.292239538737376181e-01
-2.724256630815130809e+00
-1.371253972300335855e-01
-3.890367038503715902e-01
-2.198272956306230874e+00
-1.615145847531151091e+00
1.452140284843023155e-01
1.724260704072472894e+00
-1.069389206757875632e+00
1.810995815074535331e-01
3.301627503404921171e+00
1.737885767143572124e-01
9.012933709009992578e-01
1.047579180564542689e+00
-1.149701499676432981e+00
1.713806684847339001e+00
-1.958651136563480666e-01
-2.461175667213795215e+00
9.104004414612794083e-01
1.164724859973456539e+00
2.097707824068770766e-01
-3.376701424530292872e-02
1.955605431668454131e+00
3.485856265265257825e+00
4.757624256404531238e-01
1.625239637640037982e+00
2.308481562330279679e+00
1.946657647185023876e-01
2.109296633825473943e+00
-5.270914484549936718e-01
-1.674568619944144965e+00
2.562765455239949475e+00
3.388386568260459697e-04
-1.325338295502878738e+00
1.541315282981738033e+00
2.031054599030350793e+00
1.859177216444771519e+00
5.409067900840196508e-01
1.844848212616017946e+00
2.518097209989053731e+00
2.707805158295961689e-01
1.083336131579555772e+00
-7.659048932982674973e-01
-8.895889153200560173e-01
1.921780421370742342e+00
-2.347858762962412360e+00
-1.953907376541671681e+00
2.274934490060715131e+00
-1.418818653546980446e-01
-3.493305723593489454e-01
8.080853637509477494e-01
1.120210115865839295e+00
1.501515191168815377e+00
-4.616037464757598574e-01
-2.066620934329396753e-01
-5.336217175071265029e-01
-9.016933722298599019e-01
-2.931886009455882958e-01
-3.759374327788572057e+00
-1.562172019804161982e+00
1.410482482963936857e+00
-3.016424873508635862e+00
-1.331427274131642413e+00
1.302997095877925338e+00
-3.962779217290729461e-01
3.273293837040136545e-01
-6.788409827843749911e-01
-7.026705187684695320e-01
1.441820491676831795e-01
-1.444976194693330829e+00
-2.000000000000039080e+00
-2.929743541280157348e+00
-8.803828201117133156e-01
-4.136358141189173665e-01
-4.237470706231789563e+00
-4.567402104387273121e-01
1.537611144538693075e+00
-1.802863913738089297e+00
3.467875922370444730e-01
2.981961727826981101e-01
-3.110120722582964126e-01
1.067364526981104511e+00
-1.553369911181120999e+00
-1.751199978002524915e+00
-4.688692197876207501e-01
-7.244529715023543259e-01
-1.685397579597711637e+00
-2.783645990497379152e+00
1.072570775839676305e+00
1.087532145042406251e+00
-2.052737534341924519e+00
1.749499331491871423e+00
1.737228586367023375e+00
3.007824031638594020e-01
2.047200524854820625e+00
-6.909830056250454433e-01
-7.417913011483145969e-03
1.771722912500807379e+00
-1.248004991740070402e+00
-1.405728587712944844e+00
5.540062254943767250e-02
1.353917826338948860e+00
1.657801991678478082e-01
-9.258892840895897036e-01
3.146650493502450185e+00
2.269438153382117740e+00
5.360330210382123761e-01
2.821821323448702401e+00
5.861220391071290114e-01
1.471894710067100931e+00
2.382731396105168820e+00
-1.912463227105308583e+00
-1.530491217323726172e-02
1.835446495078066231e+00
-3.738702356162224572e-01
-4.970201197386403535e-01
5.854648459793951876e-01
2.777259347961863245e+00
1.372972309502020760e+00
3.745310249173737782e-01
2.966480117075890544e+00
1.193017643823832241e+00
1.406239745070956726e+00
1.488266337070862200e+00
-2.090514679194058090e+00
1.060583386819428542e+00
1.188973128216825215e+00
-2.958212194366449221e+00
-3.782545471235622125e-01
1.029684926510528786e+00
2.803540759922428238e-01
-1.434466601860195922e-02
1.341768124776446802e-01
2.150950982316532034e+00
7.317112927568298897e-01
1.430460133820657953e-01
3.623368518510043934e-01
-1.610681664322938023e+00
8.126229985904712683e-01
-9.652865352466616367e-01
-4.366015853731195051e+00
2.806946468925305416e-01
-1.690371862869096686e-01
-2.730640003509583913e+00
-4.251485188969980067e-01
-5.425426962772217365e-02
6.133308721794801244e-01
2.369654391922712544e-02
-8.836903729292844289e-01
1.362628598858728335e-01
-7.393568247552113615e-01
-3.980287680484687618e-01
-2.353778714646622028e+00
-3.520139979314985013e+00
6.981991611008068199e-01
-2.055802695944024094e+00
-3.996147607590527784e+00
6.043412914980055284e-01
-3.707246479660618599e-01
-7.395367500228273716e-01
2.895794494607393244e-01
-7.076786854876808697e-01
8.914040527897308941e-01
2.168816044472982041e-01
-1.278562386057734868e+00
-1.495083942660958565e+00
-1.209134309889422054e+00
3.325200753574058532e-01
-2.909960132396969712e+00
-2.681673980950309399e+00
1.984754357150673609e+00
-9.243978450279598524e-01
-9.665879089309401540e-01
1.760301734106396454e+00
2.404545141443138467e-01
1.851886945751990421e+00
1.135888063339519860e+00
-9.654100512935199774e-01
9.853859304522932794e-01
7.146790189597113097e-01
-5.936516027276957930e-01
-1.812898844451986680e+00
-2.122167804614931708e-01
2.108040874727423297e+00
-1.416658068155840500e+00
-1.781988602239753527e-02
3.212117637656151992e+00
7.254283432352429672e-01
2.249105111724213568e+00
1.911754386606039802e+00
1.070611660210196714e-01
3.055219249827697325e+00
1.003855028391648752e+00
-1.348350014498277405e+00
4.570878113746307814e-01
1.000000000000000000e+00
4.570878113745025506e-01
-1.348350014498076233e+00
1.003855028391368975e+00
3.055219249827728856e+00
1.070611660211472360e-01
1.911754386605763800e+00
2.249105111724444939e+00
7.254283432351695815e-01
3.212117637656078717e+00
-1.781988602207451589e-02
-1.416658068156068762e+00
2.108040874727519665e+00
-2.122167804613496189e-01
-1.812898844452219382e+00
-5.936516027274132412e-01
7.146790189595949583e-01
9.853859304522646356e-01
-9.654100512933685430e-01
1.135888063339226317e+00
1.851886945752077462e+00
2.404545141444156542e-01
1.760301734106269667e+00
-9.665879089306338434e-01
-9.243978450281703507e-01
1.984754357150758874e+00
-2.681673980950191716e+00
-2.909960132397185983e+00
3.325200753575093260e-01
-1.209134309889474679e+00
-1.495083942661082022e+00
-1.278562386057573441e+00
2.168816044472702265e-01
8.914040527897273414e-01
-7.076786854877874511e-01
2.895794494607654146e-01
-7.395367500227344459e-01
-3.707246479661164829e-01
6.043412914978607553e-01
-3.996147607590422091e+00
-2.055802695944228375e+00
6.981991611009934484e-01
-3.520139979315031198e+00
-2.353778714646584280e+00
-3.980287680483645674e-01
-7.393568247554140882e-01
1.362628598858760531e-01
-8.836903729293021925e-01
2.369654391897857426e-02
6.133308721797724461e-01
-5.425426962771862094e-02
-4.251485188973134210e-01
-2.730640003509237523e+00
-1.690371862869252118e-01
2.806946468924025329e-01
-4.366015853731173735e+00
-9.652865352465513915e-01
8.126229985903963282e-01
-1.610681664323016626e+00
3.623368518509716418e-01
1.430460133822596402e-01
7.317112927565825320e-01
2.150950982316733651e+00
1.341768124776786530e-01
-1.434466601893580329e-02
2.803540759924122439e-01
1.029684926510272991e+00
-3.782545471232957590e-01
-2.958212194366487413e+00
1.188973128216408215e+00
1.060583386819712981e+00
-2.090514679194304115e+00
1.488266337070464296e+00
1.406239745071247604e+00
1.193017643823475193e+00
2.966480117076203626e+00
3.745310249175365369e-01
1.372972309501531374e+00
2.777259347962313996e+00
5.854648459795570581e-01
-4.970201197385673009e-01
-3.738702356160990559e-01
1.835446495077725171e+00
-1.530491217268570292e-02
-1.912463227105508867e+00
2.382731396104883714e+00
1.471894710067625178e+00
5.861220391067805124e-01
2.821821323448780117e+00
5.360330210386945460e-01
2.269438153381750922e+00
3.146650493502814783e+00
-9.258892840894688003e-01
1.657801991677213538e-01
1.353917826339229968e+00
5.540062254938932229e-02
-1.405728587712839595e+00
-1.248004991740074843e+00
1.771722912500552471e+00
-7.417913011125848444e-03
-6.909830056252047603e-01
2.047200524854850823e+00
3.007824031639962925e-01
1.737228586366872385e+00
1.749499331492037069e+00
-2.052737534341870340e+00
1.087532145042331866e+00
1.072570775840044455e+00
-2.783645990497407574e+00
-1.685397579597700091e+00
-7.244529715022439698e-01
-4.688692197879504864e-01
-1.751199978002125235e+00
-1.553369911181349927e+00
1.067364526981108286e+00
-3.110120722581907748e-01
2.981961727825606645e-01
3.467875922372001263e-01
-1.802863913737994928e+00
1.537611144538370445e+00
-4.567402104382786154e-01
-4.237470706231931672e+00
-4.136358141189878657e-01
-8.803828201113975682e-01
-2.929743541280541042e+00
-2.000000000000135003e+00
-1.444976194693342819e+00
1.441820491675431803e-01
-7.026705187682258380e-01
-6.788409827845923727e-01
3.273293837039630283e-01
-3.962779217288628919e-01
1.302997095877734601e+00
-1.331427274131335547e+00
-3.016424873508745108e+00
1.410482482963792084e+00
-1.562172019803845346e+00
-3.759374327788661763e+00
-2.931886009456676767e-01
-9.016933722298169362e-01
-5.336217175073592056e-01
-2.066620934327124959e-01
-4.616037464760355813e-01
1.501515191168731000e+00
1.120210115865913014e+00
8.080853637507665610e-01
-3.493305723590822698e-01
-1.418818653547365694e-01
2.274934490060472214e+00
-1.953907376541530017e+00
-2.347858762962688139e+00
1.921780421370739678e+00
-8.895889153199123545e-01
-7.659048932985532687e-01
1.083336131579713202e+00
2.707805158293690173e-01
2.518097209988842344e+00
1.844848212616060579e+00
5.409067900838369081e-01
1.859177216444882763e+00
2.031054599030458263e+00
1.541315282981491563e+00
-1.325338295502829222e+00
3.388386567702017516e-04
2.562765455239877088e+00
-1.674568619944145409e+00
-5.270914484550464074e-01
2.109296633825473055e+00
1.946657647185358053e-01
2.308481562330061632e+00
1.625239637640231605e+00
4.757624256402137597e-01
3.485856265265355525e+00
1.955605431668488547e+00
-3.376701424525463402e-02
2.097707824069892646e-01
1.164724859973476967e+00
9.104004414610629148e-01
-2.461175667213651330e+00
-1.958651136563391848e-01
1.713806684847446471e+00
-1.149701499676471173e+00
1.047579180564385481e+00
9.012933709011219374e-01
1.737885767144248250e-01
3.301627503404975794e+00
1.810995815074398774e-01
-1.069389206757830335e+00
1.724260704072538619e+00
1.452140284845794271e-01
-1.615145847531082923e+00
-2.198272956305891146e+00
-3.890367038506873376e-01
-1.371253972297521440e-01
-2.724256630815000690e+00
-2.292239538742937843e-01
1.845693956707189498e-01
-5.577046232883317023e-01
1.766811095907404594e+00
-1.335327482442206559e+00
-8.090169943752282267e-01
2.319630477348427977e+00
-1.983285886757632177e+00
-2.711517293426560560e+00
-7.066329703589816491e-01
-1.374415681443896808e+00
-2.046650611457364821e+00
-2.971286696311782993e+00
-7.847310119069161871e-01
-2.376025735320984600e-01
-1.258215921526048886e+00
4.359883508757930182e-01
-1.112879925410076076e+00
3.260159779464427698e-01
1.946576592688122886e+00
-3.051441053859627495e+00
-1.330163520437794844e+00
1.054034357899819252e+00
-2.629768081451211437e+00
-2.310797289168943003e+00
-1.450175897638198652e+00
-8.381801597536724380e-01
-2.480129707093153835e-01
-1.233743789046107597e+00
3.309822724090492052e-01
5.963844729335070483e-01
1.270326036254608937e+00
1.365093878033097008e+00
-1.820341388985520226e+00
1.335664868780770620e+00
1.865040355463647437e+00
-3.133623335563628043e+00
-5.455875722492318225e-01
5.711078120621072562e-01
-1.108502709249369556e+00
1.784526471082068522e-01
-4.180452387752690013e-01
9.675903677026681526e-01
2.254124165392961121e+00
1.285339379332708587e+00
1.295304037170668110e+00
8.668482724528396854e-01
2.947006434019630028e+00
1.388987048661466162e+00
-2.266955629570653219e+00
1.773458034197640476e+00
1.266150530456765955e+00
-1.860332629124328951e+00
8.512471018429114133e-01
3.265130541626268812e-01
9.999999999997639666e-01
2.571936273685412999e+00
4.449100986174100436e-01
1.666630026915536300e+00
2.896462629881890294e+00
2.149513417754132405e+00
4.416563070460787221e-01
-4.832744050966262250e-01
2.533843193902315605e+00
6.160349658848179866e-02
-2.548478337234739044e+00
1.259355453889407173e+00
-2.540730750653469316e-02
-2.444550052645501625e-01
1.585382176979632796e+00
-6.492141210649071681e-01
1.766402698342990352e+00
2.855932477384805157e+00
-2.620484806512098919e-01
1.652691277604532161e-01
9.933259179358144841e-01
9.365059391722743154e-01
-1.705394998924314676e+00
-2.432505896771380183e+00
8.430608121203518879e-01
-1.498497505523607609e+00
-1.978578926682275529e+00
3.500417056638405189e-01
-1.442476609013766176e+00
1.109261532585154919e+00
1.260935657268136056e+00
-2.172355739770035044e+00
9.539431158493966167e-01
1.250760400075562773e+00
-1.674489275630419494e+00
-2.007432840342480596e+00
-1.448577704224284890e+00
-4.350784538986842698e-01
-2.814602833516745672e+00
-2.752921988172581713e+00
-2.256698128727785413e-01
-1.703766426942432188e+00
4.621393928735512135e-02
-9.692952961981227133e-02
-2.095654363914491558e+00
2.157727867185050386e+00
5.250173023852710008e-01
-2.974637577859698734e+00
-9.028261181502617028e-02
-3.571965884263819113e-01
-1.809016994375235443e+00
-2.466445215916627465e+00
-2.000386895796400388e+00
-1.511155422369344636e-01
-1.425020793936065733e+00
-5.989895393152863123e-01
4.114594149487538211e-02
-3.989313337105653279e-01
2.756010736956572504e+00
-6.204446462515836314e-02
-1.787078121225381011e+00
2.724089462358918468e+00
1.167976205722609517e-02
-2.197073286664555702e+00
-2.514591364936139550e-01
-6.885095465325951070e-01
-5.844256736026254284e-02
-7.015138423504826415e-01
-4.937510348031071139e-01
1.251330546656796994e+00
1.236041304257182727e+00
2.259491100461021862e+00
3.661544400543833566e-01
8.236875821018747601e-01
4.197337982125683986e+00
-3.853412869912941074e-01
-1.173754048434399122e+00
2.285932678292470488e+00
-3.513215548107023745e-01
-3.474581958165487983e-01
1.872502537648638998e-01
-2.641391365300707061e-01
2.016437284828986432e+00
1.437516529247711450e+00
9.981949771477780509e-01
1.568642482057166054e+00
2.541992090335617682e+00
3.206543489156184368e+00
-7.562246922099985502e-01
4.967696581582576876e-01
3.116662338157630607e+00
-1.464237025089297983e+00
-7.717422374381965877e-01
7.218931691085908042e-01
-8.472515067658454857e-01
1.358246272468174753e+00
2.646650466965028703e-01
-3.252086204889581555e-01
2.459465243526447242e+00
1.938751623689371595e+00
7.298247742124086557e-01
-2.838400903078142079e-01
1.415688557083579768e+00
1.617989683811905888e+00
-2.847419205425203437e+00
-8.505771721010384478e-01
4.390638268507720543e-01
-2.341976696294680860e+00
-1.904935116028315667e-01
-1.102877599327797276e+00
-1.230512678293973483e+00
2.238168686673059238e+00
-2.700882055129433246e-01
-1.105637746766646501e+00
1.042451354755945303e+00
8.007873389019017907e-01
-7.310238406942239919e-01
-2.771270881653041585e+00
-5.318574282080580362e-01
-5.462675292988150577e-01
-3.633298574609934661e+00
-1.227268744791598198e+00
-1.590708981997576377e+00
-1.635670499594640948e+00
1.195489970202154861e+00
-1.999999999999872990e+00
-9.601665659512346185e-01
2.405899892629432379e+00
-7.396666367672846132e-01
-1.630484724130807361e+00
-7.059218005509426686e-01
-2.945792086297213119e-01
-1.380603397543529010e+00
-3.357678005952709377e+00
-9.958748429397927815e-01
-1.097026315740034841e+00
-1.637349351562588318e+00
3.493225271094532181e-01
-1.795841410152896778e+00
6.171782079224577000e-01
2.928777380959251886e+00
-1.724840633008218216e+00
-9.595373353399450078e-02
2.033711495866194596e+00
-5.716242274857118444e-01
-1.071807245111189300e+00
-1.348628103010781842e+00
-1.606003861371629871e-01
-2.910867454827045231e-01
-1.334895522271636104e+00
3.090169943747334003e-01
-1.064952840082258878e-01
1.855911550831319090e+00
2.425967274459914336e+00
-1.184527572127834549e+00
2.568385714408054632e+00
3.430777083152384055e+00
-1.174404514048333459e+00
5.442931060558460210e-01
9.485985251904726079e-01
-3.759572587992049408e-02
2.182774808731550165e-01
-9.235802432367501424e-01
6.062674821628927235e-01
1.322572021819348631e+00
1.440491468922536544e+00
1.437570767703190144e+00
4.169643466998453896e-01
3.928202349723595610e+00
2.619189934135649267e+00
-1.409595932409587027e+00
2.424075483396097574e+00
1.688553540584366575e+00
-1.115968636113910950e+00
3.888572785963816392e-01
-7.909096124909105185e-01
2.496249887380753707e-01
1.224931322290133684e+00
-4.073259696392108609e-01
6.249757602592009853e-01
1.638102524167569296e+00
2.649971688590164742e+00
6.658976312908904127e-01
-8.005376170239759670e-01
3.074296683886251103e+00
4.057491844730098940e-01
-2.447634821197871346e+00
5.084331883731292301e-01
-1.263038955874466573e+00
-1.068675741397541401e+00
-4.004326196280627581e-02
-2.321347050670718115e+00
2.227202668134722341e-01
1.461920149664168944e+00
-2.921766392203914986e-01
-4.543045531710955265e-01
3.616696835031570911e-01
1.891938211540256987e+00
-1.401043287525481906e+00
-2.577784257405063340e+00
6.722882583775077192e-01
-2.131632001935501286e+00
-2.448669828695441364e+00
-1.030502354785017616e+00
-3.092491751111277498e+00
5.017079975707716688e-02
2.506716191009615846e-01
-2.552756953771166959e+00
3.101844543342069382e-01
1.246958770083328671e+00
-1.776082967979459581e-01
-1.586143032574731215e+00
-1.076130381653892520e+00
6.631090314191143698e-01
-2.550857581491951187e+00
-2.610264919948472873e+00
-7.778577284930294766e-01
-2.583767185377116249e+00
-9.917370568931382913e-02
-6.938251977180778240e-01
-2.568488942223810412e+00
2.180307918622371943e+00
1.271120735433216353e+00
-1.403848575759741646e+00
5.826517871831878859e-01
9.173586754396115817e-01
3.364534609192524339e-01
-1.666318777155930686e+00
-1.287301364883407517e+00
2.832532272058383427e-01
-1.543216631347886114e+00
-2.427157158097567602e-01
-4.927746623860644881e-01
-8.807292377891480228e-01
3.347198897312879229e+00
6.242230630290661608e-01
-8.392223963308211854e-01
3.599399612637041557e+00
1.732301726013545817e+00
-3.833127543699449413e-02
4.677627522187200459e-01
3.045579776628956070e-01
9.073105983428385590e-01
-7.424901116768966025e-01
-3.869415489620773863e-01
4.385985839228093708e-01
5.562327477721109581e-01
2.636529525469265334e+00
1.816419194715193641e-02
7.838591924996967109e-01
