5.000000000000000000e+00
1.700617129832074026e+00
7.432770977595188899e-01
2.465400375573523650e+00
-1.123404037606356543e+00
-1.867407273051958638e+00
2.842308728670241980e-01
-1.318308912762558904e+00
-1.151719121610384367e+00
2.271711363175223375e-01
-7.907892663867737149e-01
-1.151166891131966352e+00
-1.515269171559453065e+00
-1.409589289393523570e+00
-7.455070799740555199e-01
-1.321680879171539313e+00
6.463128697667219758e-01
2.028668154228208564e+00
-1.764902646915500473e-01
1.235702743743937182e+00
1.581743767279428781e+00
-2.409041583115446805e+00
-9.147893905041185603e-01
4.144141578337737775e-01
-2.471625674435006026e+00
3.690669864817357482e-01
2.659195146417741906e+00
1.321429670441758297e-01
1.826832255151696449e+00
2.691235633779209824e+00
-1.289261610297917082e-01
4.334348773556838674e-01
9.344511363693283057e-01
-8.468424364273263727e-02
4.976410238652198004e-01
5.187171006376831706e-01
4.523267413327282660e-01
-4.594950570101398180e-01
-2.287092304665137465e+00
-1.622267338172310502e+00
-2.675123198222029597e+00
-4.147851885021720975e+00
-7.541689896656289527e-01
-3.505754814889904258e-01
-1.407663993945556857e+00
2.622765458204791678e+00
2.155972016786802836e+00
-5.513438239793758688e-01
2.253048768858731066e+00
1.219024441730567565e+00
-1.314327780297837922e+00
1.636338528432962347e+00
1.541091296389697884e+00
-6.544790193485316987e-02
1.737411816686958099e+00
1.020648746556010789e+00
-6.482224603410728925e-01
-6.406025266627149994e-01
-1.188959084249104681e+00
-8.766440871389845624e-01
-7.754413286862074095e-01
-1.330392061332021925e-01
1.945026966287956904e+00
6.636373317494290713e-01
4.181231101275750817e-02
1.652647219367755271e+00
-1.585354517756349280e+00
-2.854948349281468900e+00
-1.134043242350543101e-01
-2.501817445314041599e+00
-2.576792582594080727e+00
1.352849251207020931e+00
-6.079506893360997477e-01
-1.134043567044993317e+00
1.699751638690783384e+00
-3.776662071226832285e-01
-9.036753164286752682e-01
1.590878580721711621e+00
1.125198495530751686e+00
1.617328265529494935e+00
3.014580430071954975e+00
2.664773520817211860e+00
2.182542457722460583e+00
5.383003031286787143e-01
-3.008911427656044690e-01
-6.231300790473095486e-01
-2.973193643396251584e+00
-1.858965302843345935e+00
-6.098327974963047016e-02
-2.265934990769157498e+00
-4.176883645977341186e-01
1.446425491209401226e+00
-2.123512326780114368e+00
-9.568980008129146508e-01
8.771610730597479977e-01
-2.277928503390858062e+00
-4.535140822907067215e-01
2.085234702486761460e+00
-1.821424494831840324e-01
8.911580445814010210e-01
1.927050983124849237e+00
-5.763874438555381952e-01
-7.895002264845261131e-01
-6.253165421635119570e-01
-1.076137977648285782e+00
-2.864653268799184360e-01
2.931612826510419656e-01
1.982892327249294873e+00
2.425266554599946112e+00
1.015652565727697354e+00
2.389941645038485607e+00
1.363656851445202101e+00
-1.675661046081607708e+00
5.262875987745674333e-01
1.982581852518334187e-01
-2.527059496785273751e+00
5.671987164903380396e-01
3.399001450620903753e-01
-3.040011544586288306e+00
-8.415061822904027489e-01
-1.346235063768357554e+00
-4.043781205131643297e+00
-1.395550813576791782e+00
-3.242814579734490388e-01
-7.696801237223547254e-01
1.707106781186538580e+00
2.475046002564802006e+00
2.038461086650946719e+00
1.829294662067868504e+00
8.991435544333098440e-01
9.376181797378987381e-01
-2.242536218392446878e-01
-7.235559979174976952e-01
1.522786562313081848e+00
2.679805097368828659e-01
-5.296554325449965850e-01
2.088459019042424814e+00
-4.756473940292861302e-01
-2.237156131602137776e+00
7.945087715188359212e-01
-1.218754995243673145e+00
-2.051457300882749912e+00
1.939586984642145406e+00
6.524702549775214244e-01
-4.696713507867234516e-01
1.797686792543859990e+00
-3.851799202529389010e-01
-2.258157250646841252e+00
-1.348647932110719427e+00
-2.233759958972412196e+00
-2.126627020880179408e+00
-9.664812565521541110e-01
-5.167511470492647252e-02
1.192447972435183967e+00
5.347741507725780608e-01
1.003991188620927399e+00
2.103216492282685479e+00
-2.293869776030169061e-01
6.777488666127053918e-01
3.026634040175856022e+00
4.598481021637468302e-01
1.572427630102677387e+00
3.746419549720040543e+00
-3.225970570531696557e-01
-6.810252009795959571e-01
5.592325080721695096e-01
-3.398692847900091074e+00
-3.117462420794935074e+00
-7.001893081268250052e-01
-2.244655370275414619e+00
-9.791863981145092488e-01
1.023895405938272996e+00
1.331801250852004959e-02
3.276934874589698676e-02
-6.925669019935262738e-02
-4.091139060723245624e-01
-2.943880871912490926e-01
-8.538185158554054688e-01
8.054117033954636407e-01
1.456841294685106147e+00
-3.742779158556033270e-01
1.406936460205011841e+00
1.179255528095499272e+00
-2.231142877006980996e+00
3.788465714031089004e-03
6.822971541096325421e-01
-1.868784586261077241e+00
1.678051843365190976e+00
3.135979293831790304e+00
4.425031467136638641e-01
2.494275231072916377e+00
2.337110845221790800e+00
-1.175893109721529273e+00
-5.793351387763979732e-01
-7.894068315365314614e-01
-2.344212969378403955e+00
-1.408475716506938369e+00
-1.031836166186181014e+00
-9.033202267788584816e-01
-1.094034787093820515e+00
-1.809016994374931686e+00
-7.537634098459065068e-01
-1.557093387667422224e+00
-2.066290888617747346e+00
1.323550161350257826e+00
1.114586090373840932e+00
5.627493759088186831e-01
4.252273740534352697e+00
2.542734297308482994e+00
-3.586785804353409546e-02
2.396143305013692881e+00
2.458923997981760090e-02
-2.369253441636058000e+00
7.318464833719978690e-01
-6.120236932208100722e-02
-1.160762063500708319e+00
1.413195819175076196e+00
6.022912532303792421e-01
-7.263323730862807359e-01
-1.335986884004343178e-01
-8.139684646176017502e-01
-8.791839154873131168e-01
-7.502692371401886717e-01
-1.804639186453786959e-01
1.211449179848047120e+00
-1.880490221806268014e-01
-3.616161234321240148e-01
7.555719183172987519e-01
-2.519991895664241977e+00
-2.776347349024831601e+00
-1.696942850916363099e-01
-2.507042403826457377e+00
-1.224687299130517992e+00
2.823081346676645786e+00
6.949281962996346484e-01
1.166814615498986241e+00
3.775549105408180672e+00
7.747142824522403881e-01
2.883889159186256990e-01
2.109798562396247412e+00
3.642253587586619101e-01
4.729633895410628175e-01
1.582935096224778349e+00
6.034815022083639402e-01
9.319330589990793001e-04
-1.163341844633248190e+00
-1.763531101699607806e+00
-2.052791608620301744e+00
-3.544588531143030519e+00
-1.665302248968012711e+00
1.709743457922741072e-14
-1.473771182976347127e+00
1.198277108575872774e+00
2.421756562455843920e+00
-1.066670385229228746e+00
5.526737783224826561e-01
1.248372507594686098e+00
-2.351811818079095229e+00
-1.114831357514496912e-01
1.605279987024041066e+00
-8.905175065447721305e-01
1.017875558568332339e+00
1.960940757643200083e+00
-5.524082347980850960e-01
-1.702849750697887909e-02
2.680768602616550034e-01
-4.886692094076154902e-01
3.826812826751780916e-01
1.001621102994849855e+00
2.097530330733399229e+00
1.981279568290273296e+00
6.253395827367554949e-01
1.415732462761342569e+00
-5.138066626581646590e-01
-3.234569450146753233e+00
-1.096030021659752940e+00
-2.050621573524749053e+00
-3.792276348336921288e+00
1.455247685891712939e-01
-2.022670416747414657e-01
-2.320432486656239579e+00
9.613561186879429066e-01
1.266157601408357258e-01
-2.043913353192120308e+00
1.068197298173097165e+00
1.272710828574026953e+00
4.704601212334235671e-01
2.906648804495330918e+00
2.823649802525315167e+00
1.687052799690931915e+00
1.340699457702966502e+00
8.431380158680001902e-02
-4.716548822074851377e-01
-1.607078494159953852e+00
-1.615659312099434253e+00
4.544472739138168960e-01
-5.855943241569978586e-01
-3.063059764532174434e-01
2.248307752783031965e+00
-5.152164335261291139e-01
-1.427050983124899197e+00
1.153609462918161466e+00
-1.739622351742866169e+00
-2.074182285076600962e+00
1.511753019729443981e+00
-6.192908611228600257e-01
-1.070897774136541747e+00
1.412552430236588386e+00
-1.121992249604047753e+00
-2.211886711834463615e+00
-6.615753470586682727e-01
-1.582880653785454950e+00
-1.003493635471084833e+00
7.912914530881319797e-01
1.719867858572655450e+00
2.740214602190605753e+00
2.219398217244878513e+00
2.420339620656056567e+00
2.389055001021877178e+00
-4.393164044765996978e-01
1.710835263161950559e-01
1.182519838141357749e+00
-1.743460543270323848e+00
-1.122717514320992205e-01
1.444558985640897575e+00
-2.384490587262529715e+00
-1.430496252056874251e+00
-2.324713997527484421e-01
-3.886427101253745686e+00
-2.310913736919334216e+00
1.136736658153152391e-01
-1.514244883115713813e+00
5.214785287843732853e-01
2.406938742385511976e+00
8.656571491036203492e-01
9.427143848868996256e-01
6.311573893572748339e-01
-4.111884510163940076e-01
-6.553648272678749276e-01
-1.038809259717024425e+00
4.412066747938006572e-01
8.638393422591427173e-01
-1.702627788944534037e-01
2.008220831637963055e+00
1.397582974439610659e+00
-1.322517674845861801e+00
1.182718827922083715e+00
8.260185874200092204e-01
-1.622418933471940328e+00
1.970973052340630360e+00
2.126627020880373475e+00
-7.107859109396527098e-01
1.572641772948957017e+00
4.677235729198101488e-01
-3.081473772374355047e+00
-1.856573927143249758e+00
-2.259015509315270176e+00
-3.511831667782315591e+00
-1.537665747975253794e+00
-5.545910379406563395e-01
-7.566217057992541406e-03
6.048817705851093907e-01
5.362635993148925362e-01
1.346825595453663427e+00
2.843022756798081474e-01
-8.547975822661191270e-02
2.392530253443896360e+00
1.169007380900123572e+00
7.644042863068173377e-01
3.730061495255399429e+00
1.047515831097292294e+00
-9.415211330832893299e-01
1.361344564745770036e+00
-1.689339890347834050e+00
-3.197857974632428046e+00
2.928932188133929193e-01
-8.991278364399974965e-01
-1.164916788209582776e+00
1.959847017378609779e+00
7.360466236130513984e-01
-3.877368689495742093e-01
3.854683529200892966e-01
-8.989442349494778384e-01
-1.420068345420558487e+00
-1.256800113478010683e+00
-8.262641177010651150e-01
2.035937432771621758e-01
-7.469171394194051850e-01
-1.759922168853805813e-01
8.345736127163176921e-01
-1.913145691079662924e+00
-1.110935459388405544e+00
1.152616276658372074e+00
-1.181289049570451999e+00
9.164091953637446553e-01
4.219685105993733920e+00
1.428942464007527668e+00
2.264989489210885498e+00
3.859636776159958149e+00
-2.674599062113669490e-01
-6.909830056250843011e-01
4.146409733190364877e-01
-2.142500259473184787e+00
-1.632262809980535856e+00
-2.206128712445661888e-01
-1.122650953937268214e+00
-9.739826126031441156e-01
-1.173340639424858445e+00
-1.367738342634933213e+00
-1.417478664107404640e+00
-2.186483578620070478e+00
-1.504991082780151590e-01
9.245355362491316509e-01
-2.533918979242345548e-01
2.471900292279857414e+00
2.626409906263832639e+00
-8.064970411777908632e-01
1.020251814968734738e+00
6.225113446319497923e-01
-2.894508868468509188e+00
-5.760517856921110180e-03
1.095337580304850622e+00
-1.100200093129824808e+00
1.784785064876382554e+00
2.453692418218409443e+00
-6.479727704226612151e-02
9.695356418459756265e-01
7.688556562405717276e-01
-6.815029367418319328e-01
2.737442390606026343e-03
2.302910131388296033e-01
5.882014014907486210e-01
2.260211845811906928e-01
-7.899420631389557634e-01
-1.864066257088287104e-01
-2.159284465982189261e+00
-3.831152921441177028e+00
-1.339447763842682493e+00
-2.283979760288363359e+00
-2.664840624911787081e+00
1.858615954357514255e+00
1.202845493245606967e+00
3.115077480333938720e-02
3.488312624665915962e+00
1.562531077919437461e+00
-6.068408750494233006e-01
2.154258706514555755e+00
9.439638872449164220e-01
-2.294268959599907176e-01
2.123544974729171919e+00
1.314327780297900095e+00
1.002195611748784021e-01
2.316984606170779948e-01
-9.241699972940020658e-01
-1.468280339127016054e+00
-2.048491642576430127e+00
-1.528061670906332825e+00
3.317232581262874458e-01
-4.688819857470043484e-01
4.589820587385052830e-01
2.443507155680758824e+00
-6.405358642368947919e-01
-1.013446765061280619e+00
7.756067480942729908e-01
-2.744400221905331616e+00
-2.333783031971256694e+00
9.403860683234664952e-01
-1.457458238092250724e+00
-6.861393096267860425e-01
2.142785619535573449e+00
-4.557788312492242477e-01
-5.664186514577898013e-01
1.249350665760737833e+00
-1.581394571949360506e-01
4.902680609478358154e-01
2.151080034858663392e+00
2.279418028034843502e+00
2.637950977020677712e+00
1.868288092727253380e+00
1.446200143135440541e+00
4.810035940364893459e-01
-2.345307052737967801e+00
-1.658201674298940276e+00
-1.254626715654729718e+00
-3.553903089142667060e+00
-8.627358549322794445e-01
5.846074783384282991e-01
-2.365262553514714483e+00
-8.351184122308794033e-02
7.981059934186693905e-01
-2.651377391084962287e+00
-3.345051466897288606e-01
1.291892903991888275e+00
-8.314682625130547233e-01
1.516234730524946395e+00
2.729237417480163685e+00
6.034933643666379188e-01
9.205701012063517430e-01
4.629572749277380828e-01
-9.531636301178704196e-01
-1.000000000000000000e+00
-9.531636301176789061e-01
4.629572749274930010e-01
9.205701012065058420e-01
6.034933643667642622e-01
2.729237417479899008e+00
1.516234730525236163e+00
-8.314682625130116467e-01
1.291892903991615160e+00
-3.345051466893713688e-01
-2.651377391085030233e+00
7.981059934184031590e-01
-8.351184122271701482e-02
-2.365262553514872579e+00
5.846074783382234630e-01
-8.627358549319270598e-01
-3.553903089142883331e+00
-1.254626715654842073e+00
-1.658201674298662498e+00
-2.345307052738229370e+00
4.810035940364819629e-01
1.446200143135610627e+00
1.868288092726986704e+00
2.637950977020799836e+00
2.279418028034902122e+00
2.151080034858428469e+00
4.902680609480749574e-01
-1.581394571950027750e-01
1.249350665760639689e+00
-5.664186514574396369e-01
-4.557788312492858096e-01
2.142785619535404695e+00
-6.861393096267330849e-01
-1.457458238092269376e+00
9.403860683234893658e-01
-2.333783031971212285e+00
-2.744400221905537229e+00
7.756067480943699133e-01
-1.013446765061002175e+00
-6.405358642371703493e-01
2.443507155680740173e+00
4.589820587383657280e-01
-4.688819857471863140e-01
3.317232581265689983e-01
-1.528061670906432301e+00
-2.048491642576665051e+00
-1.468280339126818657e+00
-9.241699972940479180e-01
2.316984606168772665e-01
1.002195611750293369e-01
1.314327780297834591e+00
2.123544974729249191e+00
-2.294268959598466107e-01
9.439638872448582463e-01
2.154258706514442956e+00
-6.068408750492305659e-01
1.562531077919215861e+00
3.488312624666006112e+00
3.115077480336170268e-02
1.202845493245526365e+00
1.858615954357542233e+00
-2.664840624911872347e+00
-2.283979760288634253e+00
-1.339447763842331440e+00
-3.831152921441211223e+00
-2.159284465982608925e+00
-1.864066257084094347e-01
-7.899420631391150804e-01
2.260211845810151665e-01
5.882014014908970578e-01
2.302910131386635140e-01
2.737442390603583853e-03
-6.815029367416887141e-01
7.688556562402105721e-01
9.695356418463486614e-01
-6.479727704226445617e-02
2.453692418217825466e+00
1.784785064876642346e+00
-1.100200093129724666e+00
1.095337580304420300e+00
-5.760517856370217515e-03
-2.894508868468566476e+00
6.225113446314405330e-01
1.020251814969400206e+00
-8.064970411780212345e-01
2.626409906263286409e+00
2.471900292280329037e+00
-2.533918979242509861e-01
9.245355362490914608e-01
-1.504991082775844480e-01
-2.186483578620351587e+00
-1.417478664107448605e+00
-1.367738342634636339e+00
-1.173340639425259457e+00
-9.739826126030804998e-01
-1.122650953937262663e+00
-2.206128712446148166e-01
-1.632262809980257412e+00
-2.142500259473383295e+00
4.146409733187390589e-01
-6.909830056248327246e-01
-2.674599062114818571e-01
3.859636776159714344e+00
2.264989489211124862e+00
1.428942464007343371e+00
4.219685105993660201e+00
9.164091953641053667e-01
-1.181289049570733773e+00
1.152616276658281258e+00
-1.110935459387998314e+00
-1.913145691080058164e+00
8.345736127165510609e-01
-1.759922168852796620e-01
-7.469171394195965874e-01
2.035937432773509137e-01
-8.262641177009923954e-01
-1.256800113478196090e+00
-1.420068345420310019e+00
-8.989442349495628815e-01
3.854683529198720260e-01
-3.877368689492465825e-01
7.360466236127970463e-01
1.959847017378691936e+00
-1.164916788209302334e+00
-8.991278364402162104e-01
2.928932188134321102e-01
-3.197857974632186906e+00
-1.689339890348227291e+00
1.361344564745918362e+00
-9.415211330830097758e-01
1.047515831097021621e+00
3.730061495255508675e+00
7.644042863070774629e-01
1.169007380899773629e+00
2.392530253444205890e+00
-8.547975822666720180e-02
2.843022756795876571e-01
1.346825595454038460e+00
5.362635993147478741e-01
6.048817705850590976e-01
-7.566217057847185457e-03
-5.545910379408398594e-01
-1.537665747975191177e+00
-3.511831667782206789e+00
-2.259015509315554837e+00
-1.856573927142988412e+00
-3.081473772374064612e+00
4.677235729194282321e-01
1.572641772949014971e+00
-7.107859109396021946e-01
2.126627020880012875e+00
1.970973052340895482e+00
-1.622418933471955427e+00
8.260185874196345202e-01
1.182718827922492499e+00
-1.322517674845962388e+00
1.397582974439171899e+00
2.008220831638032777e+00
-1.702627788946828868e-01
8.638393422592103299e-01
4.412066747939820122e-01
-1.038809259717237143e+00
-6.553648272677513598e-01
-4.111884510161208928e-01
6.311573893570365801e-01
9.427143848869909970e-01
8.656571491036514354e-01
2.406938742385468899e+00
5.214785287845166151e-01
-1.514244883115638984e+00
1.136736658150176993e-01
-2.310913736919347095e+00
-3.886427101253823846e+00
-2.324713997529195275e-01
-1.430496252056824069e+00
-2.384490587262546146e+00
1.444558985640908233e+00
-1.122717514319407917e-01
-1.743460543270503482e+00
1.182519838141339985e+00
1.710835263164141029e-01
-4.393164044769239940e-01
2.389055001022185820e+00
2.420339620656067225e+00
2.219398217244752836e+00
2.740214602190663040e+00
1.719867858572635910e+00
7.912914530878163433e-01
-1.003493635470751766e+00
-1.582880653785645908e+00
-6.615753470587468765e-01
-2.211886711833958241e+00
-1.121992249604380820e+00
1.412552430236501788e+00
-1.070897774136177816e+00
-6.192908611233320926e-01
1.511753019729562109e+00
-2.074182285076092924e+00
-1.739622351743439266e+00
1.153609462918266271e+00
-1.427050983124457773e+00
-5.152164335269108220e-01
2.248307752783034186e+00
-3.063059764528743845e-01
-5.855943241574164126e-01
4.544472739141511841e-01
-1.615659312099404055e+00
-1.607078494160269821e+00
-4.716548822071965352e-01
8.431380158661150315e-02
1.340699457702777098e+00
1.687052799691034277e+00
2.823649802525042496e+00
2.906648804495580052e+00
4.704601212336797511e-01
1.272710828573661690e+00
1.068197298173311438e+00
-2.043913353191769922e+00
1.266157601402572164e-01
9.613561186881182108e-01
-2.320432486656171633e+00
-2.022670416749855482e-01
1.455247685894704990e-01
-3.792276348336836023e+00
-2.050621573525196695e+00
-1.096030021659423426e+00
-3.234569450146764780e+00
-5.138066626583885910e-01
1.415732462761534638e+00
6.253395827365623161e-01
1.981279568290158277e+00
2.097530330733621273e+00
1.001621102994653567e+00
3.826812826751968544e-01
-4.886692094074591708e-01
2.680768602612734197e-01
-1.702849750672286167e-02
-5.524082347981817964e-01
1.960940757643037768e+00
1.017875558568553718e+00
-8.905175065447570315e-01
1.605279987023768395e+00
-1.114831357511253396e-01
-2.351811818079185379e+00
1.248372507594385228e+00
5.526737783229401790e-01
-1.066670385229281814e+00
2.421756562455682271e+00
1.198277108576280003e+00
-1.473771182976526095e+00
-1.367794766338192858e-13
-1.665302248967738707e+00
-3.544588531143340049e+00
-2.052791608620176067e+00
-1.763531101699399972e+00
-1.163341844633406952e+00
9.319330590573660089e-04
6.034815022083769298e-01
1.582935096224552751e+00
4.729633895412744260e-01
3.642253587585140284e-01
2.109798562396167476e+00
2.883889159190097251e-01
7.747142824520262261e-01
3.775549105408146922e+00
1.166814615499203178e+00
6.949281962994716677e-01
2.823081346676630687e+00
-1.224687299130230889e+00
-2.507042403826713173e+00
-1.696942850915934553e-01
-2.776347349024503419e+00
-2.519991895664593251e+00
7.555719183173068565e-01
-3.616161234321261242e-01
-1.880490221807913920e-01
1.211449179848277158e+00
-1.804639186454291000e-01
-7.502692371404514615e-01
-8.791839154870312312e-01
-8.139684646177715033e-01
-1.335986884006410413e-01
-7.263323730861640515e-01
6.022912532302209243e-01
1.413195819175152357e+00
-1.160762063500544006e+00
-6.120236932221218007e-02
7.318464833720282892e-01
-2.369253441635848390e+00
2.458923997956280472e-02
2.396143305013799463e+00
-3.586785804346370732e-02
2.542734297308267166e+00
4.252273740534528557e+00
5.627493759088767478e-01
1.114586090373557603e+00
1.323550161350509402e+00
-2.066290888617996480e+00
-1.557093387667529694e+00
-7.537634098456866827e-01
-1.809016994375010068e+00
-1.094034787093837169e+00
-9.033202267786830664e-01
-1.031836166186386627e+00
-1.408475716506904396e+00
-2.344212969378266287e+00
-7.894068315367757105e-01
-5.793351387762029070e-01
-1.175893109721529939e+00
2.337110845221740174e+00
2.494275231072906607e+00
4.425031467137310326e-01
3.135979293831578918e+00
1.678051843365822027e+00
-1.868784586261099001e+00
6.822971541091640280e-01
3.788465714775104964e-03
-2.231142877007195935e+00
1.179255528095103145e+00
1.406936460205465700e+00
-3.742779158558414698e-01
1.456841294685027766e+00
8.054117033958315686e-01
-8.538185158557097809e-01
-2.943880871911688235e-01
-4.091139060721044052e-01
-6.925669019975821961e-02
3.276934874612047466e-02
1.331801250846464946e-02
1.023895405938157088e+00
-9.791863981141161188e-01
-2.244655370275629114e+00
-7.001893081270997854e-01
-3.117462420794497646e+00
-3.398692847900375291e+00
5.592325080718858477e-01
-6.810252009792561179e-01
-3.225970570535542370e-01
3.746419549719915310e+00
1.572427630103117036e+00
4.598481021633038512e-01
3.026634040175812501e+00
6.777488666132208683e-01
-2.293869776034972441e-01
2.103216492282780958e+00
1.003991188621155217e+00
5.347741507723678955e-01
1.192447972435409342e+00
-5.167511470480945501e-02
-9.664812565522624688e-01
-2.126627020879792163e+00
-2.233759958972600934e+00
-1.348647932110824676e+00
-2.258157250646697811e+00
-3.851799202533446320e-01
1.797686792543745415e+00
-4.696713507863903292e-01
6.524702549771047577e-01
1.939586984642208689e+00
-2.051457300882393753e+00
-1.218754995244095030e+00
7.945087715190419786e-01
-2.237156131602001885e+00
-4.756473940296258585e-01
2.088459019042592235e+00
-5.296554325447973000e-01
2.679805097364939548e-01
1.522786562313403147e+00
-7.235559979175411049e-01
-2.242536218395150271e-01
9.376181797382834304e-01
8.991435544332299079e-01
1.829294662067794119e+00
2.038461086651096377e+00
2.475046002564619485e+00
1.707106781186614741e+00
-7.696801237222685721e-01
-3.242814579738197978e-01
-1.395550813576717841e+00
-4.043781205131430134e+00
-1.346235063768605800e+00
-8.415061822901850341e-01
-3.040011544586215031e+00
3.399001450618475140e-01
5.671987164906837631e-01
-2.527059496785242665e+00
1.982581852515483689e-01
5.262875987749798812e-01
-1.675661046081697858e+00
1.363656851444944085e+00
2.389941645038615725e+00
1.015652565727426904e+00
2.425266554599895930e+00
1.982892327249483833e+00
2.931612826507050129e-01
-2.864653268798751373e-01
-1.076137977648084387e+00
-6.253165421638570143e-01
-7.895002264844083184e-01
-5.763874438554761337e-01
1.927050983124792172e+00
8.911580445817050000e-01
-1.821424494830753416e-01
2.085234702486596259e+00
-4.535140822904685232e-01
-2.277928503390980186e+00
8.771610730595559291e-01
-9.568980008127502268e-01
-2.123512326780311543e+00
1.446425491209272662e+00
-4.176883645975087433e-01
-2.265934990769448376e+00
-6.098327974974149246e-02
-1.858965302843214928e+00
-2.973193643396613961e+00
-6.231300790471564488e-01
-3.008911427654727966e-01
5.383003031285634732e-01
2.182542457722680407e+00
2.664773520817253161e+00
3.014580430071783557e+00
1.617328265529726750e+00
1.125198495530570053e+00
1.590878580721539759e+00
-9.036753164285959983e-01
-3.776662071226598583e-01
1.699751638690570665e+00
-1.134043567044856093e+00
-6.079506893364092779e-01
1.352849251206985626e+00
-2.576792582594113590e+00
-2.501817445314252097e+00
-1.134043242349805913e-01
-2.854948349281256181e+00
-1.585354517756375703e+00
1.652647219368068576e+00
4.181231101288673813e-02
6.636373317490631418e-01
1.945026966288020187e+00
-1.330392061332060782e-01
-7.754413286863534038e-01
-8.766440871386570466e-01
-1.188959084249230802e+00
-6.406025266628962989e-01
-6.482224603409487695e-01
1.020648746555527175e+00
1.737411816687157273e+00
-6.544790193485083840e-02
1.541091296389313969e+00
1.636338528433200157e+00
-1.314327780297567472e+00
1.219024441730212294e+00
2.253048768859164053e+00
-5.513438239792599616e-01
2.155972016786082079e+00
2.622765458205255751e+00
-1.407663993945440284e+00
-3.505754814894970206e-01
-7.541689896653341885e-01
-4.147851885021675677e+00
-2.675123198222209009e+00
-1.622267338171879736e+00
-2.287092304665286235e+00
-4.594950570102910303e-01
4.523267413329644659e-01
5.187171006376607441e-01
4.976410238653181661e-01
-8.468424364272131299e-02
9.344511363689410599e-01
4.334348773558939216e-01
-1.289261610298505500e-01
2.691235633778850111e+00
1.826832255152111006e+00
1.321429670441433002e-01
2.659195146417590472e+00
3.690669864821892743e-01
-2.471625674435085962e+00
4.144141578334750164e-01
-9.147893905037406403e-01
-2.409041583115812291e+00
1.581743767279268686e+00
1.235702743744618415e+00
-1.764902646917460016e-01
2.028668154228268516e+00
6.463128697670731393e-01
-1.321680879171625023e+00
-7.455070799739114129e-01
-1.409589289393423206e+00
-1.515269171559868067e+00
-1.151166891131874426e+00
-7.907892663868250072e-01
2.271711363173452014e-01
-1.151719121610332852e+00
-1.318308912762810037e+00
2.842308728670406293e-01
-1.867407273051554961e+00
-1.123404037606501760e+00
2.465400375573308267e+00
7.432770977598146533e-01
1.700617129831615282e+00
