5.000000000000000000e+00
1.315174710197607233e+00
7.674200419473287127e-01
1.502894988116726172e+00
-4.899126572372179966e-01
5.981236401256070367e-01
4.956819459781102166e-01
1.038356997027316098e+00
-1.586434155859120176e+00
-2.915502689296410210e+00
-5.450162776934663889e-02
-2.414109716769216707e+00
-4.339270857805562764e-01
1.684286121463206332e+00
-1.291239715432293211e+00
-8.597757897548345962e-01
-9.617726959463058778e-01
2.082690626102662590e-01
1.199628126285078311e-01
1.650476079953019370e-01
1.820141744258775507e+00
-2.600770200086286899e+00
-2.043789125254768635e+00
2.027270992861318621e-02
-2.021275892624714743e+00
2.439497351086111765e-01
2.033794074955299624e-01
-6.638776523736962254e-01
-1.347334001228216005e+00
-7.278433926572064339e-01
2.577245199684279342e+00
7.977308998639209836e-01
2.556959476913347018e+00
3.545704736441717131e+00
-5.035938835536827307e-01
1.401893069021634020e+00
1.946615961207414980e+00
1.552535259733586193e+00
1.520257698469004382e+00
2.694960107582281550e-01
2.194926892963755538e-01
-3.154693967174450275e+00
-1.334250269114256371e+00
8.023913948402930929e-01
-2.123093280214676248e+00
1.001082081693051018e-01
-7.187376831925591514e-01
-2.467955089366464794e+00
-9.558155435618388429e-01
-1.205374009616533293e-02
1.711130026965247186e+00
-4.473049909522376355e-01
1.720775451489686692e-01
2.968337716524204195e-01
-3.176145824112568850e+00
3.391624555235522864e-01
7.047414445604982536e-01
-1.119335609063262682e+00
-2.742598224808262541e-01
-1.594909467382343848e+00
-1.208197694835856595e+00
-1.611105081337643075e+00
1.114665713717099438e+00
2.670936089950707970e+00
-4.893519745149091937e-01
2.089594121963410434e+00
1.350804381865706949e+00
-3.907117292722306345e-02
3.202962484747606808e+00
2.779068169591814907e+00
2.227749943688563494e+00
2.035793848392067618e-01
1.300207450804524711e-02
8.408164449118660233e-02
-2.237960435209979337e+00
1.294892033479008164e+00
1.199364170742572150e-01
-2.891372374954500835e+00
-9.430154718161090077e-01
-2.249751811752148001e+00
-1.456969822942355997e+00
-2.026324591631276373e-01
8.696641744226630832e-01
7.067759736986468644e-01
-2.287021240925150245e+00
4.217036819949480098e-01
-1.789215922651384016e-01
-1.280209292637181751e+00
2.242203385287485418e+00
-1.747305111806507494e-01
-1.570543324474388047e+00
-1.555256390137536693e+00
-1.346432697385799848e+00
-1.827648703730783142e-01
-9.225001174558358219e-01
1.943598145572292157e+00
2.001380887933235653e-01
-1.856767289683731281e+00
2.029500143792217326e+00
9.892886379016486709e-01
1.927050983124858785e+00
3.541041381001838406e+00
2.070078422070044777e+00
1.152170199449299659e+00
-5.548161057649735328e-01
1.824163480052485520e+00
9.066049152364670238e-01
-6.590666985958110180e-01
1.764568648751406954e+00
-2.226170142110796668e+00
-3.068745652940913615e+00
-9.775670154760957020e-01
-1.411784066437002494e+00
-2.793482615206837050e-01
-8.922023716142991612e-01
6.528324145755132202e-02
-1.610214228353292754e+00
-2.288258121897073671e+00
2.050928978528812063e+00
3.974982118536651843e-02
1.973698908671045471e-01
1.400240493971152134e+00
-1.706494140531695791e+00
-1.385682733336438321e+00
-9.744205517138888606e-01
7.071067811865510144e-01
-5.751380387551630058e-02
-1.333004164138069214e+00
8.981405257092474059e-01
-2.188036131828341890e+00
-8.050661256501991936e-01
2.856850544288072058e+00
1.164923666097065436e+00
2.170874942648822969e+00
1.669887441716158438e+00
1.279713782470392136e+00
8.549613520708015946e-01
1.074903849898882768e+00
3.931908667811584213e+00
3.628260504189053659e-01
-3.129623536442935894e-01
5.690047280665255780e-01
-3.028466340518144673e+00
-1.145537652039982479e+00
-1.349454976784599247e-01
-6.800406744170611750e-01
-1.462774196369786228e+00
-2.497892479463154736e+00
-5.615313357688445084e-01
-2.351616270511276419e+00
-1.334464897900489722e-01
2.614278901349869066e+00
-1.094302270987672854e+00
-4.658739204423323343e-02
-1.461298359321503981e-01
-1.112344270017375569e+00
1.667473171787252628e-01
3.967954727363948164e-01
1.334468436816531600e+00
-2.000688121589250912e+00
-1.667298274591668239e+00
3.415254876231273995e-01
-2.079640304768082704e+00
1.380348899603899504e+00
2.170384323397187121e+00
1.531234245387641524e-02
7.043370694514747843e-01
5.963796970532802000e-01
2.302454921181927627e+00
1.541765574643766845e+00
2.825549953145862325e+00
3.402596568060273885e+00
-1.374451758100428300e+00
3.380322183400028546e-01
4.756574106814429603e-01
-1.294892033478991955e+00
5.907138101529582075e-01
-6.293152302345275118e-01
-1.548505719666675606e+00
-3.358955111848217268e+00
-2.095361244591543937e+00
9.554550443404719040e-02
-2.037091335616246113e+00
1.013732639995988727e+00
4.298797414007922146e-01
-2.526610146412200386e+00
7.576894097765063396e-02
1.835318450618772523e-01
8.911227729714886747e-01
6.121489558794510621e-01
4.104506688285153304e-01
3.781677906029301539e-02
-3.186177650246320603e+00
1.574295117596322680e-01
7.683103759243770092e-01
-1.170416331078432570e+00
1.509294585028789992e+00
-2.842206607506441163e-01
-9.159041038778334975e-01
2.515022156652868546e-01
1.809016994374978093e+00
3.243042024362761566e+00
9.729697164923323260e-01
2.798764561913237969e+00
1.327056846141124957e+00
-1.244231013804704578e+00
2.497090910497486327e+00
1.240417230128313619e+00
1.066361044448993489e-01
-1.105213772795660132e-01
-1.775293643675185162e+00
-2.006274788565549194e+00
-3.144364924832877328e+00
1.136230974169321895e-01
-2.469000070338119301e-01
-2.746890092949537010e+00
1.221431793330679527e-01
-1.939825027953634873e+00
-1.756877361398028858e+00
1.210111039405938893e+00
1.054452916740701962e+00
1.066133208296710766e+00
-8.830786260940441945e-01
2.404896997001264025e-01
-5.695219382306868638e-01
-1.658163297481690446e+00
2.450924643031669348e+00
-5.334846008701199516e-02
-1.437877133449489975e+00
2.903140262520309545e-02
-1.381435019393265851e+00
4.893240614390848009e-02
8.995975623661490728e-01
2.753283251104513774e+00
1.600495262198625257e+00
-4.852212341730756107e-01
2.667311337000339844e+00
6.784418564184346856e-01
1.142234884619352409e+00
3.797505857932590878e+00
6.975728773934497529e-01
-2.305258324928247671e-01
-1.263056887230203484e+00
-8.945006464053293360e-01
-1.048614596775335750e+00
-1.742246445760988971e+00
8.489644349423414171e-01
-2.738664083764417168e+00
-3.437658516912930562e+00
-4.430594459063494917e-01
-2.000000000000014211e+00
8.161891419065603337e-02
1.008067020196447006e+00
3.607223864112864553e-01
-6.318456097009080841e-01
-1.429377515680491761e+00
1.721941035668141717e+00
-5.142064982311381205e-02
3.316629767443864396e-01
2.221559808960492433e+00
-2.063768291272539024e+00
-1.393380459953296180e+00
-1.926612355116980313e-01
-5.657509210974004388e-02
8.841125262201232626e-01
4.227597653059901317e-01
1.734399756672318826e+00
-9.579532239504575664e-01
8.689692328228137974e-03
3.610876112457038989e+00
1.062302685885804454e+00
2.595445531813610707e+00
2.434150358067592279e+00
-3.449403327972505040e-01
-1.819654038706951527e-01
-2.439497351085583299e-01
1.349904715903820662e+00
-9.264786141829053356e-01
-1.424294190044502972e+00
-5.044641424875718760e-01
-4.532039877267147965e+00
-1.969415884415282036e+00
-4.586567757699944181e-03
-1.388252163771379610e+00
-1.466624771935115534e-01
-9.648770445728371836e-01
-5.643054887232240580e-01
-1.354198404726927318e+00
4.464455909168918435e-01
3.023690291755460890e+00
-5.953537051623437604e-01
6.886060721375230065e-01
4.429591544579176698e-01
-2.251540217270785682e+00
3.487854731539044018e-01
7.311456673855929456e-01
8.437041661282915772e-01
-5.642048398745461713e-01
-7.013975420115037274e-01
7.213745655022272274e-01
-1.427050983124821038e+00
2.307155448946074827e+00
3.441096164700339965e+00
3.116847133630081812e-01
1.946116583026046509e+00
8.049603501117966742e-01
5.562462012531994571e-01
1.122697596244430329e+00
1.583911854919274997e+00
1.698739374851103268e+00
-2.486421912421200364e+00
-1.225610186132363166e+00
-1.269204320288886967e+00
-3.512241178916038375e+00
1.407463679930389677e-01
-7.445970980354684743e-01
-2.188396374282739476e+00
-2.002539693581024238e+00
-1.740538681372772345e+00
3.806385646316479132e-02
-7.975207236557427803e-01
2.090349536350455839e+00
1.590603362685107047e+00
-1.992914946920514963e+00
9.442526501688978113e-01
1.193215288939869501e-01
-1.260268612766694551e-01
1.614077482418487364e+00
5.220500048863163656e-01
-1.648444712897024766e-01
-2.279169554353909444e+00
1.172349192323712680e-01
9.478829125812398004e-01
-5.548624873330694207e-01
3.100104274547553551e+00
9.232933419329101277e-01
-6.933515446786532310e-01
1.565977525545457327e+00
1.377184794789633182e+00
2.386564313450254993e+00
1.433773680211512858e+00
1.851934627689130641e+00
3.183281497312195896e-02
-2.886442465352434095e+00
6.836830632804783425e-01
-7.994753399367724445e-01
-1.833490431490515604e+00
-6.949159468646093352e-02
-2.764619079355361553e+00
-2.946174901372899502e+00
-2.484587498960028729e+00
-2.548454505605881604e-01
3.490435592492077133e-01
-1.189342316822080692e+00
1.561761544661040446e+00
-9.929096044975369573e-01
-1.476171276495389151e+00
2.363211190097461500e+00
9.129832674969189377e-01
1.156687973778506517e+00
5.562337132227943570e-01
-2.735502355174113109e-01
-8.807877906871042217e-01
-1.507249252763041003e+00
2.284958619642520894e+00
3.717327829913345538e-01
-6.711127221837973611e-01
1.655660859449544997e+00
-1.176811089413045242e+00
2.469154837828437810e-01
2.297519075341485362e+00
2.464341650217158008e+00
2.050980779556488720e+00
1.522096914726859263e-01
1.628086399162072428e+00
-7.071067811866083019e-01
-5.961520435725666811e-01
2.566477206001844369e+00
-1.242627164734021461e+00
-1.676546012359895421e+00
-1.689822840558387052e+00
-3.143515849256239392e+00
-2.039041555212920187e+00
-1.538277680201296960e+00
6.114395088209376716e-01
-1.716729806919333745e+00
-2.247717600098966706e+00
7.116936643848359445e-01
-1.639336810687488821e+00
8.882912005744967310e-01
2.825474293362413292e+00
5.004774402658084265e-01
3.509144242698344351e-01
-5.586068394617497157e-01
7.045118589373968732e-01
-1.512132011378813368e-01
4.558287574737368564e-01
2.535064596835868045e+00
-1.857590645550418751e+00
-9.345796599299396323e-01
6.909830056250294561e-01
-6.573926378786496549e-01
1.829421206550921664e+00
1.972846276414442102e+00
1.779482178629271383e+00
-3.177853561811622152e-02
7.206973699669150246e-02
2.672411862989115150e+00
-1.986855440394674766e-02
1.704009884037646305e+00
1.804067918854796115e+00
-2.553359289892614292e+00
-1.539747875309034342e+00
-1.666117132512010990e+00
-1.298111186453410060e+00
-1.360309366381803997e+00
-1.517420103073826132e+00
-7.482931834187276365e-01
-4.120002008185810638e+00
-1.456368034713072745e+00
9.105894241503498243e-01
-9.880002850185473084e-01
1.795417225030278008e+00
9.392626741959213543e-01
-4.695669664790351194e-01
-1.193215288940211449e-01
7.029939748880980055e-01
2.538148532663965451e+00
-5.509971752633591180e-02
1.065026190658687311e+00
6.651320245587257762e-01
-2.912677530489085953e+00
5.746675322413865583e-01
1.027878226512224380e+00
4.077122510163717073e-01
1.181613122484429512e+00
2.728366655442229227e-01
6.577732439034257306e-01
-7.365841663999322941e-01
2.224566311590502554e+00
3.284168938428545736e+00
-1.416466865290268995e-01
1.876525617808033619e+00
-1.607914989408366080e-01
-2.029298021738067614e+00
2.629352544300866956e-02
-2.792653439422998485e-01
-3.242978242648113518e-01
-2.697269605971501782e+00
-2.111352673659052215e+00
-2.093096038215412680e+00
-3.952362849768840558e+00
6.842433690810713065e-01
2.333953673277657237e-01
-1.452023329076781666e+00
4.129771382497336440e-01
-7.227831034367073748e-01
2.087315923021366704e-01
7.846550102115503744e-01
2.576609272316582988e+00
2.151154659541058223e+00
-1.286911513948075791e+00
1.177661635447007304e+00
-3.119599524236456034e-01
-1.135410465450339634e+00
2.309874068500743505e+00
5.281131814140997971e-01
-2.176275447166136079e-01
-7.954955477575007539e-01
-3.842605485443084667e-02
9.003417608421143692e-01
1.661743268480234681e-01
3.654706817366885296e+00
1.349866566856602557e+00
-9.837621851686515484e-01
1.658163297481685561e+00
-2.476833465361901743e-01
3.780160829554942703e-01
1.047515900636697417e+00
-2.370673435241832383e-02
-1.501009410751311002e+00
-3.824856126596189121e+00
-1.028250067322758365e+00
-2.003599089764401597e+00
-2.373122322924836602e+00
9.222372586219058643e-01
-2.260184147788187659e+00
-2.306152885771744820e+00
-5.156465633269848858e-01
9.984318789946655670e-03
1.420697041648382619e+00
9.244687128287311095e-01
2.517828066345014104e+00
-9.243570079885068957e-02
-1.169008384870826811e+00
2.573500321315893125e+00
2.727938319957334823e-01
8.750467092363872768e-01
1.662171454768972545e+00
-9.537341784820192458e-01
-1.000000000000000000e+00
-9.537341784820563273e-01
1.662171454768995194e+00
8.750467092363127808e-01
2.727938319957896596e-01
2.573500321315907780e+00
-1.169008384870872774e+00
-9.243570079878180024e-02
2.517828066344967031e+00
9.244687128287605304e-01
1.420697041648436576e+00
9.984318789973523067e-03
-5.156465633268947357e-01
-2.306152885771773242e+00
-2.260184147788075748e+00
9.222372586219559354e-01
-2.373122322924861916e+00
-2.003599089764311891e+00
-1.028250067322807659e+00
-3.824856126596209549e+00
-1.501009410751282580e+00
-2.370673435245818084e-02
1.047515900636699193e+00
3.780160829554252144e-01
-2.476833465361711895e-01
1.658163297481669129e+00
-9.837621851686941810e-01
1.349866566856708472e+00
3.654706817366811578e+00
1.661743268480405655e-01
9.003417608421764307e-01
-3.842605485445865776e-02
-7.954955477575403888e-01
-2.176275447166816646e-01
5.281131814142457914e-01
2.309874068500764821e+00
-1.135410465450438444e+00
-3.119599524232408161e-01
1.177661635446819455e+00
-1.286911513948070462e+00
2.151154659541441028e+00
2.576609272316320975e+00
7.846550102114586700e-01
2.087315923022523556e-01
-7.227831034366756224e-01
4.129771382498370613e-01
-1.452023329076799429e+00
2.333953673279297036e-01
6.842433690807887547e-01
-3.952362849768881414e+00
-2.093096038215252364e+00
-2.111352673659348422e+00
-2.697269605971280626e+00
-3.242978242647379661e-01
-2.792653439422758677e-01
2.629352544312391071e-02
-2.029298021738305202e+00
-1.607914989405851980e-01
1.876525617807731638e+00
-1.416466865290851862e-01
3.284168938428740692e+00
2.224566311590320922e+00
-7.365841663997887423e-01
6.577732439032000222e-01
2.728366655442806543e-01
1.181613122484185485e+00
4.077122510161859115e-01
1.027878226512110027e+00
5.746675322415089049e-01
-2.912677530489167221e+00
6.651320245586651581e-01
1.065026190658693528e+00
-5.509971752650799637e-02
2.538148532663883294e+00
7.029939748882335637e-01
-1.193215288940827623e-01
-4.695669664789294817e-01
9.392626741958637338e-01
1.795417225030422337e+00
-9.880002850183808860e-01
9.105894241504194353e-01
-1.456368034712968829e+00
-4.120002008185889686e+00
-7.482931834189932019e-01
-1.517420103073832571e+00
-1.360309366381966090e+00
-1.298111186453311916e+00
-1.666117132512145105e+00
-1.539747875309131597e+00
-2.553359289892798589e+00
1.804067918854477481e+00
1.704009884037823053e+00
-1.986855440393442418e-02
2.672411862989135578e+00
7.206973699671803679e-02
-3.177853561800841886e-02
1.779482178629383071e+00
1.972846276414528699e+00
1.829421206550930989e+00
-6.573926378785940328e-01
6.909830056249668395e-01
-9.345796599300291163e-01
-1.857590645550514008e+00
2.535064596835872930e+00
4.558287574737561743e-01
-1.512132011378255481e-01
7.045118589372196816e-01
-5.586068394618816102e-01
3.509144242698160054e-01
5.004774402657833354e-01
2.825474293362560285e+00
8.882912005746615991e-01
-1.639336810687453294e+00
7.116936643849218758e-01
-2.247717600099129687e+00
-1.716729806919256918e+00
6.114395088208353091e-01
-1.538277680201221687e+00
-2.039041555212973034e+00
-3.143515849256353079e+00
-1.689822840558397488e+00
-1.676546012360163207e+00
-1.242627164734182443e+00
2.566477206001823941e+00
-5.961520435728120404e-01
-7.071067811864073516e-01
1.628086399161987385e+00
1.522096914725343808e-01
2.050980779556527800e+00
2.464341650217217961e+00
2.297519075341593719e+00
2.469154837827717275e-01
-1.176811089412854505e+00
1.655660859449563205e+00
-6.711127221838631973e-01
3.717327829915175741e-01
2.284958619642527999e+00
-1.507249252763084080e+00
-8.807877906869803208e-01
-2.735502355175677969e-01
5.562337132227050951e-01
1.156687973778464107e+00
9.129832674969292627e-01
2.363211190097512127e+00
-1.476171276495228168e+00
-9.929096044974436985e-01
1.561761544660919210e+00
-1.189342316821982104e+00
3.490435592492763250e-01
-2.548454505606108644e-01
-2.484587498959691221e+00
-2.946174901372855537e+00
-2.764619079355281173e+00
-6.949159468647059246e-02
-1.833490431490707451e+00
-7.994753399369838309e-01
6.836830632804553609e-01
-2.886442465352556219e+00
3.183281497319090381e-02
1.851934627689001633e+00
1.433773680211427148e+00
2.386564313450069363e+00
1.377184794789692024e+00
1.565977525545335869e+00
-6.933515446789260128e-01
9.232933419333220204e-01
3.100104274547319072e+00
-5.548624873331834406e-01
9.478829125816021772e-01
1.172349192323280248e-01
-2.279169554353857041e+00
-1.648444712896174336e-01
5.220500048862923848e-01
1.614077482418489140e+00
-1.260268612767224961e-01
1.193215288942672814e-01
9.442526501686923091e-01
-1.992914946920555597e+00
1.590603362685316657e+00
2.090349536350121884e+00
-7.975207236558118362e-01
3.806385646326737593e-02
-1.740538681372853835e+00
-2.002539693580762226e+00
-2.188396374282789214e+00
-7.445970980352328850e-01
1.407463679929679135e-01
-3.512241178916029494e+00
-1.269204320288929821e+00
-1.225610186132220836e+00
-2.486421912421447278e+00
1.698739374851027772e+00
1.583911854919334949e+00
1.122697596244622176e+00
5.562462012533958555e-01
8.049603501117226223e-01
1.946116583026075375e+00
3.116847133629645494e-01
3.441096164700139237e+00
2.307155448946361265e+00
-1.427050983124721339e+00
7.213745655021758241e-01
-7.013975420114365589e-01
-5.642048398744852200e-01
8.437041661281439175e-01
7.311456673855722954e-01
3.487854731540734887e-01
-2.251540217270789679e+00
4.429591544579423168e-01
6.886060721377342819e-01
-5.953537051623973841e-01
3.023690291755354309e+00
4.464455909171926029e-01
-1.354198404727003924e+00
-5.643054887233293071e-01
-9.648770445727538059e-01
-1.466624771935323146e-01
-1.388252163771483971e+00
-4.586567757657103450e-03
-1.969415884415548934e+00
-4.532039877267201256e+00
-5.044641424875859759e-01
-1.424294190044761432e+00
-9.264786141830534394e-01
1.349904715903802899e+00
-2.439497351084906063e-01
-1.819654038707063659e-01
-3.449403327971332645e-01
2.434150358067703301e+00
2.595445531813484585e+00
1.062302685885920805e+00
3.610876112457071851e+00
8.689692328208931116e-03
-9.579532239502335234e-01
1.734399756672390325e+00
4.227597653059674832e-01
8.841125262201739998e-01
-5.657509210990691040e-02
-1.926612355117515996e-01
-1.393380459953265982e+00
-2.063768291272483957e+00
2.221559808960381854e+00
3.316629767443800558e-01
-5.142064982303570786e-02
1.721941035668093534e+00
-1.429377515680450461e+00
-6.318456097008564587e-01
3.607223864112930611e-01
1.008067020196649732e+00
8.161891419072453413e-02
-1.999999999999872102e+00
-4.430594459062374701e-01
-3.437658516912920348e+00
-2.738664083764393187e+00
8.489644349422672542e-01
-1.742246445761070017e+00
-1.048614596775384378e+00
-8.945006464054294781e-01
-1.263056887230267211e+00
-2.305258324928735059e-01
6.975728773934009030e-01
3.797505857932525153e+00
1.142234884619203195e+00
6.784418564184360179e-01
2.667311337000320748e+00
-4.852212341730693379e-01
1.600495262198821766e+00
2.753283251104456930e+00
8.995975623660984466e-01
4.893240614387317500e-02
-1.381435019393327579e+00
2.903140262522485582e-02
-1.437877133449733558e+00
-5.334846008684424046e-02
2.450924643031608507e+00
-1.658163297481852094e+00
-5.695219382305769518e-01
2.404896997000020020e-01
-8.830786260939818000e-01
1.066133208296702772e+00
1.054452916740717505e+00
1.210111039406043032e+00
-1.756877361398117676e+00
-1.939825027953379966e+00
1.221431793330021165e-01
-2.746890092949583639e+00
-2.469000070335763963e-01
1.136230974167332097e-01
-3.144364924832868002e+00
-2.006274788565436396e+00
-1.775293643675335709e+00
-1.105213772795660687e-01
1.066361044448246309e-01
1.240417230128360693e+00
2.497090910497276273e+00
-1.244231013804825592e+00
1.327056846141221991e+00
2.798764561912983950e+00
9.729697164924420161e-01
3.243042024362885023e+00
1.809016994374825549e+00
2.515022156653223262e-01
-9.159041038779560662e-01
-2.842206607505418647e-01
1.509294585028726932e+00
-1.170416331078536487e+00
7.683103759246190378e-01
1.574295117593511595e-01
-3.186177650246305060e+00
3.781677906037272940e-02
4.104506688282960614e-01
6.121489558794352970e-01
8.911227729713487866e-01
1.835318450619394248e-01
7.576894097764008684e-02
-2.526610146412238578e+00
4.298797414006850226e-01
1.013732639996108187e+00
-2.037091335616235899e+00
9.554550443407483495e-02
-2.095361244591203764e+00
-3.358955111848147546e+00
-1.548505719666742220e+00
-6.293152302346838312e-01
5.907138101529894048e-01
-1.294892033478936000e+00
4.756574106810541602e-01
3.380322183400336078e-01
-1.374451758100623699e+00
3.402596568060172189e+00
2.825549953145813475e+00
1.541765574643643610e+00
2.302454921181706027e+00
5.963796970533450370e-01
7.043370694514800023e-01
1.531234245372015135e-02
2.170384323397161364e+00
1.380348899604204815e+00
-2.079640304768074266e+00
3.415254876231734738e-01
-1.667298274591750396e+00
-2.000688121589309532e+00
1.334468436816630632e+00
3.967954727364912948e-01
1.667473171787000608e-01
-1.112344270017066261e+00
-1.461298359320358231e-01
-4.658739204425732527e-02
-1.094302270987821624e+00
2.614278901349909034e+00
-1.334464897899343971e-01
-2.351616270511007301e+00
-5.615313357688951346e-01
-2.497892479463236448e+00
-1.462774196369703628e+00
-6.800406744171109130e-01
-1.349454976786728100e-01
-1.145537652039912757e+00
-3.028466340518132238e+00
5.690047280662928753e-01
-3.129623536445134135e-01
3.628260504189431690e-01
3.931908667811378155e+00
1.074903849898887431e+00
8.549613520707897152e-01
1.279713782470114580e+00
1.669887441716180865e+00
2.170874942648854500e+00
1.164923666097017252e+00
2.856850544288180860e+00
-8.050661256501429053e-01
-2.188036131828186015e+00
8.981405257092771599e-01
-1.333004164138043235e+00
-5.751380387540938610e-02
7.071067811866542652e-01
-9.744205517135868799e-01
-1.385682733336471406e+00
-1.706494140531584769e+00
1.400240493971344424e+00
1.973698908671035757e-01
3.974982118536984910e-02
2.050928978528850699e+00
-2.288258121897127406e+00
-1.610214228352938814e+00
6.528324145740713180e-02
-8.922023716143289152e-01
-2.793482615207347752e-01
-1.411784066437011376e+00
-9.775670154762051700e-01
-3.068745652941152535e+00
-2.226170142110734496e+00
1.764568648751389190e+00
-6.590666985959184876e-01
9.066049152365149855e-01
1.824163480052170883e+00
-5.548161057649032557e-01
1.152170199449335186e+00
2.070078422070005253e+00
3.541041381001952093e+00
1.927050983124919181e+00
9.892886379017675758e-01
2.029500143792202227e+00
-1.856767289683730837e+00
2.001380887935946262e-01
1.943598145572301039e+00
-9.225001174560127915e-01
-1.827648703730238022e-01
-1.346432697385763877e+00
-1.555256390137390143e+00
-1.570543324474456659e+00
-1.747305111805166344e-01
2.242203385287560469e+00
-1.280209292637275675e+00
-1.789215922650648494e-01
4.217036819947171944e-01
-2.287021240925110721e+00
7.067759736988530328e-01
8.696641744225049875e-01
-2.026324591631843697e-01
-1.456969822942561610e+00
-2.249751811752062736e+00
-9.430154718161875005e-01
-2.891372374954677582e+00
1.199364170744153524e-01
1.294892033478932447e+00
-2.237960435209934484e+00
8.408164449124511108e-02
1.300207450808243959e-02
2.035793848394726879e-01
2.227749943688536405e+00
2.779068169591954351e+00
3.202962484747624572e+00
-3.907117292725859059e-02
1.350804381866205439e+00
2.089594121963282980e+00
-4.893519745149078615e-01
2.670936089951055248e+00
1.114665713717176265e+00
-1.611105081337495637e+00
-1.208197694835658531e+00
-1.594909467382337631e+00
-2.742598224808219243e-01
-1.119335609063256687e+00
7.047414445605409972e-01
3.391624555236921745e-01
-3.176145824112595939e+00
2.968337716523303804e-01
1.720775451490496599e-01
-4.473049909525252388e-01
1.711130026965231421e+00
-1.205374009609139208e-02
-9.558155435615989237e-01
-2.467955089366411503e+00
-7.187376831927758669e-01
1.001082081692639125e-01
-2.123093280214665146e+00
8.023913948400790419e-01
-1.334250269114271914e+00
-3.154693967174552860e+00
2.194926892963140475e-01
2.694960107580839370e-01
1.520257698468802321e+00
1.552535259733309081e+00
1.946615961207423862e+00
1.401893069021625582e+00
-5.035938835537753233e-01
3.545704736441606997e+00
2.556959476913654328e+00
7.977308998640606497e-01
2.577245199684417010e+00
-7.278433926570284651e-01
-1.347334001228105205e+00
-6.638776523736025226e-01
2.033794074957089304e-01
2.439497351086410415e-01
-2.021275892624564197e+00
2.027270992875129796e-02
-2.043789125254777073e+00
-2.600770200086456096e+00
1.820141744258658267e+00
1.650476079952893915e-01
1.199628126283492913e-01
2.082690626101427189e-01
-9.617726959463751557e-01
-8.597757897548906625e-01
-1.291239715432385804e+00
1.684286121463096642e+00
-4.339270857806503123e-01
-2.414109716769194058e+00
-5.450162776933265008e-02
-2.915502689296489258e+00
-1.586434155859188344e+00
1.038356997027481965e+00
4.956819459781983683e-01
5.981236401255761725e-01
-4.899126572375082644e-01
1.502894988116755925e+00
7.674200419472918533e-01
1.315174710197637653e+00
