5.000000000000000000e+00
1.240608842171828208e+00
6.113496805182820903e-01
8.127462256102085947e-01
1.345310608903698135e+00
1.390512330743665537e+00
-7.054797886000019336e-01
1.236833558314468284e+00
-2.082375529278782444e+00
-1.600422558116642913e+00
4.813560683613498092e-01
8.552731526628870595e-01
1.360593778930273556e-01
-2.649594967212644647e+00
1.248295579342623141e+00
7.573186915548294484e-01
6.186386638318766007e-01
9.141962429331407236e-01
-3.445106817210322747e-01
-2.939006170610772850e-01
-2.402858813156483198e+00
1.219153075707252398e+00
-3.395270464771131813e-01
-3.089505425137350159e+00
-2.819750804175226833e+00
-2.236655342863298035e+00
1.185557099428002914e-02
-2.632129548842509603e+00
-5.957422435002702743e-01
-9.736920719154953385e-01
-1.916905448966113035e+00
5.462862401759994713e-01
1.220017290721084890e+00
2.353180991977112058e+00
-1.726527563492588069e+00
5.200668769356198151e-02
1.822900609813082440e+00
5.112811902665873598e-01
7.011294568670417560e-01
-1.061896413762020597e+00
3.399704067548430242e-01
-1.940384869741238028e+00
1.913673134527072439e-01
2.140049841229612948e+00
-5.366639577577514419e-01
-3.588293530388794172e-01
-2.867289817695588550e-01
3.585381272224081872e+00
1.826662167754179666e+00
1.285400880467126861e+00
2.538841768587633663e+00
5.213906933274512490e-01
1.766790350355653905e+00
1.185043909979240695e+00
2.849928337380692067e+00
-6.255586119851854754e-01
-2.463490174394657117e+00
5.723361956251241667e-01
-2.346045695305544188e-01
8.538933220074496067e-02
-2.213936747476465960e+00
-4.169616469259090352e-01
-8.271237552096006862e-01
-1.287491729269235607e+00
2.119052988731319420e+00
2.404069357372953242e-01
-3.305852084023679360e-01
-1.909267551852835476e+00
1.100292332578711729e+00
1.472851752558282490e+00
-1.876539865279179153e+00
-7.355106742630233008e-01
-2.364541719217037041e+00
-1.418485502272059051e+00
-2.242121401359982613e+00
-6.506387425612165654e-01
-6.982497916700463048e-01
-4.192092003462080108e+00
-9.908917499890905756e-01
9.855424315152405690e-02
1.450438178446800119e+00
-6.030229112875983288e-01
-2.689942004914972484e-01
1.822500668698791459e+00
-2.604841714724820401e-01
2.295021516834215625e+00
1.490416074856061757e+00
7.410329660653462991e-01
-1.383725990341196921e+00
-6.219036609988982667e-01
2.734744682225225709e+00
-6.385174397316616401e-01
-3.912410247201812963e-01
-8.371265320784435637e-01
6.292176359427874566e-01
8.807335208722621989e-01
8.543646841684128246e-01
3.445087640109466776e+00
-1.456704852829575625e-01
7.721253423925350523e-01
2.118033988749929986e+00
3.365046298058114171e+00
1.795113889406496632e+00
-1.284485413542579835e+00
1.368330088648928466e+00
-5.854338821842395291e-01
-4.247357148455621623e-02
-2.057072160619612400e-01
-8.520453216867505120e-01
-1.748472147760639750e+00
-3.461514769397242564e+00
1.236659300266225614e+00
9.849763855429760628e-02
-1.027585308298686773e+00
-1.341956427580619060e+00
-4.113134629746886262e-01
1.327435203044344592e+00
-9.570122820090741778e-01
1.479097890777477664e+00
-7.058431648713768825e-01
-2.187507663047171480e+00
-1.280764934008166156e+00
-3.529896659774580669e-01
4.435844767932406452e-01
-4.042974859333729576e+00
-2.000000000000032419e+00
-1.229963126152457509e+00
-1.041466742353286179e+00
-1.313903438234945709e-01
-5.957629109301121328e-01
8.893579930993381621e-01
-1.774407358467357199e+00
1.598623395700681016e+00
3.188868289644017917e+00
1.289427085802423711e+00
3.969575443509153478e-01
-3.845720184316220314e-01
2.751513977988353954e+00
1.936838023872291537e-01
6.761132734895042296e-01
7.586681945778137592e-01
-1.299037691925451599e+00
-4.047335074344305950e-01
-1.030255931567874983e-01
3.081482540734505449e+00
-2.886797966622912104e-01
-7.698167764595063023e-01
1.709568563357514615e+00
1.779683359520955133e+00
2.719402563250267413e+00
6.367287359973006211e-01
2.332199023234836854e+00
-1.254653878187060312e-01
-4.267976768266943388e-01
2.125487235939673702e+00
2.235695361136346149e-01
-9.489389949693334270e-01
-3.617902097633118430e+00
-2.997498943284524486e-01
-4.675585806091112073e-01
-1.988028296959358343e+00
-5.338997683567134889e-01
-1.977907308310296930e+00
-7.579871316839850159e-01
-1.441361066981500683e+00
1.788753145718577908e+00
1.030906021847297627e+00
-2.327320218075902947e+00
-3.369684867822813068e-01
-1.808196785978990473e-01
1.154310509010282981e+00
-1.775646957024133776e+00
-1.262064717974515693e+00
-1.126254003819175509e+00
-3.228764722722429870e+00
-2.450704170619768529e-01
-4.592946020449119038e-01
-1.354026574815453410e-01
-2.743535922378154357e+00
-7.143804917115944564e-01
2.638232254817038935e+00
5.999265230697812257e-01
1.698030568131556173e+00
5.819333618151716347e-01
1.857940921809956958e+00
8.102715670470492793e-01
1.648320473618195781e+00
3.442339462713483567e+00
-8.736615673678412852e-01
-5.549098935733973725e-01
-2.571393948959697640e-01
1.949798625312284539e+00
3.117443814110065770e-01
-1.352772317089439902e+00
1.107036277392825063e+00
-7.646352925176176374e-01
1.226673508157289039e+00
1.665251478778385419e+00
2.425157906379939110e+00
5.158805141624456247e-01
-1.118033988749885133e+00
3.057366390029679692e+00
1.381749770934409316e+00
6.233404198799393781e-01
-1.244462076763757974e+00
-8.364545887172092353e-01
-7.005945643586948268e-01
-2.470782330797680615e+00
5.698771222836127581e-01
-2.028429122970123455e+00
-2.892674574511217678e+00
-2.501281347518045983e+00
-5.253761496634817840e-02
1.200729316405338087e+00
-2.339804675090813468e+00
3.362352246468636174e-03
-5.048742765992606518e-01
1.357749420981379518e-01
4.192468328918709242e-01
3.811131495381600010e-01
4.082276580720879400e-01
-3.569603223420525495e+00
-4.202163288033390343e-01
2.735700156284766593e-01
-5.775774881480393308e-01
-1.962517475970784409e+00
-2.297700800144069522e+00
7.068553739699746652e-01
-1.217369541866433202e+00
1.392094098745358721e+00
1.534647786729351093e+00
3.001961121811511646e-01
4.809204069021254524e-01
1.325479533076595828e+00
4.765556389443057483e+00
8.437166632478110273e-01
5.147632890422786378e-01
9.861918123051955920e-01
8.297092201081428531e-01
1.252784947144751637e+00
-2.909612217251468236e-01
1.538921044444740538e+00
-1.950264168557272360e+00
-1.181809981316558567e+00
1.496991331845488826e+00
1.342867922618339538e+00
7.508661924935893239e-01
-1.605374369729003714e+00
2.040540911784284539e+00
1.150991921400287499e+00
9.999999999999363842e-01
1.818165359370480516e+00
-1.282072960523410465e-01
-3.907771451441219845e-01
-2.125038095691150986e+00
1.439677545959792360e+00
-3.990780166205116775e-01
-3.262597321984381349e+00
-2.358607943027876797e+00
-2.189069035720904388e+00
-2.438981413534088150e-01
-2.372884480645906180e+00
-2.509731470565561562e-01
-9.803941369691432373e-01
-2.350699918460497528e+00
6.623685604288521711e-01
1.063280456015728959e+00
1.624840136839774463e+00
-2.219557716229363820e+00
-4.247386747876705781e-01
1.068520212855712526e+00
-6.738277877371057212e-01
1.871001793938498192e-01
-1.488982196719613071e+00
-6.147621078230580682e-01
-2.557629545369413115e+00
-3.267104297476824265e-02
2.043344572436964324e+00
-1.031058867272480750e+00
-3.158613188003045469e-01
6.611941138481403080e-03
3.310168929006222172e+00
1.735287763863065269e+00
1.499333264227582285e+00
2.794845085215932556e+00
1.127247435442654266e-01
1.639697121583675310e+00
1.546630177837156284e+00
2.753957906707109604e+00
-6.486156190047804859e-01
-2.167526071710658808e+00
1.172713757874914275e+00
-6.935929543687147092e-02
5.289722270607876142e-01
-1.075546766254715791e+00
2.773077345663658155e-01
-2.987648443398328579e-01
-5.733851144287687163e-01
3.167242206360627144e+00
7.158026255702008012e-01
-1.180339887499136653e-01
-1.232548039277113983e+00
1.282109022024685574e+00
1.336084279627460569e+00
-1.940264862775390675e+00
-4.276725118606007348e-01
-2.530800984578566393e+00
-1.958393161095988377e+00
-2.071979943201622820e+00
-5.792303660510855767e-01
-8.840986398951296010e-01
-4.407217078819717138e+00
-7.905546878814718736e-01
3.844161772073195760e-02
8.613602085284302046e-01
-6.271290540576666128e-01
-4.406852727925607005e-01
1.160530785154647582e+00
-1.168468183456568665e+00
1.815298963499406337e+00
9.886216461482119078e-01
-4.156923431358373056e-01
-2.046978440287628320e+00
-1.101905056716441011e+00
2.100541096990572676e+00
-1.312466098773146239e+00
-4.910928547271986577e-01
-6.477949421077842107e-01
1.874399387085883273e-01
9.026124182511956473e-01
1.275308762938258678e+00
3.718470860504575093e+00
-2.083035124555886464e-01
9.358859751066725963e-01
2.623753279104910074e+00
3.182604457517612673e+00
1.823413259951858878e+00
-8.857167989996874713e-01
1.628143081539821679e+00
-6.629779549887259149e-01
1.383782656681814549e-01
6.814000246399605221e-01
-4.782451356134902465e-01
-1.340473891806477136e+00
-2.617982465100837430e+00
2.121900305637722361e+00
6.693810836560424304e-01
-5.004775940782727472e-01
-2.682506203052911209e-01
-1.660822208812029466e-02
1.363271264002829941e+00
-6.301142438224313080e-01
1.810739553682480629e+00
-8.391577568645184337e-01
-2.700787758060900767e+00
-1.191184336515426212e+00
-5.978099123307485385e-01
-1.074452851958508370e-01
-4.222438473716230156e+00
-1.993715323929681871e+00
-1.475647406369974712e+00
-1.652483969787002405e+00
-4.150227756807622903e-03
-5.863176710898130306e-01
3.488374244461742713e-01
-2.201435311901127179e+00
1.335430914114471568e+00
2.768101379967465636e+00
2.941637467682979290e-01
-7.841878299985449718e-02
-8.560289966286114272e-01
1.739161715243660034e+00
-6.075513789604685133e-01
3.173149955797512911e-01
5.799806323908920369e-01
-1.999999999999995559e+00
-5.452649725447172857e-01
2.108354691315700302e-01
3.069741611964672767e+00
-1.640601079559798614e-01
-3.288592994769563571e-01
2.333752042082287037e+00
1.744967429783557122e+00
2.967238174788901617e+00
1.347686956406100478e+00
2.535984698339097676e+00
-1.194256812579486959e-01
-2.373250095773016266e-01
2.717378959087948687e+00
2.977354485991834387e-01
-7.606911625705281566e-01
-2.828055307322985268e+00
1.794803194875786434e-01
-1.052840440638687369e-01
-1.393274009648607592e+00
5.780679597451343632e-01
-1.434956695990412534e+00
-5.091512497017586236e-01
-6.761294285642079904e-01
2.253406927109518954e+00
1.118033988749853158e+00
-2.418380244032344528e+00
-9.728479216144358954e-02
-4.632904167413947061e-01
4.213872533398239084e-01
-1.912575381128755581e+00
-1.494807863528756497e+00
-1.689528266582389193e+00
-3.939299800475967395e+00
-3.358074425456576417e-01
-6.159359082583654166e-01
-7.759513350657061270e-01
-2.864145727575330813e+00
-8.192422294003367522e-01
2.241748278282919671e+00
-6.185233731273653834e-02
1.523523540194389181e+00
3.614307849370819170e-01
8.637992511333996148e-01
1.662288511144781600e-01
1.230343171618671239e+00
2.914938149734318973e+00
-1.695358772131325464e+00
-9.043405392482757321e-01
-2.469945625281521062e-01
1.444243235896015998e+00
2.857468900402646006e-01
-9.106299539953681688e-01
1.553831424476401324e+00
-6.958693826959301276e-01
1.629061121729688866e+00
2.599876057984202404e+00
2.723400442609723360e+00
8.411318196273732672e-01
-5.624499562693089372e-01
3.562043787116109250e+00
1.433993718575108378e+00
7.837383731306805101e-01
-4.856877138366718083e-01
-6.836387701341675172e-01
-6.304184535749471907e-01
-1.980178075808115778e+00
1.320511716577017491e+00
-1.614425877303324430e+00
-2.600698415531113472e+00
-1.561508741052348048e+00
4.251159090435711052e-01
1.414844989021763588e+00
-1.907634108295294562e+00
5.104048481614587018e-01
-5.388417685875074303e-01
-3.934679644191708681e-01
4.948273435880446436e-01
1.255387237108451792e-01
-3.105019512394163739e-01
-4.192424414824792223e+00
-7.880518333619591642e-01
-2.477727888968414560e-01
-1.484382350966170661e+00
-2.121598434837527858e+00
-2.484296543290836379e+00
9.757683417604989806e-02
-1.680636554589486353e+00
1.338995260178137192e+00
1.471939663103890572e+00
-4.372525261599713442e-01
1.970401931225839176e-01
1.120246656834810173e+00
4.110478900624925380e+00
1.949433689358963662e-01
1.884378682603295996e-01
7.885363570325820692e-01
-7.504512887316017178e-03
9.518862463457316014e-01
-7.094293937865481237e-02
1.520734386703759933e+00
-1.975527832452947496e+00
-8.377751261590796750e-01
2.293022265701478712e+00
1.599811755146111292e+00
1.286920869188594718e+00
-6.294818676031306293e-01
2.604610129526807150e+00
1.435221070500422025e+00
1.421804961647748611e+00
2.675781228528775202e+00
2.961699750732249559e-02
-3.616128803958178484e-01
-1.615081439967231303e+00
1.761943083662147913e+00
-2.666901730966288464e-01
-3.049409609974842006e+00
-1.575947921526936302e+00
-1.909278718043791123e+00
-1.675162623683703611e-01
-1.690019833268650906e+00
3.302875319443390190e-01
-7.944049339401318965e-01
-2.453951495401989646e+00
1.028456202697680677e+00
1.000000000000000000e+00
1.028456202697623834e+00
-2.453951495401807126e+00
-7.944049339403990162e-01
3.302875319447116653e-01
-1.690019833268709082e+00
-1.675162623683758012e-01
-1.909278718043770695e+00
-1.575947921527015350e+00
-3.049409609974578661e+00
-2.666901730969573059e-01
1.761943083662333986e+00
-1.615081439967356536e+00
-3.616128803959273164e-01
2.961699750738422399e-02
2.675781228528650857e+00
1.421804961648009513e+00
1.435221070500080520e+00
2.604610129526971019e+00
-6.294818676030609073e-01
1.286920869188586058e+00
1.599811755146266945e+00
2.293022265701304185e+00
-8.377751261587825793e-01
-1.975527832453207733e+00
1.520734386703887386e+00
-7.094293937856321897e-02
9.518862463455596279e-01
-7.504512887261838294e-03
7.885363570323060678e-01
1.884378682606219768e-01
1.949433689356817601e-01
4.110478900624913834e+00
1.120246656834689825e+00
1.970401931224702308e-01
-4.372525261600105906e-01
1.471939663103906115e+00
1.338995260178394320e+00
-1.680636554589600040e+00
9.757683417595031106e-02
-2.484296543290816839e+00
-2.121598434837613567e+00
-1.484382350966032327e+00
-2.477727888969550873e-01
-7.880518333619154214e-01
-4.192424414824872159e+00
-3.105019512393133452e-01
1.255387237109667486e-01
4.948273435879791404e-01
-3.934679644189527092e-01
-5.388417685875966923e-01
5.104048481615313104e-01
-1.907634108295120923e+00
1.414844989021586397e+00
4.251159090435795429e-01
-1.561508741052489713e+00
-2.600698415531030427e+00
-1.614425877303296009e+00
1.320511716577044581e+00
-1.980178075808143090e+00
-6.304184535750858576e-01
-6.836387701339716738e-01
-4.856877138365882085e-01
7.837383731307681067e-01
1.433993718574631204e+00
3.562043787116093263e+00
-5.624499562688858312e-01
8.411318196269812475e-01
2.723400442610105721e+00
2.599876057983966593e+00
1.629061121730078776e+00
-6.958693826960458129e-01
1.553831424476313838e+00
-9.106299539948176092e-01
2.857468900397729383e-01
1.444243235896153221e+00
-2.469945625283510582e-01
-9.043405392480021732e-01
-1.695358772131537073e+00
2.914938149734104922e+00
1.230343171619227682e+00
1.662288511139793368e-01
8.637992511336261003e-01
3.614307849369953196e-01
1.523523540194586134e+00
-6.185233731271488899e-02
2.241748278282622131e+00
-8.192422293998555816e-01
-2.864145727575706957e+00
-7.759513350655287134e-01
-6.159359082585253997e-01
-3.358074425455621626e-01
-3.939299800475805746e+00
-1.689528266583063765e+00
-1.494807863528493375e+00
-1.912575381128893470e+00
4.213872533399571907e-01
-4.632904167415937691e-01
-9.728479216134044982e-02
-2.418380244032172222e+00
1.118033988749576935e+00
2.253406927109773417e+00
-6.761294285644043889e-01
-5.091512497017385286e-01
-1.434956695990385667e+00
5.780679597451574558e-01
-1.393274009648314493e+00
-1.052840440641689135e-01
1.794803194878028529e-01
-2.828055307323176226e+00
-7.606911625705085056e-01
2.977354485993112254e-01
2.717378959087803914e+00
-2.373250095770400026e-01
-1.194256812582240868e-01
2.535984698339237120e+00
1.347686956406165315e+00
2.967238174788878080e+00
1.744967429783547130e+00
2.333752042082158251e+00
-3.288592994765637267e-01
-1.640601079563368536e-01
3.069741611964911687e+00
2.108354691316267626e-01
-5.452649725448763807e-01
-1.999999999999900524e+00
5.799806323907654715e-01
3.173149955800673716e-01
-6.075513789607649429e-01
1.739161715243699780e+00
-8.560289966285827834e-01
-7.841878299989624157e-02
2.941637467685647156e-01
2.768101379967069953e+00
1.335430914114486001e+00
-2.201435311901255965e+00
3.488374244460809015e-01
-5.863176710896378374e-01
-4.150227756765878517e-03
-1.652483969786868068e+00
-1.475647406370273806e+00
-1.993715323929195815e+00
-4.222438473716260354e+00
-1.074452851959076805e-01
-5.978099123306032103e-01
-1.191184336515742626e+00
-2.700787758060859467e+00
-8.391577568646935159e-01
1.810739553682659375e+00
-6.301142438224182074e-01
1.363271264002667404e+00
-1.660822208795220689e-02
-2.682506203054892957e-01
-5.004775940779141452e-01
6.693810836558093946e-01
2.121900305637818285e+00
-2.617982465100813894e+00
-1.340473891806395645e+00
-4.782451356133515796e-01
6.814000246400720995e-01
1.383782656682388534e-01
-6.629779549889367463e-01
1.628143081539819903e+00
-8.857167989996570512e-01
1.823413259951788046e+00
3.182604457517824503e+00
2.623753279104706237e+00
9.358859751066720412e-01
-2.083035124555578932e-01
3.718470860504669240e+00
1.275308762938175633e+00
9.026124182511630067e-01
1.874399387085899371e-01
-6.477949421079096659e-01
-4.910928547270535516e-01
-1.312466098772950840e+00
2.100541096990507395e+00
-1.101905056716367515e+00
-2.046978440287712697e+00
-4.156923431356800425e-01
9.886216461481154294e-01
1.815298963499383689e+00
-1.168468183456722098e+00
1.160530785154631372e+00
-4.406852727923814550e-01
-6.271290540577293404e-01
8.613602085285301246e-01
3.844161772065413096e-02
-7.905546878812954592e-01
-4.407217078819575917e+00
-8.840986398955205106e-01
-5.792303660506112895e-01
-2.071979943201763152e+00
-1.958393161095658197e+00
-2.530800984578874591e+00
-4.276725118606238274e-01
-1.940264862775279209e+00
1.336084279626768678e+00
1.282109022025224032e+00
-1.232548039277293395e+00
-1.180339887498955687e-01
7.158026255700015161e-01
3.167242206360689760e+00
-5.733851144283433898e-01
-2.987648443403038145e-01
2.773077345668871763e-01
-1.075546766254910747e+00
5.289722270608606669e-01
-6.935929543685592780e-02
1.172713757874762397e+00
-2.167526071710095259e+00
-6.486156190053038451e-01
2.753957906707229952e+00
1.546630177836905151e+00
1.639697121583693296e+00
1.127247435440782430e-01
2.794845085215642566e+00
1.499333264228161600e+00
1.735287763862447097e+00
3.310168929006254146e+00
6.611941138498389492e-03
-3.158613188002711292e-01
-1.031058867272299562e+00
2.043344572436899931e+00
-3.267104297452618628e-02
-2.557629545369673352e+00
-6.147621078228456826e-01
-1.488982196719579543e+00
1.871001793938881219e-01
-6.738277877370439928e-01
1.068520212855273765e+00
-4.247386747876124025e-01
-2.219557716229562327e+00
1.624840136839815097e+00
1.063280456015785580e+00
6.623685604289530904e-01
-2.350699918460233739e+00
-9.803941369694096908e-01
-2.509731470559452005e-01
-2.372884480645936378e+00
-2.438981413534657694e-01
-2.189069035720835998e+00
-2.358607943028135701e+00
-3.262597321984213039e+00
-3.990780166208461877e-01
1.439677545959961336e+00
-2.125038095691214934e+00
-3.907771451442610955e-01
-1.282072960523021887e-01
1.818165359370260470e+00
1.000000000000077716e+00
1.150991921399850515e+00
2.040540911784398226e+00
-1.605374369728918893e+00
7.508661924936520515e-01
1.342867922618526055e+00
1.496991331845307860e+00
-1.181809981316154001e+00
-1.950264168557506173e+00
1.538921044444862218e+00
-2.909612217250413524e-01
1.252784947144428340e+00
8.297092201082476581e-01
9.861918123049272511e-01
5.147632890426276919e-01
8.437166632476602590e-01
4.765556389443020180e+00
1.325479533076576288e+00
4.809204069019900052e-01
3.001961121813372380e-01
1.534647786729430363e+00
1.392094098745708219e+00
-1.217369541866371030e+00
7.068553739698805183e-01
-2.297700800143930078e+00
-1.962517475970771308e+00
-5.775774881479757150e-01
2.735700156282274698e-01
-4.202163288033066157e-01
-3.569603223420659610e+00
4.082276580721728720e-01
3.811131495382372725e-01
4.192468328916537645e-01
1.357749420981558264e-01
-5.048742765995388737e-01
3.362352246558231172e-03
-2.339804675090695785e+00
1.200729316405057201e+00
-5.253761496635989126e-02
-2.501281347518008680e+00
-2.892674574511044927e+00
-2.028429122970137222e+00
5.698771222838252548e-01
-2.470782330797679283e+00
-7.005945643591092731e-01
-8.364545887168690630e-01
-1.244462076763747982e+00
6.233404198799474827e-01
1.381749770934476818e+00
3.057366390029619296e+00
-1.118033988749933094e+00
5.158805141624198676e-01
2.425157906380341455e+00
1.665251478778115413e+00
1.226673508157164694e+00
-7.646352925177415383e-01
1.107036277392841273e+00
-1.352772317089247833e+00
3.117443814109780442e-01
1.949798625312403555e+00
-2.571393948962025222e-01
-5.549098935733626226e-01
-8.736615673678420624e-01
3.442339462713153608e+00
1.648320473618791304e+00
8.102715670464258890e-01
1.857940921810392831e+00
5.819333618152348064e-01
1.698030568131675855e+00
5.999265230697763407e-01
2.638232254816742284e+00
-7.143804917109076724e-01
-2.743535922378591341e+00
-1.354026574812249306e-01
-4.592946020449834021e-01
-2.450704170617055144e-01
-3.228764722722351710e+00
-1.126254003819638472e+00
-1.262064717974110906e+00
-1.775646957024396233e+00
1.154310509010201713e+00
-1.808196785979430121e-01
-3.369684867823236063e-01
-2.327320218075791036e+00
1.030906021846960119e+00
1.788753145718979365e+00
-1.441361066981634353e+00
-7.579871316839885687e-01
-1.977907308310191681e+00
-5.338997683568564856e-01
-1.988028296958884056e+00
-4.675585806093238150e-01
-2.997498943282664863e-01
-3.617902097633084679e+00
-9.489389949694033710e-01
2.235695361136207371e-01
2.125487235939361952e+00
-4.267976768262535803e-01
-1.254653878194977590e-01
2.332199023234913682e+00
6.367287359974409533e-01
2.719402563250238103e+00
1.779683359521004871e+00
1.709568563357370286e+00
-7.698167764589822770e-01
-2.886797966628031897e-01
3.081482540734822084e+00
-1.030255931566247396e-01
-4.047335074345196348e-01
-1.299037691925339910e+00
7.586681945776456715e-01
6.761132734898173124e-01
1.936838023868993064e-01
2.751513977988342408e+00
-3.845720184315594148e-01
3.969575443509143486e-01
1.289427085802321793e+00
3.188868289643837173e+00
1.598623395700997873e+00
-1.774407358467523288e+00
8.893579930993688043e-01
-5.957629109296989078e-01
-1.313903438237461474e-01
-1.041466742353257757e+00
-1.229963126152543662e+00
-1.999999999999813038e+00
-4.042974859333836157e+00
4.435844767931703680e-01
-3.529896659772550072e-01
-1.280764934008686184e+00
-2.187507663047266515e+00
-7.058431648714844631e-01
1.479097890777487212e+00
-9.570122820090677385e-01
1.327435203044353473e+00
-4.113134629744711335e-01
-1.341956427580760502e+00
-1.027585308298216260e+00
9.849763855432469573e-02
1.236659300266290451e+00
-3.461514769397320279e+00
-1.748472147760861795e+00
-8.520453216865393475e-01
-2.057072160622390178e-01
-4.247357148431174512e-02
-5.854338821845247454e-01
1.368330088648919585e+00
-1.284485413542530541e+00
1.795113889406437790e+00
3.365046298058172791e+00
2.118033988749541852e+00
7.721253423927415538e-01
-1.456704852829453500e-01
3.445087640109452565e+00
8.543646841685195170e-01
8.807335208722402164e-01
6.292176359427547050e-01
-8.371265320786146491e-01
-3.912410247199324953e-01
-6.385174397316719652e-01
2.734744682225091594e+00
-6.219036609985938435e-01
-1.383725990341232670e+00
7.410329660653927064e-01
1.490416074856074857e+00
2.295021516834172104e+00
-2.604841714726155999e-01
1.822500668698498139e+00
-2.689942004911580198e-01
-6.030229112879511577e-01
1.450438178446876281e+00
9.855424315151839476e-02
-9.908917499890723679e-01
-4.192092003461974414e+00
-6.982497916701031482e-01
-6.506387425609897468e-01
-2.242121401360357424e+00
-1.418485502272101240e+00
-2.364541719217017945e+00
-7.355106742630205252e-01
-1.876539865279162278e+00
1.472851752558234084e+00
1.100292332578771459e+00
-1.909267551853127909e+00
-3.305852084021492221e-01
2.404069357374574167e-01
2.119052988731384701e+00
-1.287491729269240714e+00
-8.271237552101881052e-01
-4.169616469252813706e-01
-2.213936747476698663e+00
8.538933220063071872e-02
-2.346045695306366863e-01
5.723361956250775373e-01
-2.463490174394291188e+00
-6.255586119857147187e-01
2.849928337381027799e+00
1.185043909979170973e+00
1.766790350355540218e+00
5.213906933273131372e-01
2.538841768587529746e+00
1.285400880467433948e+00
1.826662167753712485e+00
3.585381272224389626e+00
-2.867289817694389509e-01
-3.588293530389167207e-01
-5.366639577574332520e-01
2.140049841229578309e+00
1.913673134529177422e-01
-1.940384869741441420e+00
3.399704067548111608e-01
-1.061896413762056124e+00
7.011294568668581251e-01
5.112811902668776831e-01
1.822900609812474704e+00
5.200668769385818901e-02
-1.726527563492719963e+00
2.353180991977139147e+00
1.220017290721335801e+00
5.462862401759525088e-01
-1.916905448965788850e+00
-9.736920719159612991e-01
-5.957422434996351157e-01
-2.632129548842523370e+00
1.185557099417211546e-02
-2.236655342863206997e+00
-2.819750804175465309e+00
-3.089505425136982453e+00
-3.395270464777594976e-01
1.219153075707585909e+00
-2.402858813156553364e+00
-2.939006170611794255e-01
-3.445106817209263594e-01
9.141962429331733642e-01
6.186386638321529352e-01
7.573186915543632658e-01
1.248295579342740380e+00
-2.649594967212559826e+00
1.360593778926518782e-01
8.552731526629857584e-01
4.813560683613349878e-01
-1.600422558116457505e+00
-2.082375529279021364e+00
1.236833558314637926e+00
-7.054797885998544960e-01
1.390512330743248093e+00
1.345310608904029648e+00
8.127462256101393168e-01
6.113496805184235328e-01
1.240608842171729176e+00
