5.000000000000000000e+00
1.029367179721633274e+00
3.872044015509955583e-01
7.200577914543688784e-01
2.308042835630904843e+00
9.503510167693265398e-01
-1.972538696542237791e+00
6.929592557425874322e-01
-3.054805099102777532e-01
1.202258961186235542e+00
-8.778525229247474693e-02
1.297456298734302349e+00
1.121286683507902726e+00
7.989202277502545080e-01
3.446332488009471007e+00
9.457064339346390458e-01
7.091050629700801355e-01
-8.398665094603503523e-01
2.259621882228793677e+00
4.829405176882404227e-01
-2.668569966151448369e+00
-1.094085451835120182e+00
9.434847623929698557e-02
1.602942496743326117e+00
-2.467594890523383988e+00
6.506725926634382429e-02
1.392643225597934853e+00
1.532589450487178651e+00
5.155796179944538427e-01
-5.911300077333612180e-01
1.451056516295157195e+00
-1.197864120984786229e+00
2.742742528549471093e-01
-1.421448340083447448e+00
-1.763320465990446673e+00
-2.249188771297570888e+00
-1.199423182749553174e+00
8.503914239420201637e-01
-2.782129441596023156e+00
-9.668661995867543490e-01
1.489202604678729891e-01
2.325972072331895291e+00
-9.971981799392983792e-01
-2.089320592670000476e+00
1.042199857703619781e+00
-1.934605402334577118e-01
-9.901432112422922094e-01
-3.952474890412705388e+00
-8.134662008387189003e-01
-1.534096695140040101e+00
-1.999999999999991118e+00
-1.383365303045454908e+00
-1.752218021863294339e+00
9.373711610573920439e-02
-1.083315158328705730e+00
1.745008308479171433e+00
-7.684827665162738963e-01
-1.169627739681491585e+00
-1.268813481592490078e-01
3.803630018141660463e-01
-5.425415887551690020e-01
-4.472561195843521631e+00
-6.961475724578746194e-01
-4.919942154183771788e-01
-8.065993046325390381e-01
-3.025882577658964401e+00
-9.237440541177075470e-01
2.126514490942159163e+00
-3.219869650813577122e-01
5.083697773806595821e-01
-4.510565162951558627e-01
1.820944173106705311e+00
-1.450796393440573206e-01
-1.073506088036594031e-01
-7.266044926185794006e-02
-2.103909027853979818e+00
-2.904587246133141232e-01
-7.569152120268550776e-01
8.731372718021520596e-01
-2.245786480696978504e+00
-6.540196656641955597e-02
2.633118624000189811e+00
1.690001467310452199e+00
5.223910815620330661e-01
-5.015760960255692957e-01
3.940045842532867049e+00
1.174417297587833531e+00
-2.306211080354041432e-01
-8.845885742030878962e-01
7.473735302455591922e-01
1.087785252292515326e+00
-1.571297877385670727e+00
8.045760503144875342e-01
-2.257032326527178556e-01
1.759510294237165651e+00
1.289435484744125171e+00
2.378895746974678538e+00
1.706832617071760705e+00
3.154084745809807577e-01
3.474562852057395013e+00
1.618033988749881580e+00
7.703666034283722652e-01
-1.835750795321362538e+00
1.491238173900035102e+00
1.761515942235941434e+00
-1.388620274309790847e+00
-6.838667592626369585e-01
4.551574425381964550e-01
3.555537086270142311e+00
-2.272484073845648656e-02
1.087785252292451599e+00
1.905702847423248247e+00
2.181195435483817668e+00
1.762716167299121617e+00
-1.150929935909570379e-01
1.356861543868349340e+00
-1.443874600888866766e+00
5.261302563697274337e-01
-8.541503754828699835e-02
-6.335097534226377114e-01
-1.465830985122400509e+00
-4.838186877148062393e-01
3.097915380054882206e+00
-3.522667497207274678e-01
-8.470677885974109422e-02
2.928932188134392156e-01
3.181418320565397639e+00
6.198901746138126834e-01
-2.194853399309836028e+00
9.961989797414771974e-02
-4.510565162951299945e-01
-9.703191002574906854e-02
-3.272013695163908942e+00
-8.993410879681199566e-01
-9.692084135196439298e-01
-9.003702974849009388e-01
3.282748756476828733e-01
-7.145418522156722352e-01
4.541741953908935425e-01
-1.102288937546500147e+00
2.061630354462676618e+00
-1.919131951712118589e-01
-2.112814821001575361e+00
-1.706498547115887554e+00
-5.337096039523667734e-01
-3.391667301785405986e-02
-4.691069951656055892e+00
-1.939466319086283308e+00
-6.915161710051157540e-01
2.689553315211287154e-01
-1.999999999999942046e+00
-1.566649505382618157e+00
1.606480762219514524e+00
-3.190734318180983298e-01
3.839104645722596354e-01
-1.562778918714068599e+00
-1.258602919657177965e-01
-1.679220648109412295e+00
-1.360865936982925017e+00
-6.745993438573731904e-01
-3.293246397003885217e+00
-1.664656089787639015e+00
-1.313959058674348146e+00
1.444082667060604619e+00
-1.841748260642294799e+00
-1.337985782054620154e+00
1.691411911555080083e+00
1.632160366636504101e+00
3.516167338885094473e-01
-2.549117592188162362e+00
1.451056516295159859e+00
7.480535469924620706e-02
-1.034413218619410380e+00
-2.198057450589183226e+00
-1.117018011241610598e+00
4.858750391041279926e-01
-1.430399348272400672e+00
1.062887562907593564e+00
-3.797138332596663446e-01
1.115363783870303882e+00
1.128149327882327357e+00
2.352793978672341524e+00
1.515414756434956489e+00
-1.406996017484820172e+00
1.668769407848145203e+00
1.030201188893424602e+00
6.298294219795484983e-01
-2.846223482281458050e+00
-8.323760780085290301e-02
2.157863072167250262e+00
-8.778525229244527051e-02
-3.530310793920743428e-03
1.568663125890817911e-01
3.996893328693354785e+00
1.320255638760273964e+00
1.537155037706014804e+00
1.547382932393991162e+00
1.314218604030580106e+00
1.632416135030712034e+00
-7.864929633446482438e-02
1.381966011250088666e+00
-1.749934490237118556e+00
3.029265910166585307e-01
1.180973910364767843e+00
1.165821229097655287e+00
-1.179744451566907548e-01
-1.898344276342057713e-01
4.417688367564559293e+00
1.857053734536389333e+00
9.535404599157325523e-01
-8.778525229248523853e-02
2.873749960348489285e+00
1.811521112351635932e+00
-1.614273295082650606e+00
-1.671317668117058286e-01
-5.662945068862977882e-01
1.086396904294469001e+00
-1.404685080363758276e+00
4.181470122446312443e-01
3.339066128102193831e-01
2.626365955829693122e-01
2.204319767015915144e+00
9.952746550671949244e-01
1.312974066108177684e+00
-1.303237652545249148e+00
1.967180291856622798e+00
8.941132705810919123e-01
-1.748597928432052306e+00
-2.301243071525935324e+00
-9.890315529928790372e-01
1.451056516295157195e+00
-2.923276411851894352e+00
-1.471600053023132126e+00
-2.379212261785820237e-01
1.663313392167983018e+00
-2.434694940169787603e-02
-1.140357444274465726e+00
1.306540663403899849e+00
-6.030211081449149413e-01
4.182867171807649331e-01
-1.683779623546362014e+00
-1.028285484547008188e+00
-2.588240322595554588e+00
-2.011025054671514489e+00
1.923750214514075019e-02
-2.662215020715525959e+00
-1.845804620779395222e+00
-1.575662260809795212e+00
2.262030557979769263e+00
-5.454591929076005874e-01
-2.000000000000014211e+00
2.488365883619224339e-01
8.040933031369207340e-01
3.060992770986912248e-01
-3.841858077635964541e+00
-8.802019723388178063e-01
-1.255610477352207655e+00
-1.453042842593025741e+00
-2.337573855466953177e+00
-2.046368316047665115e+00
-6.574563479648032338e-02
-1.533546806696713727e+00
1.361553393312397553e+00
-3.476204851452207034e-01
-6.870385431643388774e-02
-3.372158794823412742e-01
1.165933617838255776e+00
9.878928811273948174e-01
-3.224213413110883053e+00
-9.321524826456988322e-01
-4.510565162951589713e-01
5.111905862680510282e-01
-3.152801654656134822e+00
-1.685776410275805492e+00
1.630362375950531240e+00
5.529667294835599600e-01
5.563153192311615092e-01
-6.860390546232967290e-01
2.804928759999310461e+00
8.816960363686237034e-01
8.806705843329484251e-01
5.221232394471402305e-01
-5.453603359588397037e-01
1.756249443876811700e-01
-8.507694179628637610e-01
1.409082174304003399e+00
-1.855787617815674029e+00
-4.901065393784285185e-01
1.436758483180147650e+00
2.437463477555361635e+00
1.087785252292541971e+00
-7.679435940922546555e-01
3.841283137165228734e+00
2.497100996210726009e+00
1.351192057917458111e+00
-1.025955444635754610e+00
1.291402268156246924e+00
1.858449750855452942e+00
-1.066167620840747343e+00
8.557476113082085334e-02
-6.180339887499201046e-01
1.756859955033572618e+00
2.633219231732991661e-01
1.991694444521079133e+00
1.672963971452699816e+00
6.291740382268913301e-01
2.861282124311884001e+00
2.076305957339453556e+00
2.141095715218111373e+00
-1.725014364801773059e+00
1.087785252292411631e+00
1.721576589374227417e+00
-4.580002369723265576e-01
-1.722056726577227082e+00
-1.058826429024528615e+00
3.005577870083707026e+00
-2.683969144090557757e-01
1.733140072665257936e-01
5.519074082314734397e-01
2.541010605309465653e+00
1.746183316632196725e+00
-2.072599467769895010e-01
1.429940271672357044e+00
-9.361255578237961394e-01
4.291536235041002456e-01
-9.283385232690763988e-01
-3.807689058721521747e-01
-2.135235932432907102e+00
-1.885971801749569465e+00
1.575027493960192038e+00
-4.510565162951636342e-01
-5.579936629819873817e-01
-1.400996626199176642e+00
2.857974473942489269e+00
1.194032137225372603e+00
-1.650854712135167324e+00
-7.700946706843646572e-01
-2.100784814884749663e-01
6.506154427830166398e-01
-3.616489613665198277e+00
-1.675212408254001639e+00
-1.692682175358112717e+00
-1.110199469854174614e+00
-1.121238436031043451e+00
-1.400708271463194432e+00
2.192341296627410285e-01
-1.612142992284271603e+00
1.562688106090219353e+00
1.485435073768006653e-01
-7.723537241130356001e-01
-1.999999999999952704e+00
-5.253404497485957281e-01
7.664210838378318069e-01
-3.821227856994597438e+00
-2.695016494799610030e+00
-1.815929721394731633e+00
7.411383755451016464e-01
-2.264480759194212212e+00
-2.363481288130357516e+00
8.261696363294435130e-01
4.435963657127791615e-01
8.495445863310243650e-01
-1.510400306066578047e+00
9.396192963334212278e-01
-7.433787143101323602e-01
-5.875013674045193035e-01
-4.718286391898804943e-01
-2.125155195274028852e+00
-1.519400335076112274e+00
-2.088155839232007871e+00
1.451056516295046173e+00
-1.400602241286668104e+00
-1.343294816179761986e+00
5.570686564574970356e-01
2.445169215196040025e+00
1.707106781186672695e+00
-1.944259750636233797e+00
1.646746371010647580e+00
1.288261275122854821e+00
8.388050429324860335e-01
-2.083864973872374460e+00
-8.217263800596312784e-01
8.780923106552900315e-01
-1.054179768381595661e+00
4.932917213683579161e-01
-6.185151373219708315e-01
1.573562857413093763e+00
6.385494115948812111e-01
2.555958064655257544e+00
2.341989330216372789e+00
-8.778525229236888716e-02
1.698759213269485535e+00
1.571307683641135489e+00
2.375744813892213703e+00
-2.224893244814177606e+00
-4.806392748306499429e-01
1.635934903177266531e+00
8.137623334095448469e-01
-4.666565834639404553e-01
-1.065142647939667286e+00
3.618033988749948637e+00
1.639053600689493795e+00
1.684502686438396513e+00
1.029356776581168864e+00
2.253314707916170612e+00
2.197416484223154054e+00
2.184838086854842265e-01
1.694884138701261644e+00
-1.179653352314402159e+00
1.501861766221327388e-01
-8.778525229245748296e-02
1.183660013038456027e+00
-5.098259450314917007e-01
-1.354787863739733478e+00
2.863073148591849026e+00
1.964669161342624149e+00
1.435590226231735489e+00
-1.057918943189314787e+00
2.653508815513848873e+00
2.444901997363290391e+00
-6.834359553163069645e-01
-9.231627500496004668e-01
-9.365168331299790205e-01
1.242097908704659748e+00
-2.150011696389760640e+00
-6.896954654808309382e-01
-8.089095546311044771e-01
-1.701721269599097974e-01
7.064789437861873633e-01
3.207220338457166253e-01
1.451056516295160748e+00
-1.482754151825514510e+00
1.430626395006361573e+00
9.007003836363023375e-01
-4.263642797879365620e-01
-2.713013647578549126e+00
-1.878252894590624944e+00
1.162166933130720503e+00
-2.660722073915265717e+00
-2.520727671966021877e+00
-2.160575577505079448e+00
1.398445833314910569e+00
-3.775478152878875560e-01
-1.727609951759980778e+00
5.063652129810786162e-01
-3.700473989761321469e-02
9.127382985278433836e-01
-1.788024421802785202e+00
-2.942807670204847792e-01
-2.177661084315110962e+00
-2.000000000000057732e+00
-7.398009138705079479e-01
-2.271403455681503036e+00
-2.070713352504218285e+00
-2.986196668098847429e+00
1.588552508143255881e+00
-2.326481217938238810e-01
-1.531338380591599435e+00
-7.465317128106225830e-01
1.307889240831271227e+00
1.766954249217769446e+00
-2.918699723464300622e+00
-8.175549401386456028e-01
-8.037697246071358048e-01
-1.277695927914404006e-01
-2.562057701378079422e+00
-2.260700240320050902e+00
-1.956342327774046597e-01
-1.478339107232716332e+00
7.932598082212765078e-01
-4.510565162951420404e-01
9.090921315275413139e-01
-3.359789651356551166e-01
1.595410968643215632e+00
2.128892330967377067e+00
-1.349146303106767419e+00
-6.080419187468814046e-01
-3.960706239882612056e-01
1.904002581171326591e+00
-2.416709182482319918e+00
-2.050535977401765741e+00
6.711571443252438707e-01
1.296114534025273546e+00
7.404435152911649221e-01
-1.228061259287274165e+00
2.921083115124845087e+00
1.757676637005490150e+00
1.923086983454395771e+00
7.465240543364388692e-01
8.611698159412745079e-01
1.087785252292648330e+00
-5.192250928216682881e-01
1.678748892718680885e+00
-1.227628115611254289e+00
-4.315122109907184589e-01
4.237001729018380347e-02
2.433623874689509137e+00
1.397533631945101051e+00
-9.818898103063826710e-01
2.864876431089602438e+00
3.000000000000000000e+00
2.864876431089735664e+00
-9.818898103063572469e-01
1.397533631944927635e+00
2.433623874689641475e+00
4.237001729026584895e-02
-4.315122109907577608e-01
-1.227628115611360649e+00
1.678748892718771035e+00
-5.192250928215943473e-01
1.087785252292465588e+00
8.611698159412928266e-01
7.465240543364959347e-01
1.923086983454424193e+00
1.757676637005335607e+00
2.921083115124920138e+00
-1.228061259287123175e+00
7.404435152910675555e-01
1.296114534025236464e+00
6.711571443253109281e-01
-2.050535977401617416e+00
-2.416709182482494889e+00
1.904002581171289510e+00
-3.960706239881351953e-01
-6.080419187468864006e-01
-1.349146303106882439e+00
2.128892330967316227e+00
1.595410968643401262e+00
-3.359789651357448226e-01
9.090921315274748116e-01
-4.510565162950752605e-01
7.932598082213861979e-01
-1.478339107232889749e+00
-1.956342327775580925e-01
-2.260700240320201893e+00
-2.562057701377804975e+00
-1.277695927915974972e-01
-8.037697246070237833e-01
-8.175549401386413839e-01
-2.918699723464247331e+00
1.766954249217714601e+00
1.307889240831076050e+00
-7.465317128105251054e-01
-1.531338380591569459e+00
-2.326481217936184898e-01
1.588552508143295849e+00
-2.986196668098824780e+00
-2.070713352504230720e+00
-2.271403455681544337e+00
-7.398009138702550391e-01
-2.000000000000054623e+00
-2.177661084314957751e+00
-2.942807670205571657e-01
-1.788024421802593578e+00
9.127382985278490457e-01
-3.700473989770092231e-02
5.063652129811820890e-01
-1.727609951759926821e+00
-3.775478152876773352e-01
1.398445833314684528e+00
-2.160575577505090994e+00
-2.520727671966034311e+00
-2.660722073915176011e+00
1.162166933130671431e+00
-1.878252894590159983e+00
-2.713013647578666809e+00
-4.263642797879104718e-01
9.007003836360383264e-01
1.430626395006485030e+00
-1.482754151825532940e+00
1.451056516295030185e+00
3.207220338460222697e-01
7.064789437859784194e-01
-1.701721269596227493e-01
-8.089095546313747054e-01
-6.896954654807503360e-01
-2.150011696389979576e+00
1.242097908704513642e+00
-9.365168331297069049e-01
-9.231627500497450178e-01
-6.834359553163652512e-01
2.444901997362872059e+00
2.653508815514109109e+00
-1.057918943189421368e+00
1.435590226231581834e+00
1.964669161342503356e+00
2.863073148591849915e+00
-1.354787863739546516e+00
-5.098259450319249098e-01
1.183660013038755343e+00
-8.778525229257405638e-02
1.501861766223300254e-01
-1.179653352314536718e+00
1.694884138701124421e+00
2.184838086855859229e-01
2.197416484222983080e+00
2.253314707916163062e+00
1.029356776581238364e+00
1.684502686438466679e+00
1.639053600689346579e+00
3.618033988749976615e+00
-1.065142647939485210e+00
-4.666565834640102883e-01
8.137623334094719052e-01
1.635934903177283850e+00
-4.806392748303922602e-01
-2.224893244814322379e+00
2.375744813892040952e+00
1.571307683641242514e+00
1.698759213269561474e+00
-8.778525229245282002e-02
2.341989330216261322e+00
2.555958064655452500e+00
6.385494115948396887e-01
1.573562857413016491e+00
-6.185151373218851223e-01
4.932917213684693269e-01
-1.054179768381684035e+00
8.780923106551482560e-01
-8.217263800593876955e-01
-2.083864973872368243e+00
8.388050429322816415e-01
1.288261275122771110e+00
1.646746371010888499e+00
-1.944259750636203155e+00
1.707106781186372269e+00
2.445169215196015600e+00
5.570686564577104205e-01
-1.343294816179732454e+00
-1.400602241286990290e+00
1.451056516295148091e+00
-2.088155839231814692e+00
-1.519400335076235953e+00
-2.125155195274224695e+00
-4.718286391899453314e-01
-5.875013674044003986e-01
-7.433787143103619544e-01
9.396192963334344395e-01
-1.510400306066444598e+00
8.495445863309117884e-01
4.435963657126976711e-01
8.261696363294285250e-01
-2.363481288130176772e+00
-2.264480759194311688e+00
7.411383755450642319e-01
-1.815929721394431651e+00
-2.695016494799526985e+00
-3.821227856994828809e+00
7.664210838376120938e-01
-5.253404497483065150e-01
-1.999999999999901412e+00
-7.723537241131348541e-01
1.485435073767776837e-01
1.562688106090508455e+00
-1.612142992284367304e+00
2.192341296625832658e-01
-1.400708271463048771e+00
-1.121238436030719487e+00
-1.110199469854304510e+00
-1.692682175358166230e+00
-1.675212408254066254e+00
-3.616489613665051728e+00
6.506154427830430631e-01
-2.100784814885807705e-01
-7.700946706842394240e-01
-1.650854712135112479e+00
1.194032137225495616e+00
2.857974473942381355e+00
-1.400996626199176198e+00
-5.579936629821038441e-01
-4.510565162951030160e-01
1.575027493960348135e+00
-1.885971801749814603e+00
-2.135235932433038109e+00
-3.807689058722784625e-01
-9.283385232688056155e-01
4.291536235040672720e-01
-9.361255578239660036e-01
1.429940271672407670e+00
-2.072599467769442594e-01
1.746183316632248683e+00
2.541010605309101944e+00
5.519074082314135987e-01
1.733140072665878550e-01
-2.683969144089581871e-01
3.005577870083645742e+00
-1.058826429024646520e+00
-1.722056726577166685e+00
-4.580002369724922029e-01
1.721576589373922550e+00
1.087785252292856608e+00
-1.725014364801984001e+00
2.141095715217828932e+00
2.076305957339424690e+00
2.861282124311890218e+00
6.291740382270083476e-01
1.672963971452313237e+00
1.991694444521340035e+00
2.633219231731802612e-01
1.756859955033657217e+00
-6.180339887498527141e-01
8.557476113080464408e-02
-1.066167620840802188e+00
1.858449750855057037e+00
1.291402268156563338e+00
-1.025955444635846536e+00
1.351192057917361522e+00
2.497100996210546597e+00
3.841283137165512507e+00
-7.679435940920533721e-01
1.087785252292245541e+00
2.437463477555552593e+00
1.436758483180309742e+00
-4.901065393780915658e-01
-1.855787617815985335e+00
1.409082174304032709e+00
-8.507694179626275055e-01
1.756249443875875782e-01
-5.453603359587968491e-01
5.221232394471047034e-01
8.806705843331423811e-01
8.816960363684831492e-01
2.804928759999225640e+00
-6.860390546232063569e-01
5.563153192312767503e-01
5.529667294836254632e-01
1.630362375950597187e+00
-1.685776410275751980e+00
-3.152801654656247177e+00
5.111905862678891577e-01
-4.510565162950993523e-01
-9.321524826456553114e-01
-3.224213413110977200e+00
9.878928811272660315e-01
1.165933617838345704e+00
-3.372158794824253736e-01
-6.870385431657166642e-02
-3.476204851453149614e-01
1.361553393312568749e+00
-1.533546806696661768e+00
-6.574563479676576172e-02
-2.046368316047650460e+00
-2.337573855466954065e+00
-1.453042842593025963e+00
-1.255610477352424592e+00
-8.802019723386719230e-01
-3.841858077635831759e+00
3.060992770986052935e-01
8.040933031368909800e-01
2.488365883618436081e-01
-1.999999999999957367e+00
-5.454591929079463108e-01
2.262030557979761269e+00
-1.575662260809748361e+00
-1.845804620779460503e+00
-2.662215020715446023e+00
1.923750214527086833e-02
-2.011025054671370160e+00
-2.588240322596004006e+00
-1.028285484547117434e+00
-1.683779623546254989e+00
4.182867171807816975e-01
-6.030211081451085642e-01
1.306540663404006430e+00
-1.140357444274165077e+00
-2.434694940194914725e-02
1.663313392167690141e+00
-2.379212261784962035e-01
-1.471600053022979360e+00
-2.923276411851950307e+00
1.451056516295138987e+00
-9.890315529929112337e-01
-2.301243071526076545e+00
-1.748597928432269466e+00
8.941132705810990178e-01
1.967180291856767349e+00
-1.303237652545317982e+00
1.312974066108151927e+00
9.952746550673150505e-01
2.204319767016154508e+00
2.626365955829051413e-01
3.339066128102105568e-01
4.181470122449627014e-01
-1.404685080363589300e+00
1.086396904294319343e+00
-5.662945068862872411e-01
-1.671317668114837840e-01
-1.614273295082779835e+00
1.811521112351466289e+00
2.873749960348604304e+00
-8.778525229225897508e-02
9.535404599156793726e-01
1.857053734536192824e+00
4.417688367564649887e+00
-1.898344276342341930e-01
-1.179744451567446006e-01
1.165821229097818934e+00
1.180973910364980339e+00
3.029265910166655251e-01
-1.749934490237277762e+00
1.381966011250171711e+00
-7.864929633438810797e-02
1.632416135030606119e+00
1.314218604030229498e+00
1.547382932394216093e+00
1.537155037706133154e+00
1.320255638760212236e+00
3.996893328693219338e+00
1.568663125891730514e-01
-3.530310793894542165e-03
-8.778525229280104147e-02
2.157863072167379048e+00
-8.323760780092676059e-02
-2.846223482281570405e+00
6.298294219793492132e-01
1.030201188893446362e+00
1.668769407848253561e+00
-1.406996017484776873e+00
1.515414756434495080e+00
2.352793978672412134e+00
1.128149327882297603e+00
1.115363783870297665e+00
-3.797138332598647414e-01
1.062887562907799399e+00
-1.430399348272322069e+00
4.858750391037556793e-01
-1.117018011241400099e+00
-2.198057450589096629e+00
-1.034413218619220753e+00
7.480535469915172708e-02
1.451056516295295307e+00
-2.549117592187994941e+00
3.516167338881936999e-01
1.632160366636421944e+00
1.691411911555035674e+00
-1.337985782054321504e+00
-1.841748260642353863e+00
1.444082667060541780e+00
-1.313959058674272651e+00
-1.664656089787789561e+00
-3.293246397003962489e+00
-6.745993438574733325e-01
-1.360865936982607494e+00
-1.679220648109403857e+00
-1.258602919655738006e-01
-1.562778918713993104e+00
3.839104645723343534e-01
-3.190734318182510965e-01
1.606480762219448355e+00
-1.566649505382148977e+00
-2.000000000000085265e+00
2.689553315210647666e-01
-6.915161710052626365e-01
-1.939466319086091239e+00
-4.691069951656126058e+00
-3.391667301818124258e-02
-5.337096039520216051e-01
-1.706498547115814501e+00
-2.112814821001538057e+00
-1.919131951715888906e-01
2.061630354462640202e+00
-1.102288937546419323e+00
4.541741953908906559e-01
-7.145418522154662888e-01
3.282748756478185426e-01
-9.003702974848417639e-01
-9.692084135198775208e-01
-8.993410879681118519e-01
-3.272013695164019076e+00
-9.703191002581823543e-02
-4.510565162952507867e-01
9.961989797430315097e-02
-2.194853399309729447e+00
6.198901746133602675e-01
3.181418320565361224e+00
2.928932188134870662e-01
-8.470677885969513099e-02
-3.522667497209104326e-01
3.097915380054875989e+00
-4.838186877145329023e-01
-1.465830985122609897e+00
-6.335097534227802640e-01
-8.541503754825718886e-02
5.261302563699079560e-01
-1.443874600888828130e+00
1.356861543868330022e+00
-1.150929935909565938e-01
1.762716167299377856e+00
2.181195435483710199e+00
1.905702847423204505e+00
1.087785252292633675e+00
-2.272484073853220377e-02
3.555537086270126323e+00
4.551574425382463041e-01
-6.838667592625292668e-01
-1.388620274309942504e+00
1.761515942235796439e+00
1.491238173900433672e+00
-1.835750795321188900e+00
7.703666034282949937e-01
1.618033988749961516e+00
3.474562852057604623e+00
3.154084745809491164e-01
1.706832617071586844e+00
2.378895746974579062e+00
1.289435484744382965e+00
1.759510294237083272e+00
-2.257032326528756183e-01
8.045760503145148457e-01
-1.571297877385680941e+00
1.087785252292385429e+00
7.473735302452179097e-01
-8.845885742029848675e-01
-2.306211080353367526e-01
1.174417297587723175e+00
3.940045842532912790e+00
-5.015760960257091838e-01
5.223910815619695613e-01
1.690001467310318084e+00
2.633118624000332808e+00
-6.540196656641344974e-02
-2.245786480697209875e+00
8.731372718022170076e-01
-7.569152120266892103e-01
-2.904587246134091583e-01
-2.103909027854243163e+00
-7.266044926176418173e-02
-1.073506088035164896e-01
-1.450796393438233967e-01
1.820944173106413988e+00
-4.510565162951758467e-01
5.083697773807724918e-01
-3.219869650814572992e-01
2.126514490942172042e+00
-9.237440541178207898e-01
-3.025882577658620676e+00
-8.065993046325684590e-01
-4.919942154183933880e-01
-6.961475724576638990e-01
-4.472561195843537618e+00
-5.425415887556934713e-01
3.803630018142641900e-01
-1.268813481591932468e-01
-1.169627739681265322e+00
-7.684827665164047916e-01
1.745008308479470305e+00
-1.083315158328602479e+00
9.373711610544555040e-02
-1.752218021863213737e+00
-1.383365303045455130e+00
-1.999999999999641620e+00
-1.534096695140331867e+00
-8.134662008385377119e-01
-3.952474890412561059e+00
-9.901432112425353482e-01
-1.934605402336904145e-01
1.042199857703534072e+00
-2.089320592669493770e+00
-9.971981799394910029e-01
2.325972072331848661e+00
1.489202604679842334e-01
-9.668661995865517333e-01
-2.782129441596148389e+00
8.503914239419333443e-01
-1.199423182749062455e+00
-2.249188771297601086e+00
-1.763320465990444452e+00
-1.421448340083674822e+00
2.742742528550529135e-01
-1.197864120985032921e+00
1.451056516294991106e+00
-5.911300077329324498e-01
5.155796179943714641e-01
1.532589450487074290e+00
1.392643225597609336e+00
6.506725926660938963e-02
-2.467594890523446605e+00
1.602942496743021472e+00
9.434847623940101347e-02
-1.094085451834787337e+00
-2.668569966151379091e+00
4.829405176877313854e-01
2.259621882228872725e+00
-8.398665094602281167e-01
7.091050629700093033e-01
9.457064339344094517e-01
3.446332488009625550e+00
7.989202277504173777e-01
1.121286683507483284e+00
1.297456298734332325e+00
-8.778525229250044859e-02
1.202258961186265296e+00
-3.054805099104382915e-01
6.929592557427303179e-01
-1.972538696542046388e+00
9.503510167691975319e-01
2.308042835630864431e+00
7.200577914545851499e-01
3.872044015512192683e-01
1.029367179721429659e+00
