5.000000000000000000e+00
1.338358355668511468e+00
8.897660482482413480e-01
7.890417425556969233e-01
1.621002278252509088e-01
2.172006722281971669e-01
-5.540444386105511931e-01
1.983274309330871565e+00
-2.083216907267177120e+00
-2.598396825373259666e+00
-1.037494935373513449e+00
-1.279676122975159203e+00
2.276081607859259393e-02
-5.001709788375259258e-01
1.877501906691504852e+00
-1.487068168213071750e+00
-1.861894342032982763e+00
7.984924313330531431e-01
-2.419295114791008006e-01
5.581424448118496029e-01
-8.763066800438605863e-01
2.914874668410106784e-01
-2.587558771532885160e+00
-2.923625100296028734e+00
8.735387499288727042e-01
-3.696543518452420907e-01
6.616867702806213947e-01
-8.543789950724645088e-02
1.244582040940335199e+00
7.635899708988297396e-02
1.684354210621684667e-01
4.474635981258232142e+00
2.199697281849981145e+00
2.020842517549528150e+00
8.229790525767948228e-01
7.906515398202599298e-01
-2.313135765063073501e-01
-1.164175251127786304e+00
2.341641703211318593e+00
-9.956272253212532508e-01
-1.823165236821409296e+00
-1.882170683557546909e+00
-1.586244796743462526e+00
-9.081699648127070645e-01
-1.321565386218622962e+00
2.406483485628950980e+00
-6.614201182339364271e-01
-1.498348169090236048e+00
-2.511772784553165661e-01
-3.330341565528608383e-01
5.085930321302092327e-01
-8.091347472834371501e-01
1.604476881110050712e+00
-1.768221963338792335e+00
-2.992050986944432278e+00
-4.765279349019575506e-01
-6.573644649501643178e-01
6.924337139701314259e-01
-3.183239210393008500e-01
2.004237431586147089e+00
-6.279051952927278135e-02
-7.089125950541939059e-01
3.144611799287106102e+00
2.378828089111048705e+00
2.918212028846407513e+00
1.133685180448280816e+00
1.884788613731675833e+00
-2.119345010019379472e-01
-1.769583832927700939e+00
1.833227133364819128e+00
-2.299711332941293263e-01
-6.931005889406212095e-01
-2.107796253905059203e+00
-1.415219704242079768e+00
-1.750530701835511849e+00
-2.509040512938276457e+00
1.998625697318467509e+00
4.732039838512624996e-02
-5.663796804716098032e-01
-8.588928198506690093e-01
-3.481659410843265801e-01
8.900774427233282271e-02
-1.241665076895521524e+00
2.315861744424044577e+00
-5.610153833296114279e-01
-2.136343206008776807e+00
-1.471730438599168966e+00
-1.081428308114272818e+00
2.417741280996984488e-01
-8.755968375696946415e-01
2.578581982068012923e+00
4.008762013949905834e-01
-8.275213116868140872e-01
1.600353256456556572e+00
1.936836328635835658e+00
3.186969723352700790e+00
1.291846647629026901e+00
3.132096954536047306e+00
4.743070826534729334e-01
-1.818020671115151199e+00
8.090169943749516701e-01
-5.650270921410316394e-02
2.372342536884892716e-01
-1.972666824245605799e+00
-7.216345146567355595e-01
-2.041315398413640736e+00
-3.530483733836753846e+00
7.179987736097037665e-01
1.469548907865698695e-01
4.199192968071521204e-01
-1.006524726662487046e+00
1.605148518751148279e-02
-2.492304559794605856e-01
-1.927873042054994546e+00
2.110054396995524773e+00
4.147388368847556572e-01
-6.795003849738791013e-01
-1.783545032620557746e+00
-1.181454701303586097e+00
-3.771556746554228789e-01
-1.780014083133019120e+00
2.487182991052247161e+00
1.008957674101516933e+00
-1.422843423811552543e-01
4.282993609680654234e-01
1.292893218813426337e+00
2.826665031726768085e+00
9.809399084176524397e-01
3.986325309387106053e+00
1.588267621808637786e+00
-9.954862972908816721e-01
-1.302279594217283787e-01
-3.073606702987546901e-01
6.371254235207097771e-01
-1.894250902801453140e+00
1.514621114862615414e-01
-1.650878777921660712e+00
-3.829081976880587490e+00
-9.335404739558661458e-01
-4.733995078235495590e-01
9.297764858882544559e-01
-1.024298356964591816e+00
7.017113079516599239e-01
-1.487716376797811324e-01
-2.353619363306226120e+00
1.141080394099717621e+00
7.101273252552813275e-01
7.691594035133608731e-01
-1.516330772012469907e+00
-7.084662182894410076e-01
-6.962937915479069373e-01
-2.670133435434969726e+00
1.586409184493250635e+00
1.208999792207360757e+00
9.451976552184825353e-01
-1.151846901299690973e-01
9.217259676416172942e-01
2.202257204023103654e+00
2.486030700424438633e-01
4.006680442798367991e+00
2.573126625181887839e+00
5.497436991274606832e-01
-4.992168363010498489e-01
-5.252372578389781221e-01
5.821567149112516493e-01
-2.118487215940093815e+00
6.905797319287454439e-01
-8.816355020696591271e-01
-3.170726207720232726e+00
-2.296885598060891986e+00
-1.482834817075165290e+00
7.428461636099522591e-01
-1.311081820799732345e+00
1.307860518660701965e+00
3.844625968046471720e-01
-2.072024488489498939e+00
-5.591763234077273825e-02
3.052011310233584407e-01
1.671667762602978113e+00
-1.088497762766625687e+00
1.873813145856448037e-01
-4.294927287543723327e-01
-3.006958773710207478e+00
1.940216638201298638e-01
7.115670658001894688e-01
1.837246742913431374e+00
-2.025527480502098410e-01
1.029779153657083723e+00
1.772640212636095391e+00
-4.937984949437685955e-01
3.150993018716772731e+00
2.888748363891915805e+00
2.266959902887446088e+00
-2.082539083466377339e-01
-2.954436283768094307e-01
4.574435777558899519e-01
-2.519622025398306153e+00
5.564580220794692611e-01
-2.826384383484843443e-01
-1.803036532679960668e+00
-2.927050983124806827e+00
-2.328683819229539154e+00
6.474163206661642800e-02
-2.015596533869240758e+00
1.356412168365001225e+00
9.579586726338874536e-01
-1.014390482365886914e+00
-8.875260540380898178e-01
-4.063342073851727854e-01
1.858014387169545145e+00
-9.162034571091816071e-01
1.043935980155200616e+00
3.083082046803022336e-01
-2.424453826120193778e+00
-1.077114766740082441e+00
-3.191695837366534949e-01
2.104600015678109060e+00
-2.524918912443459007e-01
1.425545787904790807e+00
1.762423121917252811e+00
-7.289686274214306483e-01
1.826845037948811479e+00
2.346654419936804015e+00
3.511556541564984535e+00
4.179187493244893026e-01
4.615995237096323089e-01
6.534966593707304261e-01
-2.669317633995475614e+00
-1.738663892738513406e-01
-2.967129549432308000e-01
-3.203932817702223601e-01
-2.820984009516753321e+00
-2.590011539502885540e+00
-6.386773398159852899e-01
-2.897325934678518067e+00
6.287535654253286754e-01
1.037328247415017834e+00
4.294749950744123357e-01
-1.053747601996597894e+00
-8.914592195863573210e-01
1.574961832841317300e+00
-1.115687216198894660e+00
1.391422958249142638e+00
1.051115265485311534e+00
-9.940807616923161838e-01
-1.674714024878988461e+00
-1.364245232477612646e+00
1.730544891707869848e+00
-5.967364713332076187e-01
1.668088700364195542e+00
2.000000000000075939e+00
-1.813765896432192326e-01
6.609272684379007279e-01
1.229691815054853921e+00
3.906697250947678945e+00
8.868146430605640118e-01
1.431323937749484188e+00
1.264061098867191202e+00
-2.132442412635075168e+00
-1.032366857932844439e+00
-9.685831611286715992e-01
6.811039365677962198e-01
-2.362190032023811614e+00
-2.232702194800011863e+00
-9.718147526359121047e-01
-3.464541551184525225e+00
-6.539164689767684724e-01
3.026027939394748678e-01
1.619551513303150614e+00
-7.050692626755467041e-01
-8.288736586686242802e-01
1.265034180105899742e+00
-1.425051203229117380e+00
1.070543886475320061e+00
1.274205073965688495e+00
7.744684537901744825e-01
-1.426781866749137206e+00
-1.873110699669303880e+00
1.081790072090572652e+00
-1.223844500931117629e+00
1.391286970181336624e+00
2.033861294427528055e+00
9.757719214151765463e-01
1.305912279856107361e-01
1.190719604909458162e-01
3.529720198667138487e+00
8.815945573426979820e-01
2.116515464570971172e+00
1.993173730471848204e+00
-7.930911306416272843e-01
-1.442788574691113102e+00
-1.904748820786713814e+00
9.396481696655032412e-01
-2.027427591228650794e+00
-1.602073462049235619e+00
-8.803453221528937389e-01
-3.300408757656827952e+00
-1.932825590270542460e+00
-1.117028945459730860e+00
2.033356899882362345e+00
-3.090169943748682924e-01
-3.071872746057335846e-01
1.231062860261395553e+00
-1.397799504226993950e+00
3.498448340395123868e-01
7.397910512607805966e-01
2.204433252582123526e+00
-6.228264938588331523e-01
-1.601279201646779837e+00
6.336105713431002817e-01
-1.773142287800579808e+00
5.833156430669627079e-01
1.452981047507315715e+00
2.195842106486158407e+00
2.920698961735567201e-01
-4.593960119971348677e-01
2.810791869434726031e+00
4.716590374205432701e-01
2.175878371504533781e+00
2.338482352959928345e+00
1.009853314430880333e+00
-1.081279428592052838e+00
-2.513009244750451288e+00
6.432232908894220946e-01
-2.054306174944923846e+00
-1.164043489010402999e+00
-6.797895161515066231e-01
-2.360147832053955064e+00
-2.637340303339932301e+00
-2.686842752901663189e+00
1.560448167555944732e+00
-3.195783463540410874e-01
2.557725624533120357e-01
1.414949464350178987e+00
-7.373141655458497201e-01
-2.405048158603451114e-01
-3.313118653975993810e-01
2.826719192990776452e+00
1.912784747520250850e-01
-7.452639085250017947e-01
6.374239897487137263e-01
-1.783008466629232291e+00
-3.705037333013361245e-01
1.990605052968910105e-01
2.874558448703001368e+00
7.775030328901942900e-01
-3.421971182009915236e-01
2.219444699820146472e+00
5.203665740243956783e-02
1.661270318010156899e+00
1.932361769047794553e+00
2.636167951625783878e+00
-8.244297550727236468e-02
-2.368076996016438951e+00
2.581938999073301044e-01
-2.290347334538401114e+00
-1.172433908886415299e+00
-8.216883885198555948e-01
-1.037785853828218752e+00
-2.526944046690513979e+00
-3.765564471647464551e+00
5.389130026024651077e-01
-8.696867257695799491e-01
4.131443428598794987e-01
1.440523494903315216e+00
4.549165602263848251e-01
-2.538031713301553971e-01
-1.378144877906649857e+00
2.622537034651048149e+00
5.674711354790439310e-01
2.075869154723417320e-01
9.541843966615963790e-01
-1.026088602624347645e+00
-9.167491113129686564e-01
-1.339952921005811426e+00
2.707106781186459976e+00
1.058412749753133264e+00
2.064751394857151090e-01
1.951279032661313639e+00
5.526902741788797258e-02
9.921147013144598903e-01
8.143988507126753706e-01
3.496631065655807724e+00
1.042525578234871020e+00
-1.468553689157839459e+00
1.916398348279102493e-01
-2.320409680013955089e+00
-1.488064591965573946e+00
-1.553996743746122844e+00
4.946200959136454189e-02
-1.829263259096496341e+00
-3.971161700462543909e+00
-4.830294366630825120e-01
-1.688458799809476663e+00
4.430461644208572025e-03
8.920484579748566567e-01
1.689955739819282599e+00
3.737492317427169586e-01
-1.836008001208590423e+00
1.984204442550413727e+00
4.270509831249067467e-01
8.091575536905071253e-01
1.164138759242306476e+00
2.963475374914006366e-01
-6.888461106112542254e-01
-2.524651380592825234e+00
1.859448087708838848e+00
8.009644528636352678e-01
7.056206484278384483e-01
1.822795774774478961e+00
6.319686328624601890e-01
6.800766281722132600e-01
-5.497124896487747270e-01
3.382910243266026296e+00
1.722575288113024516e+00
-2.226488257916355296e-01
5.142809497127005525e-01
-1.782547782143551363e+00
-1.673288568371462670e+00
-2.705471688687273613e+00
4.257792915648885845e-01
-1.085103769440914467e+00
-3.382042443668280551e+00
-1.099607711778153973e+00
-2.293952616665598132e+00
-7.270274645616507936e-01
-3.596931054499928893e-01
2.363644126154771374e+00
1.266454771757860254e+00
-1.476676602418160789e+00
1.427205762310739701e+00
7.576249084057884442e-02
9.385034307220576633e-01
8.776152022427951005e-01
1.637570321503299509e+00
2.441655504681483624e-01
-2.828694880723108263e+00
8.467931710321883187e-01
8.100946085617255488e-02
7.984297431773229592e-01
1.440641250445692245e+00
1.518121503648677484e+00
9.840046222800593601e-01
-1.523514116175739508e+00
2.566354089155497231e+00
1.673762563918684609e+00
8.222737955855738967e-01
9.268804811913475827e-01
-6.560524591972664021e-01
-1.301089060002251330e+00
-3.744661009629982829e+00
3.770723720577329185e-02
-8.011100349377178187e-01
-2.450073955049496099e+00
-1.282576471057600642e+00
-2.328870135148182197e+00
-1.294898558196361682e+00
-2.006783680454212515e+00
2.119558759023836725e+00
1.835436249940466391e+00
-5.358267949791148954e-01
1.246472074835013988e+00
-4.015976805949561523e-02
8.562368895786285350e-01
3.579336710875435923e-02
2.419899075110242492e+00
1.400692923592305572e+00
-2.142743180808404979e+00
2.016204274699942012e-01
-6.783515649134461700e-01
4.938829216975685332e-01
5.266415399278142617e-01
2.183862451086900247e+00
1.723883741403120062e+00
-1.670549887705317094e+00
1.605722329344919430e+00
1.054162983407560095e+00
1.324851352775881619e+00
9.886411790301344871e-01
6.768337583215383590e-01
-2.729602603946468253e-01
-4.084195717004318382e+00
-7.285305147208789300e-01
-1.134566977209438665e+00
-1.689348061622299779e+00
-1.348719817545873667e+00
-1.811988411912477837e+00
-1.303056220887932160e+00
-3.438698450099154869e+00
1.069320839956458880e+00
1.643873607086246968e+00
4.503427512413992195e-01
1.342197452881378483e+00
3.319020550214422105e-01
9.912876146677798150e-01
-1.005100054046654812e+00
2.380351790644743559e+00
2.171194964207300959e+00
-8.255752511435925367e-01
1.483537550526454751e-01
-1.000000000000000000e+00
1.483537550525443338e-01
-8.255752511435232588e-01
2.171194964207032285e+00
2.380351790645067744e+00
-1.005100054046659253e+00
9.912876146677868094e-01
3.319020550214764054e-01
1.342197452881209951e+00
4.503427512415236755e-01
1.643873607086035804e+00
1.069320839956762192e+00
-3.438698450099145099e+00
-1.303056220888061834e+00
-1.811988411912419661e+00
-1.348719817546073063e+00
-1.689348061622128805e+00
-1.134566977209578997e+00
-7.285305147206361243e-01
-4.084195717004295290e+00
-2.729602603949303763e-01
6.768337583217040043e-01
9.886411790299572955e-01
1.324851352776110769e+00
1.054162983407475052e+00
1.605722329345075305e+00
-1.670549887705268688e+00
1.723883741402795433e+00
2.183862451087033030e+00
5.266415399276884735e-01
4.938829216977467240e-01
-6.783515649135219983e-01
2.016204274699529009e-01
-2.142743180808476033e+00
1.400692923592367523e+00
2.419899075110231390e+00
3.579336710874525540e-02
8.562368895787094702e-01
-4.015976805944432293e-02
1.246472074834960697e+00
-5.358267949789735640e-01
1.835436249940511466e+00
2.119558759023999706e+00
-2.006783680454169883e+00
-1.294898558196343474e+00
-2.328870135148221721e+00
-1.282576471057908396e+00
-2.450073955049532959e+00
-8.011100349378552643e-01
3.770723720572932702e-02
-3.744661009629945969e+00
-1.301089060002174058e+00
-6.560524591972707320e-01
9.268804811913142760e-01
8.222737955855998759e-01
1.673762563918584689e+00
2.566354089155543416e+00
-1.523514116175760158e+00
9.840046222800669096e-01
1.518121503648853565e+00
1.440641250445621635e+00
7.984297431775413401e-01
8.100946085617188874e-02
8.467931710324929639e-01
-2.828694880722988358e+00
2.441655504676097932e-01
1.637570321503349025e+00
8.776152022424471566e-01
9.385034307223003580e-01
7.576249084057340433e-02
1.427205762310778780e+00
-1.476676602418004691e+00
1.266454771757314912e+00
2.363644126155201253e+00
-3.596931054501157354e-01
-7.270274645613153952e-01
-2.293952616665541733e+00
-1.099607711778219477e+00
-3.382042443668026088e+00
-1.085103769441310595e+00
4.257792915653412225e-01
-2.705471688687219434e+00
-1.673288568371412044e+00
-1.782547782143574899e+00
5.142809497122080575e-01
-2.226488257915345825e-01
1.722575288112502712e+00
3.382910243266251005e+00
-5.497124896487269874e-01
6.800766281721066786e-01
6.319686328626451521e-01
1.822795774774018662e+00
7.056206484282234737e-01
8.009644528631969518e-01
1.859448087709106190e+00
-2.524651380592746630e+00
-6.888461106114499577e-01
2.963475374914169569e-01
1.164138759242119958e+00
8.091575536907271715e-01
4.270509831247590871e-01
1.984204442550559389e+00
-1.836008001208468521e+00
3.737492317424278010e-01
1.689955739819393621e+00
8.920484579747247622e-01
4.430461644413741240e-03
-1.688458799809466448e+00
-4.830294366630764058e-01
-3.971161700462426225e+00
-1.829263259096789440e+00
4.946200959151689225e-02
-1.553996743746152376e+00
-1.488064591965520878e+00
-2.320409680013956866e+00
1.916398348278592900e-01
-1.468553689157709119e+00
1.042525578234526851e+00
3.496631065656091497e+00
8.143988507126959098e-01
9.921147013145880100e-01
5.526902741789818663e-02
1.951279032661037860e+00
2.064751394859147826e-01
1.058412749752730253e+00
2.707106781186706890e+00
-1.339952921005684416e+00
-9.167491113130081803e-01
-1.026088602624349644e+00
9.541843966613801076e-01
2.075869154723972432e-01
5.674711354788295470e-01
2.622537034651197363e+00
-1.378144877906541055e+00
-2.538031713303129377e-01
4.549165602264853003e-01
1.440523494903146018e+00
4.131443428602040169e-01
-8.696867257696477838e-01
5.389130026025934495e-01
-3.765564471647318001e+00
-2.526944046690834611e+00
-1.037785853828140814e+00
-8.216883885199303128e-01
-1.172433908886211462e+00
-2.290347334538412216e+00
2.581938999073075669e-01
-2.368076996016331481e+00
-8.244297550765372629e-02
2.636167951625815853e+00
1.932361769047630684e+00
1.661270318010285463e+00
5.203665740243101911e-02
2.219444699820006583e+00
-3.421971182007200740e-01
7.775030328898149268e-01
2.874558448703222080e+00
1.990605052967807653e-01
-3.705037333012743961e-01
-1.783008466629149691e+00
6.374239897487014028e-01
-7.452639085249825879e-01
1.912784747521069084e-01
2.826719192990931440e+00
-3.313118653976004913e-01
-2.405048158603110275e-01
-7.373141655458308463e-01
1.414949464350020225e+00
2.557725624532176667e-01
-3.195783463541468916e-01
1.560448167555914090e+00
-2.686842752901694720e+00
-2.637340303340027337e+00
-2.360147832053800077e+00
-6.797895161516194218e-01
-1.164043489010443633e+00
-2.054306174944835917e+00
6.432232908894348622e-01
-2.513009244750394000e+00
-1.081279428592024416e+00
1.009853314431041316e+00
2.338482352959903920e+00
2.175878371504570197e+00
4.716590374206164338e-01
2.810791869434732249e+00
-4.593960119972345657e-01
2.920698961734066179e-01
2.195842106486148193e+00
1.452981047507134527e+00
5.833156430673627213e-01
-1.773142287800593797e+00
6.336105713429530661e-01
-1.601279201646279571e+00
-6.228264938593869315e-01
2.204433252582339353e+00
7.397910512608337763e-01
3.498448340397668499e-01
-1.397799504226991729e+00
1.231062860261019853e+00
-3.071872746054234993e-01
-3.090169943754346171e-01
2.033356899882532876e+00
-1.117028945459414002e+00
-1.932825590270462079e+00
-3.300408757656830616e+00
-8.803453221533411588e-01
-1.602073462048889896e+00
-2.027427591229136183e+00
9.396481696656239224e-01
-1.904748820786392072e+00
-1.442788574691276526e+00
-7.930911306415482365e-01
1.993173730471363037e+00
2.116515464571421923e+00
8.815945573424530668e-01
3.529720198667161135e+00
1.190719604913237362e-01
1.305912279851858537e-01
9.757719214151792109e-01
2.033861294427428135e+00
1.391286970181579985e+00
-1.223844500931160262e+00
1.081790072090583754e+00
-1.873110699669108481e+00
-1.426781866749398109e+00
7.744684537900249355e-01
1.274205073965509083e+00
1.070543886475612716e+00
-1.425051203229153352e+00
1.265034180105777617e+00
-8.288736586682998730e-01
-7.050692626758722215e-01
1.619551513303278512e+00
3.026027939394526634e-01
-6.539164689765979421e-01
-3.464541551184476376e+00
-9.718147526360457755e-01
-2.232702194799773388e+00
-2.362190032023960828e+00
6.811039365678367430e-01
-9.685831611284673182e-01
-1.032366857932777160e+00
-2.132442412635066287e+00
1.264061098866845256e+00
1.431323937749725106e+00
8.868146430602381614e-01
3.906697250947690492e+00
1.229691815055060644e+00
6.609272684378941776e-01
-1.813765896430958313e-01
1.999999999999743761e+00
1.668088700364370069e+00
-5.967364713333471737e-01
1.730544891707930688e+00
-1.364245232477382608e+00
-1.674714024879027985e+00
-9.940807616922598955e-01
1.051115265485174977e+00
1.391422958249409092e+00
-1.115687216198951059e+00
1.574961832841279330e+00
-8.914592195860908674e-01
-1.053747601996925631e+00
4.294749950743769196e-01
1.037328247414770033e+00
6.287535654255757001e-01
-2.897325934678561588e+00
-6.386773398160682236e-01
-2.590011539502890425e+00
-2.820984009516997570e+00
-3.203932817702462854e-01
-2.967129549432935276e-01
-1.738663892737322136e-01
-2.669317633995360595e+00
6.534966593706398319e-01
4.615995237096390813e-01
4.179187493243212703e-01
3.511556541565058254e+00
2.346654419936814229e+00
1.826845037948865880e+00
-7.289686274214237649e-01
1.762423121916944613e+00
1.425545787905142303e+00
-2.524918912443783192e-01
2.104600015678080194e+00
-3.191695837365460253e-01
-1.077114766739968310e+00
-2.424453826120188005e+00
3.083082046800151854e-01
1.043935980155490384e+00
-9.162034571091630664e-01
1.858014387169579784e+00
-4.063342073850215730e-01
-8.875260540382940988e-01
-1.014390482366068547e+00
9.579586726337506741e-01
1.356412168365188631e+00
-2.015596533869348228e+00
6.474163206656680103e-02
-2.328683819229410368e+00
-2.927050983124982686e+00
-1.803036532680209358e+00
-2.826384383484653595e-01
5.564580220796134791e-01
-2.519622025398232879e+00
4.574435777559392458e-01
-2.954436283767638560e-01
-2.082539083466640184e-01
2.266959902887552225e+00
2.888748363891955329e+00
3.150993018716846450e+00
-4.937984949437169702e-01
1.772640212635819390e+00
1.029779153657620849e+00
-2.025527480506752465e-01
1.837246742913471564e+00
7.115670658002521964e-01
1.940216638203051680e-01
-3.006958773709809130e+00
-4.294927287547092853e-01
1.873813145859322404e-01
-1.088497762767050459e+00
1.671667762603175955e+00
3.052011310234875596e-01
-5.591763234076085887e-02
-2.072024488489115246e+00
3.844625968043348108e-01
1.307860518660872939e+00
-1.311081820799887110e+00
7.428461636100995857e-01
-1.482834817075046496e+00
-2.296885598061018996e+00
-3.170726207720017342e+00
-8.816355020701783785e-01
6.905797319287636515e-01
-2.118487215940068946e+00
5.821567149112305550e-01
-5.252372578385871016e-01
-4.992168363012682852e-01
5.497436991275617135e-01
2.573126625181439753e+00
4.006680442798578490e+00
2.486030700425980733e-01
2.202257204023003734e+00
9.217259676420352932e-01
-1.151846901301739612e-01
9.451976552186082126e-01
1.208999792207191337e+00
1.586409184493353663e+00
-2.670133435434792535e+00
-6.962937915480466033e-01
-7.084662182891653393e-01
-1.516330772013088524e+00
7.691594035134083907e-01
7.101273252552512405e-01
1.141080394099758921e+00
-2.353619363305838874e+00
-1.487716376799717577e-01
7.017113079517793839e-01
-1.024298356964902901e+00
9.297764858882944239e-01
-4.733995078234592979e-01
-9.335404739559119980e-01
-3.829081976880216232e+00
-1.650878777921735319e+00
1.514621114862799711e-01
-1.894250902801621450e+00
6.371254235207663985e-01
-3.073606702986179107e-01
-1.302279594218825887e-01
-9.954862972906958207e-01
1.588267621808184149e+00
3.986325309387099836e+00
9.809399084176463335e-01
2.826665031726758759e+00
1.292893218813462308e+00
4.282993609679255353e-01
-1.422843423810445374e-01
1.008957674101164326e+00
2.487182991052206305e+00
-1.780014083132919200e+00
-3.771556746554332040e-01
-1.181454701303208399e+00
-1.783545032620632131e+00
-6.795003849737608626e-01
4.147388368846828266e-01
2.110054396995609594e+00
-1.927873042054891517e+00
-2.492304559794761287e-01
1.605148518775559308e-02
-1.006524726662971103e+00
4.199192968071022714e-01
1.469548907865473319e-01
7.179987736096178352e-01
-3.530483733836803140e+00
-2.041315398413722448e+00
-7.216345146566707225e-01
-1.972666824245926431e+00
2.372342536885095887e-01
-5.650270921402777979e-02
8.090169943748626302e-01
-1.818020671114789266e+00
4.743070826535554230e-01
3.132096954536057076e+00
1.291846647628847933e+00
3.186969723352761186e+00
1.936836328635928250e+00
1.600353256456392259e+00
-8.275213116866386720e-01
4.008762013949646597e-01
2.578581982067951195e+00
-8.755968375697634754e-01
2.417741280996503761e-01
-1.081428308114234849e+00
-1.471730438599240021e+00
-2.136343206008600948e+00
-5.610153833297468751e-01
2.315861744424022817e+00
-1.241665076895482667e+00
8.900774427239854791e-02
-3.481659410840239333e-01
-8.588928198507376210e-01
-5.663796804716373368e-01
4.732039838503032669e-02
1.998625697318418215e+00
-2.509040512938372824e+00
-1.750530701835539826e+00
-1.415219704241888810e+00
-2.107796253905065864e+00
-6.931005889406455234e-01
-2.299711332940326258e-01
1.833227133364763173e+00
-1.769583832927712930e+00
-2.119345010018130471e-01
1.884788613731792628e+00
1.133685180448060992e+00
2.918212028846416839e+00
2.378828089111160171e+00
3.144611799287249987e+00
-7.089125950538085474e-01
-6.279051952984524010e-02
2.004237431586473939e+00
-3.183239210393412622e-01
6.924337139701114419e-01
-6.573644649499028603e-01
-4.765279349021913635e-01
-2.992050986944218227e+00
-1.768221963339349001e+00
1.604476881110257658e+00
-8.091347472834160559e-01
5.085930321302164492e-01
-3.330341565526007686e-01
-2.511772784555886262e-01
-1.498348169090159443e+00
-6.614201182343618646e-01
2.406483485629032693e+00
-1.321565386218390925e+00
-9.081699648127271596e-01
-1.586244796743286001e+00
-1.882170683557859103e+00
-1.823165236821171042e+00
-9.956272253215110446e-01
2.341641703211372771e+00
-1.164175251127468558e+00
-2.313135765067312333e-01
7.906515398203387557e-01
8.229790525765644515e-01
2.020842517549649386e+00
2.199697281849838149e+00
4.474635981258298756e+00
1.684354210626207715e-01
7.635899708943849618e-02
1.244582040940301670e+00
-8.543789950744651307e-02
6.616867702806962237e-01
-3.696543518451995691e-01
8.735387499289528623e-01
-2.923625100295685897e+00
-2.587558771533333690e+00
2.914874668412881231e-01
-8.763066800439118786e-01
5.581424448118409432e-01
-2.419295114789189460e-01
7.984924313328433110e-01
-1.861894342032782923e+00
-1.487068168213486530e+00
1.877501906691670719e+00
-5.001709788374812948e-01
2.276081607860680478e-02
-1.279676122974981123e+00
-1.037494935373790339e+00
-2.598396825373249897e+00
-2.083216907267483098e+00
1.983274309330882446e+00
-5.540444386104022012e-01
2.172006722282230351e-01
1.621002278254617401e-01
7.890417425554373532e-01
8.897660482485272304e-01
1.338358355668364030e+00
