5.000000000000000000e+00
1.815196443684958361e+00
1.124210444206757531e+00
2.129415122363179425e+00
-3.955668354249033403e-01
-1.034318640480452078e+00
-2.186075908074557539e+00
-1.245447297105740425e+00
-3.670335037380821896e-01
-2.746474484302266816e+00
3.078733192744357305e-01
1.424531689821216807e+00
-1.268180221755087045e+00
4.833649262443756034e-01
3.131298865006332810e-01
-5.568618530553728352e-01
-1.034315704406040481e+00
-2.008269750162870793e+00
4.504882811460212411e-01
-1.034005082410110576e+00
-2.032225103939671040e+00
1.695208320568444282e+00
1.646730686268195187e-01
-5.840375085486466666e-01
9.555375620006162363e-01
3.550264946353998141e-01
8.757480470427913000e-01
-5.505543566498291019e-01
6.165607377311312920e-01
2.849147644294377280e+00
-5.271757465269621967e-02
1.641464366942137598e+00
3.428810900041636245e+00
6.988729354465825772e-01
8.015825708372467107e-01
-3.708864508898224166e-02
-6.226958362565595539e-01
-1.673436150579949100e+00
-4.077361752819211205e+00
-1.277835269736486978e+00
-1.546538783078371004e+00
-3.244046118496341613e+00
6.129697618202668563e-01
8.956942735542434697e-01
4.385974427797526554e-01
1.217649853476820976e+00
6.875860540369583829e-01
1.535028959739795251e+00
-1.218548438686598567e+00
-1.878689279728291250e+00
7.212317420824732039e-01
-2.113309034892117744e+00
-1.594062969092520099e+00
1.187015913343834494e+00
5.754986561513225629e-01
1.546023326974854228e+00
1.362939611842474363e+00
2.484487505484885173e+00
2.824000857774467299e+00
-5.682982052749040447e-01
1.336958490668387345e+00
1.491156219402966610e+00
-1.763381821680559458e+00
-1.210517992084989558e-01
-5.600063353861756132e-02
-5.609485963394831298e-01
-7.798584390265997923e-01
-1.772112379026550943e+00
3.475464208804315280e-01
-1.700595589817651465e+00
-3.287290237123975167e+00
5.580434662407518509e-02
-1.482856720036253018e+00
-1.816544303497662938e+00
4.567026229084489852e-01
6.786713462201867664e-01
1.827090951306094890e+00
5.911715898599650965e-01
1.397154974378789660e+00
2.781570198679495842e+00
-1.217472356702216318e+00
-5.198054837366022918e-01
7.310164007922648199e-01
-1.818366145402055656e+00
-7.505860682337427425e-01
3.253313350472020193e-03
1.286596272105812622e+00
1.925677182030264056e+00
5.958239446030253461e-01
3.558230473489278900e+00
2.472128753382885069e+00
-8.429818845430893104e-01
9.786528043319212555e-01
-7.102662831064489035e-01
-2.624726494280650080e+00
-2.488675061662664945e+00
-2.772703705912831218e+00
-9.507996662987443504e-01
-2.341012181943997739e+00
-1.662939440407725122e+00
1.881966011250106430e+00
-6.219966179828264607e-01
-4.082874053234610834e-01
1.599770209306559554e+00
4.159480607256615947e-02
2.122415602293200587e-01
-3.772703466948892359e-01
8.333643690037976226e-01
1.694286073634419409e+00
-9.390484095150557486e-01
1.711087038324765164e+00
2.377124149450396740e+00
-7.107229324921168212e-01
7.820781815580675200e-01
5.346713060278431850e-01
-2.293523685829793046e-01
-4.594110003841869183e-01
-1.121069710997540048e+00
1.618603267765382547e+00
2.865496210827411239e-01
-7.662131248114338877e-01
2.656127768997909033e+00
5.716350655992976648e-01
-9.306266700358977184e-01
-2.535246436851550378e-01
-1.707106781186544575e+00
-1.903095297386481199e+00
-3.795200859558947482e+00
-2.760310646464724904e+00
-2.900773076183521537e-01
-2.601520161854797397e+00
-3.288175502384546589e-02
2.802820239900581711e+00
1.160671542238190579e+00
2.252813106404324195e+00
2.185502927718084187e+00
2.069750817667406206e+00
1.152160838403778920e+00
-1.438522007853230811e+00
9.181594401866211008e-01
4.863152808209225686e-02
-2.293472560409301586e+00
9.850638971118961251e-01
8.419460003259480185e-01
1.604240076339925047e-01
9.202945894843155283e-01
5.362977137000870531e-01
1.620432991670706091e+00
-8.995457728965068345e-01
-1.422962832865162008e+00
1.142039521920209300e+00
-1.939167942136245104e+00
-1.874423156739591922e+00
2.935639177204123484e-01
-1.002125336723721505e+00
-6.753612333791626510e-01
-1.345383135193023882e+00
-4.531518359137394203e-01
-1.855075647176618325e-02
-2.971615224832484081e+00
-3.155738006814861052e-01
8.194679323272542337e-01
-1.342849516437908619e+00
1.365247940349405775e+00
2.334009405897131906e+00
2.458442507134990684e+00
2.522929234243436181e+00
1.447612715127760907e+00
3.150552945605778365e+00
4.314570963394419034e-01
-1.968595598479233377e+00
5.437220241582833014e-01
-1.725951762108787424e+00
-2.600548349497130207e+00
-6.284850254283820270e-01
-4.654514594151916151e-01
8.238160803231141527e-01
-1.488230968512456731e-01
9.468308906538294156e-01
2.551895648535953853e+00
-1.371355209801116137e+00
-7.838734621320407880e-01
1.729859468660005506e-01
-2.808134399837047823e+00
-2.227824116533490439e+00
-1.913767059647221158e+00
-9.167144084881726496e-01
-3.221954196275245152e-01
-1.401570008348024698e+00
2.113114901939441292e+00
1.837544544539539970e+00
-4.977249846361115893e-01
2.351572603619870527e+00
1.602791989756793267e+00
4.131282939057408510e-01
9.588128107032894976e-01
7.134966021331280439e-01
2.200432110860876200e+00
1.520849161677558792e-01
-5.576758806309145555e-02
2.499999999999999556e+00
-9.627517242798848685e-01
-1.556265089046681593e+00
-1.138022132610504444e-01
-1.950173021678210938e+00
-1.774133457035087513e+00
-2.124723574665098980e+00
-5.267019058033427514e-01
7.670653131775193589e-01
-1.489126221030760755e+00
1.402101549702561067e+00
2.128413827709709771e+00
-1.081207341244102782e+00
1.498144696006807886e-01
-4.224570234818035286e-01
-1.477656346096301920e+00
-1.867511676493168737e+00
-2.478427393296346093e+00
5.667255999718574522e-01
-2.062977967975077043e-01
-4.955008338604324214e-01
3.804158563289016026e+00
2.591904432949676540e+00
1.828895494035831293e+00
2.996382911786524161e+00
1.700023518563310798e+00
1.290037634900389696e+00
-1.171919400034870273e+00
-9.955075549891212461e-01
4.366143980016244930e-01
-2.958760223212629104e+00
-1.382190644130819823e+00
6.734459288854527381e-01
-1.452440908691401633e+00
-5.112837508468415226e-01
-4.122086679142985544e-01
-1.065871857533829403e-01
-4.446031001592999354e-01
-2.410622590472962123e+00
5.067347725668062131e-01
4.789968467026367582e-02
-2.081999608444029981e+00
1.206526759169246565e+00
9.111879641441219535e-01
-1.014303852236936310e-02
5.160937808562644502e-01
-1.473781574079069401e-03
1.124066978341833334e+00
-1.139301151781790589e+00
-1.194800069458901159e+00
1.999999999999994227e+00
-3.775019199861424091e-01
3.525811390665415934e-01
3.030025661376217538e+00
1.985748839465981908e+00
2.237577834864181270e+00
1.145002368322107777e+00
1.298286900245821052e+00
7.579852372705488950e-01
-3.287858691822081347e+00
-1.704713675417521834e+00
-1.486597083501216776e+00
-4.296603662258645429e+00
-1.893909360533429842e+00
-8.661453767969977680e-01
-3.493871497579734697e-01
3.629477824550267906e-01
8.054510492726574267e-02
2.597501272057626487e+00
5.969615930743871202e-01
-1.270104372208533228e+00
1.539906139258445883e+00
-6.702332245994429005e-01
-1.681460851401624046e+00
3.465491231891282276e-02
-8.198952981341500745e-02
9.989089985745802647e-01
-3.524673088058440096e-02
1.186604493352054313e+00
3.103089922906488773e+00
-3.699197948018583260e-01
7.240043593575147263e-01
2.139302464245178115e+00
-5.381742003160125964e-01
1.016169925651786432e-01
1.765048024527141046e-01
6.278922364407582002e-01
4.129431877853263488e-01
-1.651245866184128497e+00
8.247463771077951922e-01
-4.075525552292912357e-01
-3.488770925792402444e+00
-1.073398381554286019e+00
-1.886608663248050988e+00
-2.766610794279414254e+00
-1.585916830398093946e+00
-9.647183385816832102e-01
1.496813558161228741e+00
3.982711580897781989e-01
9.944100843709919868e-01
4.118033988749902008e+00
9.406026226159159842e-01
3.528083458700986830e-01
1.570459071550173391e+00
-6.371690141088365289e-01
-8.766964406646300390e-01
-1.586713794501944941e+00
-2.121768593254109714e-01
1.038401092114010549e+00
-1.079797318292642361e+00
2.088211011668123174e+00
3.152749587180956325e+00
2.454951869088785044e-01
1.644694990363061882e+00
1.026549057341149984e+00
-3.334570348957645591e-01
-1.286416252202840838e+00
-2.670014348408347615e+00
-5.162998994830697574e-01
-2.180204300118994798e+00
-3.230908181577713645e+00
5.538297791796477076e-01
-8.408519576485519176e-01
-1.413963420677442517e+00
3.021330677432748635e-01
-1.525825293347026212e-01
4.643036680402790051e-01
-9.186591849008390875e-01
2.513517273670270447e-01
2.471169380738306387e+00
-4.275691129276422142e-01
1.316973558417184220e+00
3.225933310945555910e+00
6.996943036521856563e-01
1.082311184467672938e+00
5.766809692264318610e-01
3.396916053759820309e-01
-3.933846800317222225e-01
-2.558710111827116940e+00
3.586890789740786456e-01
5.918882849002343738e-02
-1.826750973643270770e+00
1.696502555915537780e+00
1.532613373225794717e+00
5.643459543002655732e-01
8.248609058818118234e-01
-1.733741747371995157e-01
3.061302056515898817e-01
-2.680236028166759876e+00
-3.422651487613837862e+00
-7.600735106701037580e-01
-3.411564413658989992e+00
-2.627392607282268866e+00
4.550520323334840134e-01
1.368777526712723347e-01
1.356581072277418309e+00
1.356233973748999677e+00
2.588470909945714382e+00
2.977331115398356154e+00
-4.033464100496513272e-01
1.506568782924881056e+00
1.689327424741421391e+00
-1.488782198739881490e+00
2.892487470418563245e-01
5.448657956444737938e-01
2.649155563642226485e-01
2.718902550110391392e-01
-5.346843299319941067e-01
1.689069006924231342e+00
-3.705486444491639109e-01
-2.104140387525092137e+00
9.554982533578896264e-01
-9.840377488376458315e-01
-1.798397759340982560e+00
-3.443741247339271450e-02
-2.928932188134401038e-01
4.592991137413600100e-01
-1.043663738999961010e+00
-3.475246556437956436e-01
1.091346147844803660e+00
-2.703379447068659402e+00
-1.684739569215253141e+00
-4.258853062626399844e-02
-2.182092079610949753e+00
-7.349915817534636853e-01
3.286298434953635050e-01
1.828783229166804247e+00
2.586346100294528938e+00
1.288645446074400791e+00
4.222469629190616303e+00
3.080181250182117747e+00
-2.852723502051868198e-01
1.518583680532878066e+00
-1.411358824469048923e-01
-1.980404316436553458e+00
-1.739591963648200679e+00
-1.918115298695951321e+00
-2.561811955948922748e-02
-1.415533808594941378e+00
-8.352189265332856660e-01
2.500000000000009326e+00
-3.215682873342934345e-01
-5.105298367021200434e-01
1.049160855413415749e+00
-9.524917645428505608e-01
-1.166051331015296455e+00
-2.030643331126690043e+00
-9.484606032962966671e-01
-5.022626323095369383e-02
-2.482886103193973959e+00
5.075542519254117035e-01
1.612033451525141992e+00
-9.921568526925562681e-01
9.732007746942367143e-01
1.135942661049987423e+00
6.807291538410611409e-01
6.367205433918943225e-01
3.652416126716429012e-02
2.729595346073420359e+00
1.273476589833902217e+00
5.737562279510199925e-02
3.315374177320193461e+00
1.096703796137418419e+00
-4.910709143938136734e-01
1.520348712217886034e-01
-1.296705334970082779e+00
-1.474060654758014177e+00
-3.365550423895117937e+00
-2.379623152216359561e+00
-3.213189001163163638e-02
-2.551041131754616220e+00
-2.687226237740860668e-01
2.225014136188229408e+00
2.231126336959069478e-01
9.847240138433286383e-01
6.648655109663901275e-01
4.169973605088624913e-01
-4.834633264627302696e-01
-2.897919719934129112e+00
-2.173986439956382410e-01
-6.472709119604327377e-01
-2.481722308392590115e+00
1.315498096302257558e+00
1.644316048661214280e+00
1.337807532075870443e+00
2.340319108244363733e+00
2.050524890867674088e+00
3.085208203324515175e+00
3.958390648700564340e-01
-3.791676325632301614e-01
1.896802246667419256e+00
-1.466964062188584883e+00
-1.642562658530627884e+00
3.493153194175759868e-01
-1.052781455302048474e+00
-7.734740757293889768e-01
-1.455599167209873146e+00
-5.708164188908244618e-01
-1.697775718540766032e-01
-3.206349239065488188e+00
-6.949801999481013404e-01
2.388885608408905514e-01
-2.160318174784399137e+00
3.091791115590791783e-01
1.079293127332860758e+00
1.087078110615417037e+00
1.151628688787759813e+00
2.136744738557173617e-01
2.193091673860957602e+00
-1.289982557225833604e-01
-2.048771031509388330e+00
9.760478707978663682e-01
-8.065106166874089766e-01
-1.275105090058954449e+00
9.762366834022381257e-01
1.263007494114467555e+00
2.512462165134728753e+00
1.349965466976201567e+00
2.138044957042430472e+00
3.363365187794910227e+00
-9.605715139814677839e-01
-7.459835173056004187e-01
-9.541558988859566437e-02
-3.292775056515921950e+00
-2.833126207538851027e+00
-2.555874973786928184e+00
-1.537024527168264321e+00
-8.948626905302472512e-01
-1.933819310801140556e+00
1.587712912957578215e+00
1.271380667477858495e+00
-1.150885605225130615e+00
1.582020241834960927e+00
7.167337377810567567e-01
-5.533974066401007308e-01
-1.623580897974019610e-02
-1.698540656779915503e-01
1.523344583097667515e+00
-2.078132906618341824e-01
-1.018673112204682152e-02
3.000000000000000000e+00
-1.018673112192169938e-02
-2.078132906618948006e-01
1.523344583097558491e+00
-1.698540656779170543e-01
-1.623580897968079917e-02
-5.533974066402136405e-01
7.167337377810173438e-01
1.582020241835094154e+00
-1.150885605225127950e+00
1.271380667477754800e+00
1.587712912957674138e+00
-1.933819310801017322e+00
-8.948626905303209700e-01
-1.537024527168301180e+00
-2.555874973786812721e+00
-2.833126207538843033e+00
-3.292775056516070720e+00
-9.541558988860610047e-02
-7.459835173055181512e-01
-9.605715139815821368e-01
3.363365187794796984e+00
2.138044957042529504e+00
1.349965466976241757e+00
2.512462165134625725e+00
1.263007494114491536e+00
9.762366834023825657e-01
-1.275105090058969104e+00
-8.065106166875047888e-01
9.760478707979588497e-01
-2.048771031509314611e+00
-1.289982557227170867e-01
2.193091673860955382e+00
2.136744738558112866e-01
1.151628688787866395e+00
1.087078110615201876e+00
1.079293127332864533e+00
3.091791115590940553e-01
-2.160318174784490175e+00
2.388885608410764583e-01
-6.949801999482845272e-01
-3.206349239065503287e+00
-1.697775718541894019e-01
-5.708164188910145320e-01
-1.455599167209647993e+00
-7.734740757293846469e-01
-1.052781455302120417e+00
3.493153194177718301e-01
-1.642562658530851261e+00
-1.466964062188474749e+00
1.896802246667428360e+00
-3.791676325631951894e-01
3.958390648702942993e-01
3.085208203324357967e+00
2.050524890867695849e+00
2.340319108244435231e+00
1.337807532075633743e+00
1.644316048661375262e+00
1.315498096302206932e+00
-2.481722308392612319e+00
-6.472709119602513272e-01
-2.173986439958353611e-01
-2.897919719934030969e+00
-4.834633264629455418e-01
4.169973605088952429e-01
6.648655109663309526e-01
9.847240138433308587e-01
2.231126336957349743e-01
2.225014136188107283e+00
-2.687226237735664824e-01
-2.551041131754679725e+00
-3.213189001172411796e-02
-2.379623152216138848e+00
-3.365550423895253385e+00
-1.474060654758268640e+00
-1.296705334970135404e+00
1.520348712218723142e-01
-4.910709143937349586e-01
1.096703796136980547e+00
3.315374177320350668e+00
5.737562279530239451e-02
1.273476589833689498e+00
2.729595346073579343e+00
3.652416126731306001e-02
6.367205433918455837e-01
6.807291538410802367e-01
1.135942661049910596e+00
9.732007746945280369e-01
-9.921568526927330156e-01
1.612033451524939487e+00
5.075542519257749685e-01
-2.482886103194029914e+00
-5.022626323108159152e-02
-9.484606032961691024e-01
-2.030643331126599005e+00
-1.166051331015381498e+00
-9.524917645429343827e-01
1.049160855413595828e+00
-5.105298367020651984e-01
-3.215682873345239168e-01
2.500000000000026645e+00
-8.352189265333256341e-01
-1.415533808594933607e+00
-2.561811955957626896e-02
-1.918115298695878934e+00
-1.739591963648209560e+00
-1.980404316436795042e+00
-1.411358824469759465e-01
1.518583680533081459e+00
-2.852723502051649485e-01
3.080181250182163044e+00
4.222469629190619855e+00
1.288645446074501155e+00
2.586346100294408146e+00
1.828783229166657254e+00
3.286298434956466119e-01
-7.349915817534101725e-01
-2.182092079611159363e+00
-4.258853062630618691e-02
-1.684739569215336630e+00
-2.703379447068676278e+00
1.091346147844703740e+00
-3.475246556436125678e-01
-1.043663738999797141e+00
4.592991137412021918e-01
-2.928932188134487635e-01
-3.443741247314291432e-02
-1.798397759340938151e+00
-9.840377488375603443e-01
9.554982533578870729e-01
-2.104140387525033518e+00
-3.705486444494171527e-01
1.689069006924073024e+00
-5.346843299318587706e-01
2.718902550110140481e-01
2.649155563641266142e-01
5.448657956445130957e-01
2.892487470418075857e-01
-1.488782198739923901e+00
1.689327424741330130e+00
1.506568782925080896e+00
-4.033464100496126914e-01
2.977331115398203831e+00
2.588470909945772558e+00
1.356233973749114474e+00
1.356581072277364353e+00
1.368777526713387260e-01
4.550520323335744965e-01
-2.627392607282162285e+00
-3.411564413659168071e+00
-7.600735106700966526e-01
-3.422651487613760146e+00
-2.680236028166908646e+00
3.061302056514216829e-01
-1.733741747372040676e-01
8.248609058818019424e-01
5.643459543002504741e-01
1.532613373225890641e+00
1.696502555915561317e+00
-1.826750973643392673e+00
5.918882849003803681e-02
3.586890789740716512e-01
-2.558710111827026346e+00
-3.933846800315681236e-01
3.396916053758251008e-01
5.766809692265314480e-01
1.082311184467624754e+00
6.996943036521816595e-01
3.225933310945781507e+00
1.316973558417177337e+00
-4.275691129276647517e-01
2.471169380738221122e+00
2.513517273667671414e-01
-9.186591849006842114e-01
4.643036680402026217e-01
-1.525825293347203848e-01
3.021330677432652045e-01
-1.413963420677676996e+00
-8.408519576485676827e-01
5.538297791797242020e-01
-3.230908181577627492e+00
-2.180204300118675498e+00
-5.162998994831237143e-01
-2.670014348408328964e+00
-1.286416252202785993e+00
-3.334570348959833286e-01
1.026549057341352933e+00
1.644694990363122500e+00
2.454951869088182193e-01
3.152749587180709856e+00
2.088211011668536177e+00
-1.079797318292604391e+00
1.038401092113810931e+00
-2.121768593251874835e-01
-1.586713794501945163e+00
-8.766964406648040109e-01
-6.371690141091220783e-01
1.570459071550071251e+00
3.528083458702858666e-01
9.406026226157274683e-01
4.118033988749901120e+00
9.944100843713626903e-01
3.982711580895509362e-01
1.496813558161324220e+00
-9.647183385814186440e-01
-1.585916830397898325e+00
-2.766610794279350305e+00
-1.886608663248272810e+00
-1.073398381554200753e+00
-3.488770925792431754e+00
-4.075525552296909160e-01
8.247463771080558725e-01
-1.651245866184022582e+00
4.129431877850946453e-01
6.278922364407482082e-01
1.765048024527020032e-01
1.016169925652974371e-01
-5.381742003162133248e-01
2.139302464245075086e+00
7.240043593575857805e-01
-3.699197948019410376e-01
3.103089922906356435e+00
1.186604493352137357e+00
-3.524673088048260738e-02
9.989089985746081313e-01
-8.198952981338647472e-02
3.465491231907702474e-02
-1.681460851401642032e+00
-6.702332245995392679e-01
1.539906139258535589e+00
-1.270104372208393784e+00
5.969615930743021881e-01
2.597501272057563426e+00
8.054510492731226101e-02
3.629477824550141341e-01
-3.493871497580825491e-01
-8.661453767968994022e-01
-1.893909360533305275e+00
-4.296603662258712930e+00
-1.486597083501223882e+00
-1.704713675417494079e+00
-3.287858691822110657e+00
7.579852372704889429e-01
1.298286900245861464e+00
1.145002368322230124e+00
2.237577834864103998e+00
1.985748839465911075e+00
3.030025661376319679e+00
3.525811390665541389e-01
-3.775019199863454133e-01
2.000000000000003553e+00
-1.194800069458874292e+00
-1.139301151781886290e+00
1.124066978341731415e+00
-1.473781573966825853e-03
5.160937808563494933e-01
-1.014303852244702320e-02
9.111879641441298361e-01
1.206526759169459506e+00
-2.081999608444040195e+00
4.789968467008548503e-02
5.067347725669545389e-01
-2.410622590472845772e+00
-4.446031001593617749e-01
-1.065871857534076428e-01
-4.122086679141761523e-01
-5.112837508468521808e-01
-1.452440908691613464e+00
6.734459288854126591e-01
-1.382190644130826707e+00
-2.958760223212555385e+00
4.366143980015494419e-01
-9.955075549891652109e-01
-1.171919400034826086e+00
1.290037634900265129e+00
1.700023518563329894e+00
2.996382911786801717e+00
1.828895494035866598e+00
2.591904432949643677e+00
3.804158563289012029e+00
-4.955008338604596219e-01
-2.062977967974852778e-01
5.667255999718131543e-01
-2.478427393296211978e+00
-1.867511676493115447e+00
-1.477656346096543949e+00
-4.224570234817335290e-01
1.498144696007357446e-01
-1.081207341244184494e+00
2.128413827709757733e+00
1.402101549702558625e+00
-1.489126221030779629e+00
7.670653131773581546e-01
-5.267019058033973744e-01
-2.124723574664833858e+00
-1.774133457035075523e+00
-1.950173021678203167e+00
-1.138022132608169645e-01
-1.556265089046801720e+00
-9.627517242798053765e-01
2.500000000000002220e+00
-5.576758806302362093e-02
1.520849161677981232e-01
2.200432110860582657e+00
7.134966021330734209e-01
9.588128107032831693e-01
4.131282939055279657e-01
1.602791989756970015e+00
2.351572603619905166e+00
-4.977249846361104790e-01
1.837544544539686964e+00
2.113114901939386225e+00
-1.401570008347898355e+00
-3.221954196276440863e-01
-9.167144084880506361e-01
-1.913767059647206725e+00
-2.227824116533473120e+00
-2.808134399837364015e+00
1.729859468658757615e-01
-7.838734621315894824e-01
-1.371355209801279562e+00
2.551895648535838390e+00
9.468308906541360592e-01
-1.488230968513242769e-01
8.238160803229184204e-01
-4.654514594151126783e-01
-6.284850254281212356e-01
-2.600548349497039613e+00
-1.725951762109223964e+00
5.437220241583222702e-01
-1.968595598479163211e+00
4.314570963391667902e-01
3.150552945605820110e+00
1.447612715127944982e+00
2.522929234243376673e+00
2.458442507134813937e+00
2.334009405897148781e+00
1.365247940349718636e+00
-1.342849516437945923e+00
8.194679323271867322e-01
-3.155738006812172092e-01
-2.971615224832532931e+00
-1.855075647193715760e-02
-4.531518359136836871e-01
-1.345383135192887325e+00
-6.753612333792532452e-01
-1.002125336723916460e+00
2.935639177204627526e-01
-1.874423156739521978e+00
-1.939167942136473144e+00
1.142039521920198863e+00
-1.422962832864981486e+00
-8.995457728965605693e-01
1.620432991670580858e+00
5.362977137002647998e-01
9.202945894844034580e-01
1.604240076339202015e-01
8.419460003258988356e-01
9.850638971120055931e-01
-2.293472560409240302e+00
4.863152808206899769e-02
9.181594401868082844e-01
-1.438522007853128004e+00
1.152160838403660126e+00
2.069750817667509235e+00
2.185502927718172117e+00
2.252813106404453425e+00
1.160671542238123077e+00
2.802820239900709609e+00
-3.288175502352991275e-02
-2.601520161854816049e+00
-2.900773076184254284e-01
-2.760310646464488205e+00
-3.795200859558835127e+00
-1.903095297386394158e+00
-1.707106781186569888e+00
-2.535246436849711849e-01
-9.306266700358356569e-01
5.716350655991977447e-01
2.656127768998028049e+00
-7.662131248112858950e-01
2.865496210827098711e-01
1.618603267765488907e+00
-1.121069710997516289e+00
-4.594110003840415901e-01
-2.293523685829983449e-01
5.346713060280593455e-01
7.820781815582237284e-01
-7.107229324922461622e-01
2.377124149450494883e+00
1.711087038325000087e+00
-9.390484095150271049e-01
1.694286073634351464e+00
8.333643690037432217e-01
-3.772703466946660811e-01
2.122415602293130643e-01
4.159480607247578732e-02
1.599770209306553337e+00
-4.082874053233459533e-01
-6.219966179828513297e-01
1.881966011250105320e+00
-1.662939440407783298e+00
-2.341012181943741499e+00
-9.507996662988165149e-01
-2.772703705912782812e+00
-2.488675061662679600e+00
-2.624726494280806399e+00
-7.102662831063353277e-01
9.786528043320603665e-01
-8.429818845431882313e-01
2.472128753382712318e+00
3.558230473489290890e+00
5.958239446031989850e-01
1.925677182030215651e+00
1.286596272105718253e+00
3.253313350896014366e-03
-7.505860682337190948e-01
-1.818366145402267708e+00
7.310164007921714502e-01
-5.198054837367556136e-01
-1.217472356702125058e+00
2.781570198679424788e+00
1.397154974378677750e+00
5.911715898599184671e-01
1.827090951305951005e+00
6.786713462202103031e-01
4.567026229083975264e-01
-1.816544303497798607e+00
-1.482856720036364706e+00
5.580434662408517710e-02
-3.287290237124147474e+00
-1.700595589817721187e+00
3.475464208802565569e-01
-1.772112379026369533e+00
-7.798584390265832500e-01
-5.609485963396101393e-01
-5.600063353863488080e-02
-1.210517992085204941e-01
-1.763381821680703343e+00
1.491156219402806293e+00
1.336958490668866739e+00
-5.682982052749233626e-01
2.824000857774053852e+00
2.484487505485031278e+00
1.362939611842675536e+00
1.546023326974968359e+00
5.754986561512602794e-01
1.187015913344125595e+00
-1.594062969092212123e+00
-2.113309034892387750e+00
7.212317420824547742e-01
-1.878689279727948858e+00
-1.218548438686577251e+00
1.535028959739791254e+00
6.875860540370305474e-01
1.217649853476747479e+00
4.385974427797031949e-01
8.956942735542995360e-01
6.129697618206274567e-01
-3.244046118496298092e+00
-1.546538783078925006e+00
-1.277835269736313117e+00
-4.077361752819105511e+00
-1.673436150580181359e+00
-6.226958362566390459e-01
-3.708864508872444787e-02
8.015825708372639191e-01
6.988729354462811516e-01
3.428810900041463050e+00
1.641464366942267938e+00
-5.271757465268500642e-02
2.849147644294311998e+00
6.165607377312701809e-01
-5.505543566500262775e-01
8.757480470426897146e-01
3.550264946353955953e-01
9.555375620007324766e-01
-5.840375085487120588e-01
1.646730686269093358e-01
1.695208320568520666e+00
-2.032225103939671040e+00
-1.034005082410450083e+00
4.504882811460063641e-01
-2.008269750162667844e+00
-1.034315704406127079e+00
-5.568618530556324053e-01
3.131298865005443521e-01
4.833649262444286721e-01
-1.268180221755183856e+00
1.424531689821083802e+00
3.078733192745477520e-01
-2.746474484302352526e+00
-3.670335037382542742e-01
-1.245447297105789275e+00
-2.186075908074567309e+00
-1.034318640480632823e+00
-3.955668354249790575e-01
2.129415122363136348e+00
1.124210444206646953e+00
1.815196443684711447e+00
