5.000000000000000000e+00
1.077424656948151593e+00
-2.496342834102238673e-01
2.539443431809298435e+00
1.550153333469197481e+00
5.309175238395558161e-01
-9.366961462596263832e-01
-4.851075308199680469e-01
1.212492511506904069e+00
-1.455242884575273621e+00
-9.699216292473291645e-01
5.487048499916088451e-01
-1.226793392425507445e+00
1.017326547477490628e+00
1.053691142247371593e+00
-1.383206085099162763e+00
1.069086026020173108e+00
1.544143644040215868e+00
6.053473800786118852e-02
-9.290838090476954969e-01
-1.376306680043861030e+00
1.279818651841922561e+00
-1.143095695642050824e+00
-4.609128163144218249e+00
-4.997412750659884217e-01
-4.493276838536857110e-01
-3.311358890870035321e+00
-2.034103619712813504e+00
-1.313264901736027390e+00
-8.103817281044561893e-03
-4.574924159915044752e-01
-1.512259968666736842e+00
1.235725331964315998e+00
5.494821304226473746e-01
-4.374526887821728049e-02
1.674233310823273424e+00
-9.696286419750619334e-01
-2.507450457513779041e-01
1.902470757183902350e+00
-1.216848917954828080e+00
-1.582207193770906573e+00
-1.615257344239442727e-01
5.321222697675533908e-01
2.606393106204699661e-01
-2.255198225434195791e+00
9.242695738691657503e-01
3.593434776098518135e+00
-5.446532893781995677e-01
6.360696743837499501e-01
3.392054514351732664e+00
2.048943483704841473e+00
1.888081254983860813e+00
8.703748725107437467e-01
1.438512132622569162e+00
2.114435241494211581e+00
-4.720540796391500260e-01
2.929884781079954426e-01
-3.032168109311139670e-02
-1.555879787540314307e+00
1.156663822859576030e+00
-5.627905195292788321e-01
-2.415933918494861388e+00
1.122545202467098546e+00
1.115687689161298346e+00
-2.638781724960262420e-01
-5.465942653396380635e-01
4.506216080840477201e-01
2.782462941142022750e+00
-7.780749380066900311e-01
-2.343056703744415437e+00
1.742360761398794367e+00
-4.175269772528594769e-01
-2.771550790377240503e+00
-1.483857868454751205e+00
-1.973294531188799716e+00
-1.253116281447014480e+00
-2.062107918129414852e+00
-2.661477308313798584e+00
-4.925266516403020711e-01
-1.328351369752187594e+00
-3.077453028151756476e-01
7.885170484332686414e-01
-1.753734933633545268e+00
1.037413197847611768e+00
2.522846684212306290e+00
-1.128499291273473260e+00
-4.564093385879058884e-01
9.637170838042923293e-01
8.827795293513561736e-01
-6.542987308957658454e-01
-2.667315489443228493e+00
9.798375768138030129e-01
1.282732896415150758e+00
-2.663990894606763860e+00
1.131080087481610708e-01
1.731434277641429986e+00
5.243152255289236230e-01
1.551933337248665890e+00
9.825727784108667651e-01
2.071260589036281186e+00
2.809016994374946563e+00
1.219379743133271798e+00
2.156658486435853561e+00
7.856568358912050520e-01
4.063329537602536901e-01
2.660317204240276734e+00
-1.049121821672126531e+00
-1.991056571880929216e+00
1.517506058979093186e+00
-1.666760223521290829e-02
-1.528677693982755104e+00
-1.227095607053820814e+00
5.335862074140979017e-01
2.017781839849503100e+00
-1.559957173301031119e+00
-6.616239450850772696e-01
2.982934023217379771e+00
-6.356722508595469279e-02
-6.964206482232930817e-01
4.322777236040179494e-01
-8.740807125645987385e-01
-1.915729428489068020e-01
-1.492930664002623642e+00
-2.419471297447024050e+00
-1.395243273369130232e+00
-2.414213562373091815e+00
-1.039902837614713249e+00
-1.609186796880508030e+00
-3.532210693614164398e+00
7.561644367870931083e-01
8.854067442343728223e-01
-2.335670425022478902e+00
6.869910583786753566e-02
1.608029290025484226e+00
1.222484456277862952e+00
-4.359633079661380251e-01
-1.188215661412175272e+00
2.279004186232244322e+00
4.435677680704494530e-01
-2.643464964313503529e+00
4.297764858882756611e-01
1.621161031245055284e-02
-9.766440580136032112e-01
3.118118523976847190e-01
-7.577851359004511567e-01
6.340176006745463777e-01
1.640790319561769017e+00
9.852309642611815077e-01
1.968744418842760524e+00
8.275591811661809905e-01
2.412214747707481788e+00
3.951906099740349010e+00
-4.988045058964809542e-01
4.596100620600187536e-01
3.344205470911862932e+00
2.635009337488138925e-01
-1.095279332134850847e+00
-6.772243012229739456e-01
6.647929070789059258e-01
5.934875411419062718e-01
-2.755457978498554006e+00
-3.548555606064134893e-01
1.887698491337568729e+00
-1.092378858348121984e+00
2.051065876034580127e-01
8.968145876166977448e-01
-1.470205443357891495e-01
1.469237690394831652e+00
7.136809398616961175e-02
-8.272662274659374759e-01
-2.372124694542279144e-01
-9.966934642212557094e-01
-1.710432952027368669e-01
-2.619755335373422866e+00
-3.646419129068392717e+00
5.981133053748901585e-01
-1.608293135164352128e+00
-4.128732364158230084e+00
-6.966385926887487257e-01
1.841033438603740802e-01
-3.126186854142283256e-01
-1.299372670896318693e+00
-4.928109210378927019e-01
2.677068774808047280e+00
6.100298210361247697e-02
-1.126763324738805583e+00
1.708337691713408546e+00
-1.413681665832596801e-01
-2.844948875622225204e-01
4.086977414042908263e-01
-1.719258470510756531e+00
-2.824790470919873453e-01
3.454938439961734442e-01
-4.629498610330528008e-01
-1.002357911725384465e-01
-6.440729076655502539e-01
2.333097240528469563e+00
2.635358948219848507e+00
-1.164771604063739918e+00
2.242776669003402112e+00
4.309016994374944787e+00
8.644045059672521569e-01
7.349389772261742948e-01
1.395497524243167753e+00
2.142197914736825304e+00
8.588912391408641822e-01
-1.980763159531636397e+00
6.258807453336701077e-01
7.253648006710290419e-01
-1.894858296758618055e+00
1.230961834195369864e-01
-5.181070728691741234e-01
-8.495015511011863030e-01
1.564144435041263215e+00
-7.724021306375161711e-02
-3.713431460966795106e-01
8.054399344072202815e-01
8.956450295533759931e-01
1.217959529546742248e+00
-1.875780006599343963e+00
-1.228968627421406890e+00
2.023449476267533242e+00
-2.315326287172769337e+00
-3.737158413093986997e+00
-5.292834740466454413e-01
-1.280581559408601189e+00
-2.136159644048657213e+00
-2.822541801339978118e+00
-1.401816872519265678e+00
9.023791359993532657e-01
-1.623793196021948715e+00
-8.153149774432889574e-01
1.441477277717872596e+00
-4.310358746434194144e-01
1.101879778695096901e+00
1.075819236855019456e+00
-1.290502886538631655e+00
7.899067735860727524e-01
7.890899248897043083e-01
-7.230085262367924592e-01
-1.149450827621256277e+00
-1.251802901304435389e+00
1.602016004951421380e+00
-1.236406153436526711e-01
-2.795466754082112537e+00
2.053162506490130657e+00
2.577831888626437973e+00
-2.738142748089585909e-01
1.278394752276517332e+00
2.235945338483682043e+00
2.999999999999991118e+00
1.733418074980373147e+00
1.324794221946214989e-01
2.610163200544146633e+00
1.237528832777199828e+00
-4.351285177402186566e-01
1.119003057651042354e+00
-1.205683348376784370e+00
-7.619784575346902900e-01
1.237848752135306096e+00
-1.468583161128656389e+00
-1.248730414047166892e+00
4.196657398403326189e-01
9.172120713695298688e-01
7.125458678277944990e-01
-1.693853225604879720e+00
1.055381550390051215e+00
3.096225047402121344e+00
-1.815270480257672014e+00
-1.227327269678518018e+00
1.241827184771777226e+00
-8.434072128884644304e-01
-1.684057311558802006e+00
-2.556791178389103969e+00
-1.582041691298139874e+00
-7.194184405914515468e-01
-3.188917861300204493e+00
-1.642174566634943433e+00
-7.705478969054153637e-01
-1.964477553156607437e+00
8.470026161714192536e-01
-1.668622405226118377e-01
-1.591752732086630484e+00
1.769544143205276310e+00
1.351821394677989563e+00
-2.466908426532130605e-01
-5.007168056470727713e-01
1.429744099143032132e-01
2.058257215831173159e+00
-1.453631867414626688e+00
-2.741130172169503165e+00
1.880904147589413711e+00
1.146727467459355831e-01
-1.955204709054195966e+00
3.042994631005172534e-01
7.591427496090222826e-01
1.673162806666773417e+00
9.408514014920892343e-01
6.759351972448933710e-01
3.104958907496690124e+00
1.690983005625129154e+00
1.726586744460637313e+00
2.575645778534896735e+00
-2.990100224847235255e-01
1.482263480875081640e+00
2.262106896415572166e+00
-1.576227905258488216e+00
-8.663741026874626217e-01
4.945437034206267568e-01
2.685248979228621602e-01
-8.987755182390846365e-01
-2.380436681688280043e+00
1.493250552292165967e+00
1.848487011538884728e+00
-2.286294710424263243e+00
5.087293359889623057e-01
2.096258346981485055e+00
-1.187960204931104435e-02
1.190177184981120462e-01
-7.432695762255653316e-01
-6.934732583591479704e-02
-1.251314207494153008e-01
-2.389235591389406999e+00
-1.250600615570810925e+00
-2.109908200182476268e+00
-2.598113305374901483e+00
-7.178220627849996038e-02
-2.759577644355649895e+00
-2.914830888875341586e+00
1.055665387332150429e+00
-1.447535417959030513e-01
-1.215376019656017714e+00
-4.451612965259965637e-01
1.195951482363930118e+00
2.304281873420864102e+00
-1.514848576366693678e+00
-7.830636063142331071e-01
2.799497703303729601e+00
-6.789428266076267260e-01
-1.616883379677472643e+00
1.374239897487093964e-01
-6.074416903110015920e-01
1.752446403378941087e-01
-6.520996624974485512e-01
-5.811843642962943868e-01
1.354533055000980868e+00
4.711552504918065098e-01
1.876738863675155855e+00
1.909678680367727921e+00
1.745731372373293677e-02
3.587785252292395644e+00
3.141804232298118116e+00
-5.578702443716341275e-01
1.351117961473963014e+00
2.174570401841792400e+00
9.840163880752902381e-01
-9.186785605304971236e-01
-1.641135816118271862e+00
1.816681605430247037e+00
-3.016575948140604035e-02
-3.047810474638156464e+00
6.717260240294961049e-01
7.651878966595067055e-01
-5.718853412765576572e-01
6.102586427014073944e-01
-1.820706807838021746e-01
9.347768728071832456e-01
1.057159882733229583e+00
-4.424923083776218791e-01
2.930281779005030618e-01
-1.267372755484551528e+00
-6.971925136761003561e-01
4.463365095362006318e-01
-3.770146182848525651e+00
-2.678298497732147343e+00
4.142135623730642813e-01
-2.322958061977692168e+00
-2.959861682282084683e+00
-1.592943520075320141e+00
2.505448659597558914e-01
4.921147013145439342e-01
-2.474919970725954599e+00
3.226274456834701265e-01
2.728756397844573467e+00
-8.256726941322944935e-01
4.358995633519657797e-02
9.820001545901273499e-01
-3.106629948938610664e-01
6.751694573159358059e-01
-7.446433332300417263e-01
-1.089356294767168887e+00
2.713453066081505938e-03
-6.774685115623373388e-01
6.617326081604854027e-01
-6.273418747590122635e-01
-1.042283215490392489e+00
3.409027767643380002e+00
1.550692089844035060e+00
-7.457843119647515895e-01
2.749983670330866659e+00
3.190983005625048996e+00
1.898102824427800206e+00
4.283013960602584103e-01
7.844155884865233741e-01
3.291045495874696414e+00
-1.134002888916300911e-01
-1.789571705179138661e+00
1.334666930886253766e+00
-4.426953489983441736e-01
-9.937917259828799033e-01
4.928150069328030014e-02
-1.317440209388147654e+00
3.259761353785570748e-01
7.434017611514363022e-01
-1.215476801229696813e-01
5.104653025234582309e-01
-3.655853551271893709e-01
1.627775974911002344e+00
1.379941731093949908e+00
-2.831159295555178534e+00
-7.422070843505618187e-02
1.387323292863196667e+00
-2.593347532437807246e+00
-2.717855671415279062e+00
-1.656093417217513686e+00
-7.468837185530071698e-01
-1.744906804157978275e+00
-3.895475111274286473e+00
-3.143233937008919621e-01
4.764989003638354648e-01
-2.124326772648827522e+00
3.004144566224898893e-01
4.042817354667738727e-01
-1.172737683834637057e-01
1.706639721001118160e+00
-7.143972341018933747e-02
-3.140788462148801363e-01
5.914311557943723319e-01
8.621046226296669168e-02
4.441949782109725353e-01
-2.055243469220595642e+00
-1.170617972028725973e+00
2.395917334957115230e+00
-1.299002282627284455e+00
-1.969452174539069844e+00
2.090088068389029274e+00
1.700925479909365823e+00
8.978367931126119972e-01
5.404993019603099302e-01
2.081282158480180389e+00
3.951056516295149201e+00
5.773088991124963876e-01
7.748045000875073418e-01
2.881002215113400489e+00
2.219259453050765885e-01
6.937644148806878519e-01
5.787345290030820877e-01
-1.589963274341065880e+00
3.079152776492827259e-01
1.475715852549236706e-01
-1.035826794978846443e+00
-7.548900223291038492e-01
-6.937150924539968733e-01
1.957863890707101318e+00
3.916716232642130091e-01
-2.292267299573177652e+00
2.201006597963228284e+00
2.115707042335965404e+00
-1.609518534504129850e+00
-5.303822784552626457e-01
7.552640474133975879e-02
6.707574039190494775e-02
-1.772609282341982340e+00
-3.345229360016293008e+00
-4.068424444768861115e-01
-1.550672316146184393e+00
-3.218460060280754487e+00
-7.702048165848512928e-01
-1.942778488436168960e+00
-1.220846728731134867e+00
9.943406687938834976e-01
-1.113558438074201629e+00
-4.343279405478893129e-01
1.121045528718431550e+00
1.088175303064938593e+00
7.651720963493980898e-01
-1.631648160958172333e+00
6.897922974780764660e-01
2.435549057155637076e+00
-2.520443790275411544e+00
-1.648112359502667879e+00
1.441288735406028865e+00
-3.724549640900519654e-01
-8.442164329004649970e-01
-7.397675501714298107e-01
1.087116464910220737e+00
2.265207387934400352e+00
-2.030945060741272679e-01
1.660508457881262112e+00
2.891938756515839870e+00
1.000000000000000000e+00
2.891938756515993525e+00
1.660508457881358257e+00
-2.030945060742779251e-01
2.265207387934394134e+00
1.087116464910458546e+00
-7.397675501713647517e-01
-8.442164329005726886e-01
-3.724549640901231307e-01
1.441288735406135668e+00
-1.648112359502549529e+00
-2.520443790275600282e+00
2.435549057155459440e+00
6.897922974782068062e-01
-1.631648160958109495e+00
7.651720963492931737e-01
1.088175303064804922e+00
1.121045528718496387e+00
-4.343279405476759281e-01
-1.113558438074248702e+00
9.943406687937490496e-01
-1.220846728731009634e+00
-1.942778488435996653e+00
-7.702048165848315309e-01
-3.218460060280881052e+00
-1.550672316146229690e+00
-4.068424444767002601e-01
-3.345229360016300557e+00
-1.772609282342215709e+00
6.707574039185190684e-02
7.552640474143590410e-02
-5.303822784552353342e-01
-1.609518534504084997e+00
2.115707042336177679e+00
2.201006597963419242e+00
-2.292267299573159889e+00
3.916716232642576956e-01
1.957863890706820653e+00
-6.937150924539268182e-01
-7.548900223289365385e-01
-1.035826794979020971e+00
1.475715852547407059e-01
3.079152776491933530e-01
-1.589963274340809196e+00
5.787345290031951084e-01
6.937644148805617306e-01
2.219259453052249143e-01
2.881002215113426690e+00
7.748045000872187948e-01
5.773088991122470315e-01
3.951056516295199383e+00
2.081282158480240785e+00
5.404993019604424909e-01
8.978367931125956769e-01
1.700925479909472848e+00
2.090088068389109210e+00
-1.969452174539248590e+00
-1.299002282627257143e+00
2.395917334957000655e+00
-1.170617972028796361e+00
-2.055243469220315866e+00
4.441949782108191025e-01
8.621046226280759672e-02
5.914311557943825459e-01
-3.140788462145662208e-01
-7.143972341046522789e-02
1.706639721000954291e+00
-1.172737683832467681e-01
4.042817354668412078e-01
3.004144566225899204e-01
-2.124326772648958528e+00
4.764989003638266940e-01
-3.143233937005135981e-01
-3.895475111274287361e+00
-1.744906804158342872e+00
-7.468837185527720246e-01
-1.656093417217302077e+00
-2.717855671415106311e+00
-2.593347532437964009e+00
1.387323292862809199e+00
-7.422070843470940371e-02
-2.831159295555301991e+00
1.379941731093404345e+00
1.627775974911197521e+00
-3.655853551270908941e-01
5.104653025237031461e-01
-1.215476801230477299e-01
7.434017611510967960e-01
3.259761353787865579e-01
-1.317440209388064831e+00
4.928150069326331373e-02
-9.937917259829126548e-01
-4.426953489982673462e-01
1.334666930886386549e+00
-1.789571705179399785e+00
-1.134002888918816954e-01
3.291045495874707960e+00
7.844155884866600426e-01
4.283013960600899894e-01
1.898102824427757573e+00
3.190983005624957958e+00
2.749983670331165975e+00
-7.457843119645720664e-01
1.550692089843774379e+00
3.409027767643377782e+00
-1.042283215490205972e+00
-6.273418747588443978e-01
6.617326081602796783e-01
-6.774685115623043652e-01
2.713453066245818945e-03
-1.089356294767047650e+00
-7.446433332302211383e-01
6.751694573158034673e-01
-3.106629948939290120e-01
9.820001545901818618e-01
4.358995633532569691e-02
-8.256726941324221691e-01
2.728756397844581905e+00
3.226274456836126237e-01
-2.474919970726098040e+00
4.921147013143153393e-01
2.505448659599381900e-01
-1.592943520075145170e+00
-2.959861682281925699e+00
-2.322958061977853816e+00
4.142135623731196814e-01
-2.678298497732062522e+00
-3.770146182848674865e+00
4.463365095359925760e-01
-6.971925136761509822e-01
-1.267372755484321933e+00
2.930281779005495801e-01
-4.424923083777280164e-01
1.057159882733106127e+00
9.347768728071530475e-01
-1.820706807836908192e-01
6.102586427012696157e-01
-5.718853412765787514e-01
7.651878966595104803e-01
6.717260240297638907e-01
-3.047810474638176448e+00
-3.016575948158256582e-02
1.816681605430481738e+00
-1.641135816118147961e+00
-9.186785605307032920e-01
9.840163880751165992e-01
2.174570401841827483e+00
1.351117961474009199e+00
-5.578702443716676562e-01
3.141804232298024413e+00
3.587785252292434723e+00
1.745731372390590952e-02
1.909678680367749237e+00
1.876738863674960900e+00
4.711552504917091433e-01
1.354533055001185371e+00
-5.811843642961951328e-01
-6.520996624977398737e-01
1.752446403378157269e-01
-6.074416903108621479e-01
1.374239897487827822e-01
-1.616883379677638288e+00
-6.789428266075385743e-01
2.799497703303789109e+00
-7.830636063144714720e-01
-1.514848576366669253e+00
2.304281873420861437e+00
1.195951482363878382e+00
-4.451612965259306165e-01
-1.215376019656010609e+00
-1.447535417958688564e-01
1.055665387332100913e+00
-2.914830888875375337e+00
-2.759577644355374559e+00
-7.178220627867348824e-02
-2.598113305374930349e+00
-2.109908200182371019e+00
-1.250600615570877983e+00
-2.389235591389665458e+00
-1.251314207493940955e-01
-6.934732583554351071e-02
-7.432695762255394634e-01
1.190177184980690805e-01
-1.187960204942439812e-02
2.096258346981668907e+00
5.087293359886490007e-01
-2.286294710424348509e+00
1.848487011538953562e+00
1.493250552292632705e+00
-2.380436681687926992e+00
-8.987755182393540876e-01
2.685248979227925492e-01
4.945437034205719673e-01
-8.663741026870391826e-01
-1.576227905258642092e+00
2.262106896415124524e+00
1.482263480875402939e+00
-2.990100224846556909e-01
2.575645778534732422e+00
1.726586744460504086e+00
1.690983005624981939e+00
3.104958907496830012e+00
6.759351972451026480e-01
9.408514014918316626e-01
1.673162806666812275e+00
7.591427496093344773e-01
3.042994631006730177e-01
-1.955204709054220169e+00
1.146727467455261884e-01
1.880904147589727238e+00
-2.741130172169150114e+00
-1.453631867415114742e+00
2.058257215831087450e+00
1.429744099146176284e-01
-5.007168056470204798e-01
-2.466908426534320520e-01
1.351821394677606536e+00
1.769544143205567632e+00
-1.591752732086151312e+00
-1.668622405226730665e-01
8.470026161713597457e-01
-1.964477553156496192e+00
-7.705478969053672911e-01
-1.642174566635016930e+00
-3.188917861300431866e+00
-7.194184405913637281e-01
-1.582041691297850772e+00
-2.556791178388984509e+00
-1.684057311558928349e+00
-8.434072128886902497e-01
1.241827184771864268e+00
-1.227327269678348376e+00
-1.815270480258074359e+00
3.096225047401941932e+00
1.055381550390254386e+00
-1.693853225604824209e+00
7.125458678276199720e-01
9.172120713695127714e-01
4.196657398405596040e-01
-1.248730414046897330e+00
-1.468583161128663939e+00
1.237848752135107144e+00
-7.619784575346717492e-01
-1.205683348376731523e+00
1.119003057650897137e+00
-4.351285177404597970e-01
1.237528832777228027e+00
2.610163200544424633e+00
1.324794221946109518e-01
1.733418074980194623e+00
2.999999999999912514e+00
2.235945338483930733e+00
1.278394752276497126e+00
-2.738142748090072187e-01
2.577831888626317181e+00
2.053162506490303407e+00
-2.795466754082082339e+00
-1.236406153438626143e-01
1.602016004951536843e+00
-1.251802901304460036e+00
-1.149450827621226079e+00
-7.230085262368968202e-01
7.890899248896239282e-01
7.899067735861760031e-01
-1.290502886538493765e+00
1.075819236855054095e+00
1.101879778694885736e+00
-4.310358746433368138e-01
1.441477277717964967e+00
-8.153149774435395347e-01
-1.623793196021949603e+00
9.023791359994745021e-01
-1.401816872519095591e+00
-2.822541801340113121e+00
-2.136159644048690964e+00
-1.280581559408652037e+00
-5.292834740465396370e-01
-3.737158413093942588e+00
-2.315326287172815967e+00
2.023449476267479508e+00
-1.228968627421614723e+00
-1.875780006599327310e+00
1.217959529546523978e+00
8.956450295532866201e-01
8.054399344074688605e-01
-3.713431460965049835e-01
-7.724021306367023776e-02
1.564144435041026959e+00
-8.495015511011577702e-01
-5.181070728691660188e-01
1.230961834193066151e-01
-1.894858296758717753e+00
7.253648006710493590e-01
6.258807453337822402e-01
-1.980763159531659712e+00
8.588912391409130320e-01
2.142197914736855502e+00
1.395497524243203724e+00
7.349389772261459841e-01
8.644045059672873510e-01
4.309016994374958998e+00
2.242776669003295975e+00
-1.164771604063633781e+00
2.635358948219940878e+00
2.333097240528268834e+00
-6.440729076653067819e-01
-1.002357911725270112e-01
-4.629498610331622688e-01
3.454938439961385277e-01
-2.824790470920144347e-01
-1.719258470510712122e+00
4.086977414039740797e-01
-2.844948875624038753e-01
-1.413681665833039780e-01
1.708337691713508910e+00
-1.126763324738675021e+00
6.100298210329793691e-02
2.677068774808132101e+00
-4.928109210375667404e-01
-1.299372670896461912e+00
-3.126186854144741289e-01
1.841033438604021688e-01
-6.966385926883169599e-01
-4.128732364158104851e+00
-1.608293135164750698e+00
5.981133053749646544e-01
-3.646419129068084963e+00
-2.619755335373748384e+00
-1.710432952027778897e-01
-9.966934642212303963e-01
-2.372124694541053458e-01
-8.272662274658713066e-01
7.136809398602611543e-02
1.469237690394709528e+00
-1.470205443356752406e-01
8.968145876167336050e-01
2.051065876035464974e-01
-1.092378858348199033e+00
1.887698491337527429e+00
-3.548555606060148082e-01
-2.755457978498750293e+00
5.934875411416979940e-01
6.647929070790826733e-01
-6.772243012227721071e-01
-1.095279332134839745e+00
2.635009337484575109e-01
3.344205470911862044e+00
4.596100620603190690e-01
-4.988045058967299772e-01
3.951906099740113198e+00
2.412214747707624340e+00
8.275591811662155184e-01
1.968744418842841348e+00
9.852309642612060436e-01
1.640790319561737709e+00
6.340176006748829973e-01
-7.577851359003890952e-01
3.118118523975038636e-01
-9.766440580136797056e-01
1.621161031240275774e-02
4.297764858883917904e-01
-2.643464964313668730e+00
4.435677680704367409e-01
2.279004186232345575e+00
-1.188215661412092672e+00
-4.359633079662313948e-01
1.222484456277861398e+00
1.608029290025544178e+00
6.869910583793614745e-02
-2.335670425022496666e+00
8.854067442341518879e-01
7.561644367871043215e-01
-3.532210693613903718e+00
-1.609186796880413883e+00
-1.039902837614676168e+00
-2.414213562373157096e+00
-1.395243273368983239e+00
-2.419471297447073344e+00
-1.492930664003049968e+00
-1.915729428488536223e-01
-8.740807125644516340e-01
4.322777236041198679e-01
-6.964206482235627549e-01
-6.356722508602763444e-02
2.982934023217533870e+00
-6.616239450851625348e-01
-1.559957173301276256e+00
2.017781839849588366e+00
5.335862074142203593e-01
-1.227095607053601878e+00
-1.528677693982580577e+00
-1.666760223538032992e-02
1.517506058979032346e+00
-1.991056571880925219e+00
-1.049121821672459154e+00
2.660317204240198574e+00
4.063329537602781150e-01
7.856568358915594352e-01
2.156658486435961919e+00
1.219379743132917859e+00
2.809016994375006071e+00
2.071260589036067135e+00
9.825727784108180263e-01
1.551933337248581735e+00
5.243152255289458274e-01
1.731434277641922703e+00
1.131080087483524732e-01
-2.663990894606810045e+00
1.282732896415139656e+00
9.798375768140378250e-01
-2.667315489443244481e+00
-6.542987308958490011e-01
8.827795293511234709e-01
9.637170838042340426e-01
-4.564093385877738829e-01
-1.128499291273563410e+00
2.522846684212438184e+00
1.037413197847747881e+00
-1.753734933633311233e+00
7.885170484333415830e-01
-3.077453028155101578e-01
-1.328351369752213129e+00
-4.925266516402571071e-01
-2.661477308313910939e+00
-2.062107918129294504e+00
-1.253116281446976732e+00
-1.973294531188551693e+00
-1.483857868454658391e+00
-2.771550790377142803e+00
-4.175269772529528467e-01
1.742360761398773938e+00
-2.343056703744650360e+00
-7.780749380069418297e-01
2.782462941142048507e+00
4.506216080840399485e-01
-5.465942653393647266e-01
-2.638781724959276542e-01
1.115687689161332319e+00
1.122545202467316816e+00
-2.415933918494564736e+00
-5.627905195295055396e-01
1.156663822859834934e+00
-1.555879787540149994e+00
-3.032168109316224491e-02
2.929884781079119538e-01
-4.720540796396464622e-01
2.114435241494046824e+00
1.438512132622748574e+00
8.703748725107873785e-01
1.888081254983766444e+00
2.048943483704811275e+00
3.392054514352039973e+00
6.360696743838194500e-01
-5.446532893785114293e-01
3.593434776098443972e+00
9.242695738696016239e-01
-2.255198225434044357e+00
2.606393106202433696e-01
5.321222697675517255e-01
-1.615257344238079928e-01
-1.582207193770547082e+00
-1.216848917955064557e+00
1.902470757183796435e+00
-2.507450457512008235e-01
-9.696286419752373487e-01
1.674233310823231236e+00
-4.374526887841789780e-02
5.494821304227449632e-01
1.235725331964685925e+00
-1.512259968666734178e+00
-4.574924159916382571e-01
-8.103817281066176548e-03
-1.313264901735835766e+00
-2.034103619712837485e+00
-3.311358890870170324e+00
-4.493276838535327222e-01
-4.997412750656620162e-01
-4.609128163144162293e+00
-1.143095695642358800e+00
1.279818651841689636e+00
-1.376306680043925201e+00
-9.290838090477051558e-01
6.053473800751502099e-02
1.544143644039895680e+00
1.069086026020505509e+00
-1.383206085098972249e+00
1.053691142247378254e+00
1.017326547477534593e+00
-1.226793392425395091e+00
5.487048499916207245e-01
-9.699216292475769663e-01
-1.455242884575584483e+00
1.212492511507032855e+00
-4.851075308197827507e-01
-9.366961462594670662e-01
5.309175238395871244e-01
1.550153333469122874e+00
2.539443431809421003e+00
-2.496342834104053610e-01
1.077424656947846504e+00
