5.000000000000000000e+00
8.789025252653258624e-01
4.475286906823992550e-01
1.580093938365368045e+00
-9.045006020061274743e-01
1.687475731289143299e+00
7.643463913355651451e-01
-1.520804254114870080e+00
7.866605425176032007e-02
9.825630177638381424e-01
2.340585745796950778e+00
1.829112454516353736e+00
1.461389142161336974e+00
5.140180119512991475e-01
7.984517839188531863e-02
2.709702883054501577e+00
-4.784540365953205421e-01
-1.635153047688367112e+00
1.012178987970382416e-01
-2.352219548895588375e+00
1.426174794848918959e+00
1.994622669225657674e+00
-1.637253158885644932e+00
1.368421270811958523e+00
6.413444791235567433e-01
4.416788403346783576e-01
1.917978935831075038e+00
-1.546620960442920634e+00
-2.196139544386580322e+00
-1.357092479963133425e+00
-5.884822648948626611e-01
-5.442975425005515122e-01
-1.381251916059293983e+00
-4.411476453973203204e-01
-1.245647342247840683e+00
1.248964025422846458e+00
2.004687807940525257e+00
-2.244904343265477387e+00
-4.388981586394689605e-01
-1.522031557103787236e+00
-2.627858841591689032e+00
8.644932195286845200e-01
-2.943034316508587267e+00
-3.134808571853580972e+00
-4.605892195127403443e-02
-1.144277705972647441e+00
1.062468155835439187e+00
4.590482626994898951e-01
-1.683445932222224828e+00
-7.988308585375288873e-01
-3.632712640026874995e-01
-2.450880697294058885e-01
-2.351182355091076204e+00
-2.288287346775679243e+00
-2.029627290127708594e+00
-1.995177607034973821e+00
1.801114382596995522e+00
-6.081530759061519742e-01
-1.552420275261814808e+00
1.614571875736707351e+00
-9.190644977888581257e-01
1.101109844999369702e+00
9.866479180007425853e-01
-3.592253042439202737e+00
-9.618843692673284540e-01
-6.458619196639229232e-01
-9.133847931103152851e-01
7.665864083562830000e-01
-8.823211978385229193e-01
-2.405032694341182609e-01
1.325079637024332069e+00
2.435431595087643064e+00
1.276908548154397582e+00
-6.838841696919859547e-01
4.336433379650679321e-01
-1.096681816406746890e+00
4.288235124123550568e-01
1.507455107936773953e+00
-2.591288993430552523e+00
5.446859398891075177e-01
1.718810130075569376e+00
6.754267214885351089e-01
4.086978779308536147e+00
7.051355891494943684e-01
-2.962900725433406657e-01
2.439580578313503167e+00
6.034022840654755804e-01
8.443416915130560474e-01
-7.617179423291164930e-02
-1.216508305634119491e+00
2.849082425714982714e-01
1.734262741782827355e+00
2.676061181870660999e+00
5.308987862105727373e-01
1.414439907626070081e+00
2.275196490388958992e+00
7.583546587906185854e-01
3.192473782096545865e+00
-1.825033478206249393e-01
-2.319226481054446509e+00
1.499999999999985345e+00
-6.027946184108077254e-01
8.307532730025813938e-01
1.921193985347716904e+00
-1.410672967828224156e+00
1.697981533325873205e+00
2.671919413571858914e+00
1.294853254518267383e+00
1.184508534727689799e+00
-8.330166313522204824e-01
-8.208490392293591453e-01
-3.773436922142844874e-01
4.915009194036467077e-01
-7.867265473500352213e-01
-2.264428928560608956e+00
8.970450205369637775e-01
2.057058412523729007e-01
1.166304892451894615e+00
2.431459093330935683e+00
-2.361625270452889502e+00
-1.361522981890254114e-01
8.199725179321957214e-01
-2.122094710453120481e+00
-3.605952497732778372e-02
-2.626171363217634447e+00
-3.121320343559684574e+00
6.074252834776644461e-01
-8.242868809313053102e-02
-1.236032396928055110e-02
-4.823236875064248474e-01
-7.242837789466836096e-01
-4.448016256990960926e-02
-3.094511477067307670e-02
-1.368727410802306199e-01
-3.551333177272074870e+00
-2.589099137390340921e+00
-6.372454882237233997e-01
-2.395461214479763346e+00
5.745150943618251294e-01
-1.142139719463787895e+00
-2.653906835547422460e+00
2.143102478641995212e+00
5.008584783235503490e-02
-4.619548491223219311e-01
2.794425032317171542e-02
-3.458899210368159061e+00
-1.262937055971202760e+00
-2.638858181292227933e-01
-1.626244975519288483e+00
-1.519537162819155407e+00
-1.538841768587640546e+00
1.943682395249924921e-01
7.311759993816110414e-01
1.733788674755241566e+00
2.668628685058354044e-01
-2.060990878908519619e+00
1.116755941782686001e+00
-4.075955948932766804e-01
-1.193853830202258326e+00
4.831998747090017199e-01
-3.356375164909994879e+00
-2.855467726769149173e-01
2.484655841881338034e+00
-1.348316827271782703e-01
1.937557832355975229e+00
6.065614129466859739e-01
-5.951548359734266935e-02
2.535791569091554898e+00
9.505779125719077127e-01
-4.198989283575077502e-01
-1.264536138794723596e+00
-3.589459709296021761e-01
6.796267982991717194e-01
8.577154989325380674e-01
2.104444269110915755e+00
-3.895750352201748368e-01
1.316513881559362442e+00
3.993376681872961687e+00
6.967485360245769810e-01
2.123191689705036023e+00
3.325485345608819032e-01
-2.116266476780618966e+00
2.346647419905572907e+00
5.077155127272202639e-01
-5.031921714863893946e-01
1.275403774611742591e+00
-2.068376611879776394e-01
2.285736455852712901e+00
3.327274933264903201e+00
1.592201683455639616e+00
5.272861253285037186e-01
1.330005374961200637e-01
1.326633748372085808e+00
2.586167883108267396e-02
3.004514856699997960e-01
-4.968019756191001113e-01
-2.308594165139171928e+00
2.302918088382058137e+00
1.679760936413874362e+00
2.193973618152649241e-01
2.500000000000018652e+00
-1.022950889280898945e+00
6.913306916149516423e-01
2.547470320722326598e+00
-1.685557992424134621e+00
-1.030488830976749703e+00
-1.535815831799323572e+00
-1.669010116345976513e+00
8.679607689848050089e-01
1.879738792232010791e-01
-4.648864063208579811e-01
-7.378734140945987230e-01
1.037765944795621564e+00
1.237156110659528796e+00
-5.992040398748947894e-01
-3.385113734945510711e-02
-3.163043938311624448e+00
-2.202691619551603530e+00
8.802196290292058078e-01
-2.781178958071107488e+00
-1.103116480648026032e+00
-6.568911516932991468e-01
-2.218564932737515427e+00
2.319132600952981793e+00
5.861123993852290770e-01
-1.734572059148147050e+00
-5.646543629472215997e-01
-2.028870885634522558e+00
-9.795901881052342386e-01
-9.411380141558580714e-01
-2.301468319708548371e+00
-2.751601523390814208e+00
-1.682644955943492615e+00
1.100687765322625911e+00
-2.995559360758473511e-01
6.918694963437255208e-02
1.388806123118238034e-01
-2.324576695171300056e+00
1.444157468551055645e+00
-3.329163022202744071e-02
-3.251856287459285788e+00
-6.400253485577930279e-01
-2.805931485055962682e+00
-9.417560413995222923e-01
1.948818971549718615e+00
-1.238929244494282100e+00
-1.079032467904489367e-01
7.628837266817283247e-01
7.432153962987181339e-01
1.619730913012601636e+00
3.974598428158060415e-14
-1.150358017419027767e+00
-1.969536608600324756e+00
2.578383277437238386e-01
6.926082390695815771e-01
-1.281217776845774647e+00
1.060000940665587255e+00
-2.655147463148829212e-01
9.732316010414988616e-01
4.495631777190836509e+00
1.578830995943647508e-02
4.050903654931113373e-01
1.160014474666700490e+00
-1.237690769848494909e+00
1.923866749004145671e+00
3.732765345305983917e-01
-1.685578074759261025e+00
6.431690757062822339e-01
1.156352808157345979e+00
2.503091052137596417e+00
2.301468319708608767e+00
1.479736888283788465e+00
7.479741455639583592e-01
9.158549673073117514e-01
2.911155932402656799e+00
-2.654279408518739891e-01
-7.893067889245394264e-01
4.970004836345104926e-01
-1.518277829979184146e+00
2.667988236560025150e+00
2.339184458147668622e+00
-8.446432151900926666e-01
2.561947028442507879e+00
1.208360036865676612e+00
1.429072005593667427e+00
2.827455630684477583e+00
-1.212381243323525926e+00
-1.180115365815272988e+00
-1.367111678381106032e-01
1.149126007062223620e-01
4.648864063209174335e-01
-3.244743643031892111e-01
2.152138566864874036e-01
-3.959360562559280372e-02
2.401328564098482499e+00
2.314567874817314852e+00
-1.448842958849627660e+00
4.002664301099723154e-01
-1.168126645573570599e+00
-1.589729186228826752e+00
1.500000000000031530e+00
-2.832077437324671099e+00
-2.156556890372692603e+00
6.448186624503260411e-01
-8.258067861347182514e-01
1.780881019459535697e+00
5.650612466294337999e-01
-1.734465400802557289e+00
-2.434591227008048309e-01
-2.695010225762004552e-01
-5.272861253285036076e-01
-2.215162496843912088e+00
-2.426220156307354880e+00
-2.228695711008452651e+00
-1.604747622010674002e+00
1.518200718723076159e+00
-1.230779761231411085e+00
-1.502047095413021172e+00
1.095519237566155990e+00
-1.509555696480762377e+00
9.035194429389568072e-01
-1.120946048382676086e-01
-4.433591298741225373e+00
-1.177243597285411836e+00
-1.519708271098790586e+00
-1.610424964779835433e+00
2.420573003445846139e-01
-1.970731417259762530e+00
-9.112428408404626978e-01
8.975448450575694848e-01
1.264536138794610576e+00
1.713884571043466920e-01
-1.476870060358020265e+00
-7.919347280626723995e-01
-1.925618527237771493e+00
-1.640979287816857202e-01
1.251895289599600503e-01
-3.427435782292494348e+00
1.195161013365520497e-01
6.573455079478497387e-01
1.203071874101774297e-01
3.372406553924078842e+00
-6.388460538121327748e-01
-7.996751928209540061e-01
1.892063970432468878e+00
-4.591561424316362161e-01
3.178421237733578542e-01
-7.130666203296098793e-01
-1.957497211683376648e+00
2.750046560684447083e-01
1.538841768587588810e+00
1.988910058412734827e+00
3.999237632177861657e-01
1.284607872554690555e+00
1.847642048250335289e+00
9.387521890279643122e-01
2.980875661892192330e+00
-7.453159385916516833e-01
-1.882785731846758903e+00
1.712503949990978658e+00
-5.821611419522901842e-01
1.513938454734667038e+00
2.029656848856201012e+00
-1.166806250540057821e+00
2.699992849539460948e+00
3.031562621555336179e+00
1.566199166436888834e+00
1.880729582109220255e+00
-4.953470330154154944e-01
-2.040303086834664992e-01
7.242837789466862741e-01
1.020922561634456383e+00
-2.192557185718193580e-01
-1.030587230234069063e+00
1.739076285977656511e+00
1.121320343559607524e+00
2.422976973678245383e+00
2.852192609564939030e+00
-1.614748052263551337e+00
1.191124566934390616e+00
1.372220275688700974e+00
-1.264196902808361944e+00
1.010707564140963743e+00
-2.160636475137706736e+00
-1.939677773970297503e+00
1.896559472797900714e+00
4.528436453619864022e-01
8.437672921944644466e-01
4.095538575539931503e-01
-2.456171211741558502e-01
8.208490392292926430e-01
6.965161462722065933e-01
-1.013339090563641909e-01
-3.003456976489722763e+00
-1.806406681272652026e+00
-4.139024894855128922e-01
-1.723727983445611400e+00
1.026542765484685038e+00
-1.307549226961310262e+00
-2.009885457098801620e+00
2.499999999999941824e+00
-2.934535944551719400e-01
-2.942926061380374270e-01
-2.447370312641144463e-01
-3.892755610064523086e+00
-9.911174465485553808e-01
-5.489271753267734866e-01
-2.239502508181965723e+00
-1.592886556199243575e+00
-1.870763226862929507e+00
-2.849082425716449318e-01
5.935474922458519043e-01
9.772265711904768448e-01
-7.873009466685843005e-01
-2.414987567264118784e+00
3.540239150212276531e-01
-1.437681860174410797e+00
-1.699467171835469248e+00
-6.448121218366394958e-01
-4.301248894749810425e+00
-4.827421525760555165e-01
1.466411144977638026e+00
-1.145553769286173695e+00
1.308677976650786112e+00
-6.320179019515981267e-01
-9.033181835933702386e-01
1.912858231490309091e+00
-4.291317486351046151e-01
-1.508524590695574652e+00
-1.896832720959518159e+00
-1.325079637024511481e+00
-8.007201819165254975e-03
3.560290500523936030e-01
9.772704326726577850e-01
-1.071749217724650372e+00
1.088325403828620974e+00
3.024631730583251077e+00
2.998557741950713673e-02
1.617524025217176309e+00
-7.293111097282884980e-01
-2.317003479711106984e+00
2.241034552896262966e+00
-2.802796087523544699e-01
-5.991177118081277841e-01
1.207705529618305684e+00
-5.249694143052867634e-01
2.614332282406776287e+00
3.309009401201331357e+00
1.124861142789448154e+00
7.144609653230337143e-01
3.632712640026696249e-01
1.268203754131032923e+00
4.571247199208182677e-01
5.616737917260302693e-01
-4.777631635562618051e-01
-1.375869315367553636e+00
3.054878834166439905e+00
1.927537784139327526e+00
1.110334432494338053e+00
2.991113209104401260e+00
-6.082091359081602810e-01
1.893830292374812485e+00
3.043070101857310750e+00
-1.317363121754189681e+00
5.805955337543799999e-02
-8.065005412577949118e-01
-7.394866685874350587e-01
2.185004486426272319e+00
8.549597682731553405e-01
2.957870712473142927e-01
5.884822648948655477e-01
1.895691354091005199e+00
1.964523501845410802e+00
4.336050421158454959e-01
4.285226336243223022e-01
-2.441678840334525091e+00
-8.445388686631944974e-01
1.447711813775648171e+00
-2.099589603830942952e+00
1.647441564083385046e-02
-1.901068173488667523e-01
-1.273602624365895775e+00
3.340948758674670227e+00
6.408214650026153869e-01
-1.255517896122559929e+00
8.390161028048270797e-02
-1.891430461590580148e+00
-4.569772671071106185e-01
-5.603343652035845945e-01
-2.452073267904574472e+00
-2.340585745797010730e+00
-1.119063502844025670e+00
1.004508571419442386e+00
-1.877994678562861786e-01
1.011663409636853750e-01
-4.033966874486442089e-01
-2.229900349267809112e+00
1.367642812466758784e+00
-9.243246446406810923e-01
-3.491582600775005929e+00
-1.000000000000000000e+00
-3.491582600774971290e+00
-9.243246446410591233e-01
1.367642812467029456e+00
-2.229900349267712745e+00
-4.033966874487605603e-01
1.011663409637436617e-01
-1.877994678565738929e-01
1.004508571419620022e+00
-1.119063502843858693e+00
-2.340585745797076012e+00
-2.452073267904548270e+00
-5.603343652038859091e-01
-4.569772671069470826e-01
-1.891430461590445145e+00
8.390161028035536539e-02
-1.255517896122462229e+00
6.408214650022591163e-01
3.340948758674773256e+00
-1.273602624365608227e+00
-1.901068173490710334e-01
1.647441564108553802e-02
-2.099589603831176987e+00
1.447711813775580669e+00
-8.445388686629248243e-01
-2.441678840334677414e+00
4.285226336241944045e-01
4.336050421156902868e-01
1.964523501845293563e+00
1.895691354091402880e+00
5.884822648949008528e-01
2.957870712473258390e-01
8.549597682731400194e-01
2.185004486426064041e+00
-7.394866685871389622e-01
-8.065005412579822064e-01
5.805955337535528837e-02
-1.317363121754306921e+00
3.043070101857433762e+00
1.893830292374884205e+00
-6.082091359081435167e-01
2.991113209104337312e+00
1.110334432494230139e+00
1.927537784139405019e+00
3.054878834166570911e+00
-1.375869315367590939e+00
-4.777631635563220902e-01
5.616737917260927748e-01
4.571247199206013856e-01
1.268203754131127070e+00
3.632712640027184747e-01
7.144609653229549995e-01
1.124861142789805868e+00
3.309009401201131517e+00
2.614332282406840235e+00
-5.249694143051082396e-01
1.207705529618221307e+00
-5.991177118081165709e-01
-2.802796087525232793e-01
2.241034552896287391e+00
-2.317003479710962210e+00
-7.293111097280715605e-01
1.617524025217040418e+00
2.998557741923313369e-02
3.024631730583064559e+00
1.088325403829289328e+00
-1.071749217724938141e+00
9.772704326724797053e-01
3.560290500524380120e-01
-8.007201819175358004e-03
-1.325079637023857337e+00
-1.896832720959709562e+00
-1.508524590695597745e+00
-4.291317486354256916e-01
1.912858231490311978e+00
-9.033181835928012493e-01
-6.320179019521398045e-01
1.308677976650808317e+00
-1.145553769286054901e+00
1.466411144977471048e+00
-4.827421525752305098e-01
-4.301248894749986285e+00
-6.448121218369231578e-01
-1.699467171835298718e+00
-1.437681860174690351e+00
3.540239150214261610e-01
-2.414987567264014867e+00
-7.873009466690418234e-01
9.772265711906289454e-01
5.935474922457704139e-01
-2.849082425713006517e-01
-1.870763226862810047e+00
-1.592886556199381243e+00
-2.239502508181966611e+00
-5.489271753270812404e-01
-9.911174465482354146e-01
-3.892755610064445371e+00
-2.447370312643901702e-01
-2.942926061379640412e-01
-2.934535944552962849e-01
2.500000000000083489e+00
-2.009885457098521400e+00
-1.307549226961616240e+00
1.026542765484844688e+00
-1.723727983445614509e+00
-4.139024894854557157e-01
-1.806406681272246351e+00
-3.003456976489907948e+00
-1.013339090564393530e-01
6.965161462721544128e-01
8.208490392293221749e-01
-2.456171211738832350e-01
4.095538575537077675e-01
8.437672921943769611e-01
4.528436453619644197e-01
1.896559472797789248e+00
-1.939677773969978869e+00
-2.160636475137977186e+00
1.010707564140876924e+00
-1.264196902808304435e+00
1.372220275688709412e+00
1.191124566934765205e+00
-1.614748052263645928e+00
2.852192609564703218e+00
2.422976973678351964e+00
1.121320343559516486e+00
1.739076285977860126e+00
-1.030587230234079277e+00
-2.192557185720275248e-01
1.020922561634513448e+00
7.242837789466090026e-01
-2.040303086831138923e-01
-4.953470330154439161e-01
1.880729582108863873e+00
1.566199166437014512e+00
3.031562621555195403e+00
2.699992849539753603e+00
-1.166806250539918377e+00
2.029656848855819540e+00
1.513938454735026085e+00
-5.821611419523694542e-01
1.712503949991108776e+00
-1.882785731846460475e+00
-7.453159385920655744e-01
2.980875661892188333e+00
9.387521890280264847e-01
1.847642048250309310e+00
1.284607872554842878e+00
3.999237632175036694e-01
1.988910058412750814e+00
1.538841768587640768e+00
2.750046560685235342e-01
-1.957497211683029592e+00
-7.130666203297532091e-01
3.178421237733974891e-01
-4.591561424315499518e-01
1.892063970432503961e+00
-7.996751928207985749e-01
-6.388460538121329968e-01
3.372406553923973593e+00
1.203071874102767946e-01
6.573455079479225693e-01
1.195161013367477265e-01
-3.427435782292674205e+00
1.251895289599851413e-01
-1.640979287817782017e-01
-1.925618527237660027e+00
-7.919347280625649299e-01
-1.476870060358078440e+00
1.713884571041945915e-01
1.264536138794890352e+00
8.975448450576606341e-01
-9.112428408404106284e-01
-1.970731417259723894e+00
2.420573003441615079e-01
-1.610424964779761492e+00
-1.519708271098830554e+00
-1.177243597285388077e+00
-4.433591298741224485e+00
-1.120946048383401061e-01
9.035194429390767112e-01
-1.509555696480667120e+00
1.095519237566217718e+00
-1.502047095413239441e+00
-1.230779761231475034e+00
1.518200718723223819e+00
-1.604747622010743502e+00
-2.228695711008398916e+00
-2.426220156307139941e+00
-2.215162496844147899e+00
-5.272861253284711891e-01
-2.695010225761346190e-01
-2.434591227006790426e-01
-1.734465400802295498e+00
5.650612466288598146e-01
1.780881019459666037e+00
-8.258067861344839944e-01
6.448186624501235364e-01
-2.156556890372064217e+00
-2.832077437325279501e+00
1.499999999999924283e+00
-1.589729186228458602e+00
-1.168126645573881239e+00
4.002664301103376898e-01
-1.448842958849814178e+00
2.314567874816877868e+00
2.401328564098900387e+00
-3.959360562533062455e-02
2.152138566866839131e-01
-3.244743643033171088e-01
4.648864063206409325e-01
1.149126007065539856e-01
-1.367111678380892315e-01
-1.180115365815068706e+00
-1.212381243323856772e+00
2.827455630683954890e+00
1.429072005594112404e+00
1.208360036865387066e+00
2.561947028442714824e+00
-8.446432151901357432e-01
2.339184458147256063e+00
2.667988236560555393e+00
-1.518277829979180815e+00
4.970004836344848465e-01
-7.893067889245269919e-01
-2.654279408521023065e-01
2.911155932402753610e+00
9.158549673074366515e-01
7.479741455639413727e-01
1.479736888283981422e+00
2.301468319708426691e+00
2.503091052137660810e+00
1.156352808157570244e+00
6.431690757060257724e-01
-1.685578074759110923e+00
3.732765345301286564e-01
1.923866749004253585e+00
-1.237690769848338146e+00
1.160014474666544393e+00
4.050903654934688292e-01
1.578830995917623881e-02
4.495631777190786771e+00
9.732316010419078678e-01
-2.655147463148840870e-01
1.060000940665819957e+00
-1.281217776845955836e+00
6.926082390694202617e-01
2.578383277440149390e-01
-1.969536608600280569e+00
-1.150358017419056633e+00
-1.758593271006247960e-13
1.619730913012380480e+00
7.432153962991293605e-01
7.628837266817461993e-01
-1.079032467903277004e-01
-1.238929244494436421e+00
1.948818971549538315e+00
-9.417560413988756984e-01
-2.805931485056067931e+00
-6.400253485577741541e-01
-3.251856287459330197e+00
-3.329163022210321343e-02
1.444157468551291457e+00
-2.324576695171259644e+00
1.388806123117013458e-01
6.918694963446114787e-02
-2.995559360759516565e-01
1.100687765322757805e+00
-1.682644955943451315e+00
-2.751601523390952764e+00
-2.301468319708376953e+00
-9.411380141559797519e-01
-9.795901881051338744e-01
-2.028870885634403542e+00
-5.646543629473204096e-01
-1.734572059148042245e+00
5.861123993849345348e-01
2.319132600953060397e+00
-2.218564932737315143e+00
-6.568911516933220174e-01
-1.103116480647876152e+00
-2.781178958071359286e+00
8.802196290292280123e-01
-2.202691619551399249e+00
-3.163043938311641767e+00
-3.385113734954048326e-02
-5.992040398750120289e-01
1.237156110659486608e+00
1.037765944795999928e+00
-7.378734140946381359e-01
-4.648864063208901776e-01
1.879738792231173683e-01
8.679607689847148588e-01
-1.669010116345601258e+00
-1.535815831799484776e+00
-1.030488830976791448e+00
-1.685557992424224771e+00
2.547470320722318160e+00
6.913306916150443460e-01
-1.022950889280950015e+00
2.499999999999925393e+00
2.193973618151520144e-01
1.679760936413933203e+00
2.302918088382215789e+00
-2.308594165139206567e+00
-4.968019756191440761e-01
3.004514856700114533e-01
2.586167883098025588e-02
1.326633748372159527e+00
1.330005374961782394e-01
5.272861253284051308e-01
1.592201683455947148e+00
3.327274933264733114e+00
2.285736455853173865e+00
-2.068376611878403049e-01
1.275403774611514773e+00
-5.031921714859669548e-01
5.077155127266123058e-01
2.346647419905942833e+00
-2.116266476780275241e+00
3.325485345604446974e-01
2.123191689705208773e+00
6.967485360242423598e-01
3.993376681872851997e+00
1.316513881559960186e+00
-3.895750352204918610e-01
2.104444269110867793e+00
8.577154989325816992e-01
6.796267982990510381e-01
-3.589459709290590550e-01
-1.264536138794848608e+00
-4.198989283577081455e-01
9.505779125717227496e-01
2.535791569091519371e+00
-5.951548359667860333e-02
6.065614129462810755e-01
1.937557832356072041e+00
-1.348316827272376672e-01
2.484655841881175498e+00
-2.855467726763145087e-01
-3.356375164910125442e+00
4.831998747088274149e-01
-1.193853830202171284e+00
-4.075955948932208917e-01
1.116755941783192263e+00
-2.060990878908503188e+00
2.668628685054184047e-01
1.733788674755490478e+00
7.311759993816137060e-01
1.943682395252582795e-01
-1.538841768587571490e+00
-1.519537162819421638e+00
-1.626244975519241187e+00
-2.638858181293187166e-01
-1.262937055970845712e+00
-3.458899210368207022e+00
2.794425032252956242e-02
-4.619548491219479525e-01
5.008584783192671086e-02
2.143102478642332276e+00
-2.653906835547181764e+00
-1.142139719464003278e+00
5.745150943619148354e-01
-2.395461214479747358e+00
-6.372454882237336138e-01
-2.589099137390134420e+00
-3.551333177272169905e+00
-1.368727410804106981e-01
-3.094511477071348882e-02
-4.448016257003328811e-02
-7.242837789461551434e-01
-4.823236875066976848e-01
-1.236032396921271648e-02
-8.242868809315861967e-02
6.074252834776229237e-01
-3.121320343559486066e+00
-2.626171363217906674e+00
-3.605952497739628448e-02
-2.122094710453112931e+00
8.199725179324038882e-01
-1.361522981883848682e-01
-2.361625270453236780e+00
2.431459093330662569e+00
1.166304892452037612e+00
2.057058412523252167e-01
8.970450205372343389e-01
-2.264428928560611620e+00
-7.867265473503282092e-01
4.915009194037105456e-01
-3.773436922142109351e-01
-8.208490392292392412e-01
-8.330166313522603394e-01
1.184508534727377160e+00
1.294853254518635532e+00
2.671919413571602231e+00
1.697981533326229808e+00
-1.410672967828150881e+00
1.921193985347437350e+00
8.307532730028082124e-01
-6.027946184108528005e-01
1.500000000000020872e+00
-2.319226481054473599e+00
-1.825033478205868309e-01
3.192473782096495682e+00
7.583546587905768410e-01
2.275196490388966097e+00
1.414439907626330983e+00
5.308987862102594324e-01
2.676061181870733385e+00
1.734262741782907291e+00
2.849082425714798417e-01
-1.216508305633925202e+00
-7.617179423310321829e-02
8.443416915130038669e-01
6.034022840655252073e-01
2.439580578313679027e+00
-2.962900725434206572e-01
7.051355891490734829e-01
4.086978779308437559e+00
6.754267214886644499e-01
1.718810130075668408e+00
5.446859398893670878e-01
-2.591288993430643117e+00
1.507455107936632288e+00
4.288235124123479514e-01
-1.096681816406729348e+00
4.336433379650985742e-01
-6.838841696920459068e-01
1.276908548154473078e+00
2.435431595088044077e+00
1.325079637024159540e+00
-2.405032694338874455e-01
-8.823211978385426812e-01
7.665864083560255393e-01
-9.133847931101685136e-01
-6.458619196638742954e-01
-9.618843692673370027e-01
-3.592253042439214283e+00
9.866479180000415905e-01
1.101109844999908827e+00
-9.190644977890876088e-01
1.614571875736834139e+00
-1.552420275261630511e+00
-6.081530759064703862e-01
1.801114382597092778e+00
-1.995177607034645195e+00
-2.029627290127741457e+00
-2.288287346775328412e+00
-2.351182355091482545e+00
-2.450880697294348654e-01
-3.632712640025466122e-01
-7.988308585375857307e-01
-1.683445932222047414e+00
4.590482626990958770e-01
1.062468155835634809e+00
-1.144277705972478021e+00
-4.605892195122185395e-02
-3.134808571853318071e+00
-2.943034316509320014e+00
8.644932195286842980e-01
-2.627858841591100170e+00
-1.522031557104029043e+00
-4.388981586391049183e-01
-2.244904343265906377e+00
2.004687807940218836e+00
1.248964025423263680e+00
-1.245647342247811595e+00
-4.411476453973289802e-01
-1.381251916059494933e+00
-5.442975425007123835e-01
-5.884822648945365886e-01
-1.357092479963313281e+00
-2.196139544386379150e+00
-1.546620960443332304e+00
1.917978935830643383e+00
4.416788403350134784e-01
6.413444791235080045e-01
1.368421270812142154e+00
-1.637253158885685789e+00
1.994622669225453393e+00
1.426174794849306648e+00
-2.352219548895492451e+00
1.012178987969953869e-01
-1.635153047687988082e+00
-4.784540365958159236e-01
2.709702883054737388e+00
7.984517839187388333e-02
5.140180119511790213e-01
1.461389142161249266e+00
1.829112454515950725e+00
2.340585745797004513e+00
9.825630177640228835e-01
7.866605425178208044e-02
-1.520804254114970222e+00
7.643463913350158068e-01
1.687475731289352243e+00
-9.045006020059945806e-01
1.580093938365167316e+00
4.475286906827464772e-01
8.789025252650493059e-01
