5.000000000000000000e+00
1.663040892491133960e+00
1.666924113441696331e+00
1.792214773173791187e+00
3.342269278711476055e-01
-4.879256516471548455e-01
-1.981248526882014360e+00
1.179435019019012820e+00
-9.653524511675958264e-01
-6.372797348274031881e-01
1.961843895486999445e+00
7.917278072063426153e-01
1.170373400628963889e+00
-1.788341181614671038e-01
1.969183664945551637e+00
3.103422436869800183e-02
-1.383168778449696878e+00
1.641701739233367707e+00
-1.350578840564656824e-01
3.515347112112819916e-01
-1.304184535750180784e-01
1.180032719855732104e+00
8.849773796269538861e-02
-2.723147369162045806e+00
-2.073629994498049633e-02
-2.467180291856659657e+00
-2.989015023093314127e+00
-2.320458841912517389e+00
-1.238658711167126558e+00
-1.236587213791620066e-01
-1.756274616339734251e+00
2.223903386771946877e+00
1.199366880173295513e+00
-3.022852839965743943e-01
5.684775655571855379e-01
-6.863743111182539769e-01
-8.980354394113864158e-01
-3.852940186404758549e+00
-1.390347230288449643e+00
-1.504642868987591253e+00
-3.305541651797052172e+00
-3.190541422360144708e-01
-5.188446338503736044e-01
3.142523129789574488e-01
-1.213774291626507296e+00
4.171984123325651606e-01
9.948585865239452097e-01
-2.173075451966460125e+00
6.461762915911890559e-01
3.414274511785229116e-01
5.000000000000179856e-01
2.467153325255285468e-01
1.130781488483844521e+00
2.549590547090780035e+00
-1.234572432364495320e+00
6.950516421963508495e-01
1.733430184103559313e-01
-1.549495038036830419e+00
-1.251191212428264699e+00
-1.014182767908430982e+00
1.488621646148156064e+00
-6.944359204350069037e-01
2.080391722535960941e+00
3.908220711394883917e+00
1.899034008761914860e+00
2.864744069726221642e+00
1.870082036563589734e+00
2.488561863689560116e+00
-7.579377923489866165e-01
-5.806208835008571656e-01
1.260006370008156740e+00
-1.677334281615768585e+00
1.319726968352620267e-01
5.324268084030032711e-01
1.607993076270773258e+00
4.283385232690264388e-01
1.849922638403719288e-01
2.757952250581719333e+00
-8.000443173730615865e-01
1.308633079115607556e-01
8.270727670247880470e-01
6.251569434698751593e-01
5.359931107320435872e-01
-9.960647347716633515e-02
2.919426987800217255e+00
-2.892895126096478031e-01
-5.383892439538717767e-01
4.060144103404504934e-01
-1.811332213854512929e+00
-2.138534637984084608e+00
-3.425242098882549158e+00
-6.274482052090133433e-01
-2.129462259155362247e+00
-1.936155961943216930e+00
1.680747084516834411e+00
2.739727438406700522e-01
9.719439793760923374e-01
1.252037395870971848e-01
1.239768914511293341e+00
-6.816161573317527367e-01
-3.118033988749860264e+00
-3.209758450542004038e-01
-2.721066987133053061e+00
-2.516729582817323507e+00
-1.839779004908816074e+00
-6.479781875243075806e-01
-3.485801423670209509e-01
-2.320563822484819738e+00
1.177632294055681150e+00
-6.832332075672596927e-01
-1.603625397305709077e+00
-2.635163503664307849e-01
-3.292827560982863888e-01
5.246039031201219505e-01
-1.232717873863313773e+00
2.202577231327961016e+00
1.527846990232444968e+00
-4.361339572413922561e-01
1.398383279804094492e+00
-1.332081823692603528e-01
-3.576134176202393489e-01
-2.606151089286009359e+00
-6.273048841980473078e-01
-1.358006905819618693e-01
-2.137681012240706835e+00
1.707106781186541911e+00
1.817771410379504182e+00
2.510419325805265611e+00
2.010497318110274101e+00
2.892174538041802911e+00
3.370300288378031528e+00
-6.721001928620490284e-01
1.421053618664065210e+00
5.256434123545712378e-01
-6.679911466733444714e-01
-2.996697658150501153e-01
1.763382502000194751e-01
2.075012858800831861e+00
-8.667255630850703163e-01
1.511983393800119924e+00
1.950438178446723292e+00
-3.417188211023234334e-01
5.767566875843127550e-01
1.489980632408705041e-01
1.687144207100890636e+00
-6.405964200546327980e-01
1.102424678603707298e+00
2.990572410024161520e+00
1.059491096201763405e-01
1.409424227732250179e+00
5.000000000000209832e-01
3.977587508374254566e-01
-2.183724710078711162e+00
-2.560298497418321606e+00
-4.293813232172790650e-01
-3.603199170397534346e+00
-1.472921007702173490e+00
-2.264642951290916084e-01
4.403659444359999675e-01
4.517444964355693537e-01
1.688868804386197686e-01
2.746054684705606430e+00
-1.076198733310622657e+00
-9.728093421134479390e-01
-3.536094739499083817e-01
-2.129681272523066937e+00
-2.102776520450059472e+00
-2.837617996868786463e+00
1.221104435407150968e-01
-2.048569553058130044e+00
-1.843874918116404915e+00
6.617014685451437783e-01
-1.488705298558536505e+00
-1.063239342235667628e+00
-1.809963807715858852e+00
1.896954654808724050e-01
-1.050889603399544736e+00
-1.618095228222683701e+00
2.172309398600150487e+00
2.488872710918633713e-01
8.399704067548461328e-01
7.683558791031028790e-01
1.151721266051692893e+00
-1.331594507763539381e-01
-2.733320131778166129e+00
2.165450581664029039e-01
-2.104832314887012501e+00
-2.106919009615545679e+00
-2.281023659250911439e-01
6.411480087707819298e-01
1.845346922776499365e+00
5.015503596903658767e-01
4.052013557404002597e+00
2.479559110018020096e+00
6.367731771307278965e-01
2.107882636574344826e+00
5.834197253642845471e-01
5.994233341187135133e-01
-1.311778539411496025e+00
1.266969165240221740e+00
1.118033988749789653e+00
-9.318560907422955841e-01
2.108439749320271339e+00
9.601814216146588032e-01
8.799648581855801233e-01
-3.549450170552267969e-01
8.566363331035631301e-01
1.387880667766675735e+00
-1.405862513715314899e+00
2.107722653236928423e+00
1.809461930217163061e+00
1.478216588123819175e+00
1.624123226814024656e+00
1.693872734561779447e+00
2.155445654923435761e+00
-2.004432536213165861e+00
-2.679945482754811925e-01
-1.004212616816613002e+00
-3.076373006095674878e+00
-1.829982592811617348e+00
-1.488028296959321484e+00
6.492198997921888592e-01
-1.315211609093517087e+00
1.157007659532799826e+00
2.386890661996106999e+00
-5.650672592663646965e-01
6.027011013830949615e-01
-4.862285243346607944e-01
-2.914126852636642617e-01
-2.670637629276003011e+00
-1.981213640225142569e+00
1.014704807102607687e-01
-2.976707851343569633e+00
-8.738085555444289332e-01
-6.658186634256388903e-01
-7.367070608649712860e-01
-1.792310506729292152e+00
-2.098364810631831112e+00
3.480527516821111389e-01
-2.919701316087016885e+00
-1.111422047611539954e+00
4.731001651806963082e-01
6.836610832965772655e-02
6.998019032930710148e-01
2.903812788384065868e-01
2.677555036183747905e+00
-8.014540622305980078e-01
-1.085780113769286404e+00
1.134365057978320990e-01
-2.489434075592194873e+00
-2.000000000000002665e+00
-2.301217448955208411e+00
4.881991349693385329e-01
-5.277979016908835863e-01
-6.520495686120431067e-02
3.585536035662791665e+00
1.362034868796398124e+00
1.925616010599044969e+00
1.437460320186955132e+00
1.973322304441682107e+00
5.066119411383210869e-01
-1.198217262079097178e+00
2.157706856614169943e+00
-2.166032727233764277e-01
1.448558155280452175e-01
1.238669620325240084e+00
1.330234793430935536e+00
1.125204565186901817e+00
-9.924784487145934531e-01
2.053304004587822362e+00
-7.910060763498866221e-02
-8.351283779078697567e-01
1.461200674823963208e+00
1.167932624214500947e+00
2.143727586934668139e+00
8.491463031067582046e-01
3.661738641493677449e+00
2.281174415236954633e+00
-3.517042608899585421e-01
1.443515681061657840e+00
-8.699943082095034086e-01
-1.393696110018464829e+00
-2.825706538967071246e+00
-9.413910986603368780e-01
-3.935755873340159861e-01
-2.317301466293622880e+00
1.658065880593690755e+00
1.016396894071269097e+00
7.725646436838708997e-01
4.601337566230139231e-01
6.338914256322589758e-01
7.850989225896678469e-01
-2.863799768558128900e+00
-1.924293569847251861e-01
-8.320195179004681307e-01
-2.136958065431936227e+00
-9.795881135910554649e-01
-9.604059497392054556e-01
1.438652478628655862e-01
-2.922980019948498764e+00
-8.819660112501273019e-01
-7.241547639660284030e-01
-3.276353040868880129e+00
-1.321164037235268429e+00
-1.276133246412244793e+00
3.258695881977590192e-01
-1.051882673873372420e+00
8.992490852668064694e-01
2.594076302561143965e+00
-8.210733709569597583e-01
6.697764181915528692e-01
-3.769348227299692544e-01
-1.079660949055117003e+00
-2.784394850106180819e+00
-2.602212089216698665e+00
-9.632387191407487670e-02
-2.858901170836854355e+00
-7.033793262005028080e-02
1.402387733180299190e+00
1.204642361896306468e+00
1.458004395504720829e+00
1.043183052361353447e+00
3.135816746803592459e+00
-4.939284725185008051e-01
2.239583760978923754e-01
1.603909027853882785e+00
-2.689373221641893630e-01
5.909218063134619170e-01
2.639080615291391485e-01
2.497210719913140586e+00
5.823811447379109718e-02
-9.673602918049228894e-02
2.106339846169562602e+00
-8.386048761373934290e-01
-1.067230635934691696e-01
-1.543045913329136321e-01
1.583556848307521525e+00
9.089521957949393549e-01
7.334553716215734820e-01
4.467538738713490609e+00
1.786920869188457051e+00
1.951966635696595675e+00
1.809460156293276167e+00
9.993498121769934794e-01
-4.012674177440902490e-01
-2.695218170918486145e+00
3.068677821520829907e-01
-2.002316285339762914e+00
-1.808962080907268843e+00
5.859753774743922117e-01
5.000000000000000000e-01
1.221207601095265716e+00
-2.688135195513707831e-01
2.432590197945659671e+00
3.661755732344899039e-01
-1.548577419533718302e+00
6.154906171428815576e-01
-1.076816044065048494e+00
-7.923375242730040791e-01
-1.841940960363251056e+00
3.324041896969059939e-01
-2.095006602078497426e-01
-2.676379668017088598e+00
1.932513208923675174e-01
-1.760828072057312621e+00
-2.275046447005300010e+00
-2.664044603529962529e+00
-1.473369708376918830e+00
-5.631757839649598196e-01
-2.623933716739538458e+00
1.468187255787775758e+00
1.056665286673765802e+00
2.578839580226767736e-01
8.562581772561059790e-01
2.767449248279980623e-01
2.928932188134397707e-01
-3.412528991738099649e+00
-1.259967446286140991e+00
-1.590812232401432880e+00
-3.400446870555502876e+00
-9.756474063700938393e-01
-5.694946651623640221e-01
1.147716812675494857e+00
-4.989554753977767931e-01
1.653428029291153845e+00
2.515446161408261272e+00
-7.353380995335687675e-01
1.202079743610653395e+00
5.222758270317943152e-01
7.545664811343080203e-01
-4.280548927208698284e-01
6.393905230801728568e-01
2.635569548898497594e+00
-7.402537977334522346e-01
1.340075708636978113e+00
1.134034860852210835e+00
1.977396686776768109e-02
-5.961422114635401837e-01
-7.564924856756274352e-01
1.670148084151956258e+00
-1.118033988750032570e+00
1.309507771874612647e+00
3.204343415968575304e+00
2.045791110941067359e+00
2.831496951152517649e+00
2.055985792217452701e+00
3.369402935520913633e+00
-3.558459371918618608e-01
-6.715250043125444712e-01
6.951755254383362725e-01
-2.249671594297484312e+00
-1.120451806483351742e+00
-9.597736307244137954e-01
1.083490250831063317e+00
-4.100946962410209617e-02
2.357941747067271443e-02
3.045008026858780248e+00
-1.624279916333705165e-01
2.853266436034146425e-01
1.888704606768452088e-01
2.090387782750473822e-01
-6.634324733580603262e-01
-1.763551665576536864e+00
1.633785494877475930e+00
-1.089855715656867119e+00
-9.858750391039639016e-01
6.696659071906113647e-02
-1.121734340146074427e+00
-1.620640663252469249e+00
-3.512843532983811912e+00
-6.421066625820776030e-01
-2.532454407378380790e+00
-2.742167194977939815e+00
4.895487429580663852e-01
-1.259714202929238525e-01
8.893673885360163789e-01
-3.813231349537693493e-02
2.026459173486421683e+00
2.707376176038064353e-01
-2.415919974442837237e+00
-1.294123426017911305e-01
-2.514404907169336845e+00
-2.620285424285490716e+00
-2.775309145342916395e+00
-8.983105715475265818e-01
-2.129293572827378744e-01
-1.970821537733846274e+00
1.991608335012335251e+00
7.560188593122626477e-01
5.849870588854677589e-02
4.999999999999598654e-01
5.296440778156740192e-01
1.020938920762594959e+00
-1.615093239887988474e+00
1.731107691893365441e+00
1.325179411811628460e+00
-1.421207016683378455e-01
1.540066420284865956e+00
8.502495780070097320e-01
1.181167997024849425e+00
-1.687507663047332684e+00
2.168411850204462477e-01
4.193068746434105987e-01
-1.971178648496257679e+00
1.039130882845930248e+00
1.289002370071961945e+00
2.564531022413810479e+00
1.696727836734817974e+00
3.183596282802334532e+00
4.175736910649478162e+00
1.458384162506022319e-01
1.711850529988774738e+00
5.139546489205630841e-01
-6.662976933633093513e-01
-1.447988537541729848e+00
-1.052966729483654440e+00
1.254111679552374126e+00
-1.598980613457789524e+00
1.052005086166097225e+00
1.974328501125320656e+00
4.876155351748223676e-01
7.878211940042838535e-01
1.156085830721073071e-01
1.704523257389682245e+00
-1.508749817508251656e+00
-2.818347057116343812e-01
1.471803890615808186e+00
-8.563099586520157569e-01
3.188148174988257866e-01
-2.263550242944656343e-01
7.862733909022080470e-01
-1.959903465474739148e+00
-2.423289706010403499e+00
-4.008750057323781091e-01
-3.669904377886070268e+00
-2.269938700023893308e+00
-1.525326043905369078e+00
-1.283725981800463156e-01
-2.976503880158398174e-01
-3.280830367150392446e-01
3.000000000000000000e+00
-3.280830367150765481e-01
-2.976503880157421733e-01
-1.283725981801884242e-01
-1.525326043905227635e+00
-2.269938700023923062e+00
-3.669904377886076929e+00
-4.008750057322901794e-01
-2.423289706010474553e+00
-1.959903465474628348e+00
7.862733909020593881e-01
-2.263550242944264435e-01
3.188148174987901484e-01
-8.563099586521680795e-01
1.471803890615870802e+00
-2.818347057117667198e-01
-1.508749817508172164e+00
1.704523257389616742e+00
1.156085830721471641e-01
7.878211940044009820e-01
4.876155351747144540e-01
1.974328501125467872e+00
1.052005086166025727e+00
-1.598980613457762878e+00
1.254111679552340153e+00
-1.052966729483738817e+00
-1.447988537541636811e+00
-6.662976933634885413e-01
5.139546489206450186e-01
1.711850529988738767e+00
1.458384162505649284e-01
4.175736910649527900e+00
3.183596282802144017e+00
1.696727836734906791e+00
2.564531022413547134e+00
1.289002370072068304e+00
1.039130882845855197e+00
-1.971178648496299868e+00
4.193068746438619598e-01
2.168411850200603619e-01
-1.687507663047024931e+00
1.181167997024954230e+00
8.502495780069684317e-01
1.540066420284999626e+00
-1.421207016686398261e-01
1.325179411811797214e+00
1.731107691893140066e+00
-1.615093239887955168e+00
1.020938920762751501e+00
5.296440778154645201e-01
5.000000000000741629e-01
5.849870588832417617e-02
7.560188593126458967e-01
1.991608335012164943e+00
-1.970821537733908890e+00
-2.129293572826082004e-01
-8.983105715479413611e-01
-2.775309145342712114e+00
-2.620285424285757614e+00
-2.514404907169233816e+00
-1.294123426017163014e-01
-2.415919974443033524e+00
2.707376176042508575e-01
2.026459173486493182e+00
-3.813231349532453240e-02
8.893673885359673070e-01
-1.259714202929891336e-01
4.895487429581957262e-01
-2.742167194977735090e+00
-2.532454407378563310e+00
-6.421066625820927021e-01
-3.512843532983780825e+00
-1.620640663252521652e+00
-1.121734340146123721e+00
6.696659071914365380e-02
-9.858750391041178895e-01
-1.089855715657116253e+00
1.633785494877452393e+00
-1.763551665576317484e+00
-6.634324733580406752e-01
2.090387782747983314e-01
1.888704606768588090e-01
2.853266436034915254e-01
-1.624279916335095164e-01
3.045008026858866845e+00
2.357941747102543228e-02
-4.100946962418075548e-02
1.083490250831096846e+00
-9.597736307242399345e-01
-1.120451806483353963e+00
-2.249671594297621979e+00
6.951755254382175897e-01
-6.715250043125077228e-01
-3.558459371918061831e-01
3.369402935520779963e+00
2.055985792217477570e+00
2.831496951152527419e+00
2.045791110940907043e+00
3.204343415968724962e+00
1.309507771874630633e+00
-1.118033988749891794e+00
1.670148084151955370e+00
-7.564924856756016780e-01
-5.961422114633869729e-01
1.977396686776156098e-02
1.134034860852346727e+00
1.340075708637039842e+00
-7.402537977334031627e-01
2.635569548898498482e+00
6.393905230801466555e-01
-4.280548927206303533e-01
7.545664811342522871e-01
5.222758270318662577e-01
1.202079743610805940e+00
-7.353380995335844217e-01
2.515446161408522840e+00
1.653428029291086343e+00
-4.989554753975925516e-01
1.147716812675601883e+00
-5.694946651623392642e-01
-9.756474063700348864e-01
-3.400446870555541512e+00
-1.590812232401444648e+00
-1.259967446286328840e+00
-3.412528991737983741e+00
2.928932188135523473e-01
2.767449248279133522e-01
8.562581772561335125e-01
2.578839580223388217e-01
1.056665286673896365e+00
1.468187255787762879e+00
-2.623933716739504263e+00
-5.631757839647303365e-01
-1.473369708376992770e+00
-2.664044603529758692e+00
-2.275046447005387940e+00
-1.760828072057226024e+00
1.932513208924155901e-01
-2.676379668017135227e+00
-2.095006602076730506e-01
3.324041896968515930e-01
-1.841940960363083857e+00
-7.923375242732014767e-01
-1.076816044065053823e+00
6.154906171428893291e-01
-1.548577419533926580e+00
3.661755732347199421e-01
2.432590197945617039e+00
-2.688135195512837416e-01
1.221207601095192441e+00
4.999999999999158451e-01
5.859753774745257715e-01
-1.808962080907432490e+00
-2.002316285339896140e+00
3.068677821519442128e-01
-2.695218170918497691e+00
-4.012674177441016843e-01
9.993498121768695786e-01
1.809460156293355215e+00
1.951966635696294805e+00
1.786920869188499017e+00
4.467538738713439983e+00
7.334553716213273455e-01
9.089521957951879338e-01
1.583556848307262621e+00
-1.543045913328043306e-01
-1.067230635934903749e-01
-8.386048761374360616e-01
2.106339846169793084e+00
-9.673602918075913104e-02
5.823811447401058827e-02
2.497210719913149468e+00
2.639080615291446996e-01
5.909218063134596965e-01
-2.689373221644209555e-01
1.603909027854017566e+00
2.239583760974811488e-01
-4.939284725181458668e-01
3.135816746803560928e+00
1.043183052361307039e+00
1.458004395504828521e+00
1.204642361895930769e+00
1.402387733180455509e+00
-7.033793262036902583e-02
-2.858901170836786410e+00
-9.632387191401059479e-02
-2.602212089217028179e+00
-2.784394850105930352e+00
-1.079660949055372576e+00
-3.769348227301271281e-01
6.697764181916650017e-01
-8.210733709571127470e-01
2.594076302561125758e+00
8.992490852668447721e-01
-1.051882673873399288e+00
3.258695881974501551e-01
-1.276133246412173516e+00
-1.321164037235111000e+00
-3.276353040868857036e+00
-7.241547639662282432e-01
-8.819660112500787852e-01
-2.922980019948475228e+00
1.438652478627391318e-01
-9.604059497391794764e-01
-9.795881135908643955e-01
-2.136958065432107645e+00
-8.320195179006387720e-01
-1.924293569846944330e-01
-2.863799768558189296e+00
7.850989225894933199e-01
6.338914256322452090e-01
4.601337566230425669e-01
7.725646436838748965e-01
1.016396894071166734e+00
1.658065880593757813e+00
-2.317301466293616663e+00
-3.935755873342253741e-01
-9.413910986604374642e-01
-2.825706538967016623e+00
-1.393696110018572076e+00
-8.699943082095025204e-01
1.443515681061584344e+00
-3.517042608901556067e-01
2.281174415236947528e+00
3.661738641493580637e+00
8.491463031067301159e-01
2.143727586934623286e+00
1.167932624214410575e+00
1.461200674823993406e+00
-8.351283779079941016e-01
-7.910060763504195291e-02
2.053304004587774845e+00
-9.924784487145625889e-01
1.125204565186967987e+00
1.330234793430886686e+00
1.238669620325390186e+00
1.448558155278754089e-01
-2.166032727233792032e-01
2.157706856614199697e+00
-1.198217262079247725e+00
5.066119411385029414e-01
1.973322304441531561e+00
1.437460320187012419e+00
1.925616010599102257e+00
1.362034868796410336e+00
3.585536035662951093e+00
-6.520495686131255741e-02
-5.277979016909221111e-01
4.881991349691465198e-01
-2.301217448955005906e+00
-1.999999999999984901e+00
-2.489434075592265483e+00
1.134365057979001001e-01
-1.085780113769624577e+00
-8.014540622304979767e-01
2.677555036183634218e+00
2.903812788385279342e-01
6.998019032931980243e-01
6.836610832950557048e-02
4.731001651808613429e-01
-1.111422047611605013e+00
-2.919701316086921850e+00
3.480527516821362299e-01
-2.098364810631683230e+00
-1.792310506729137831e+00
-7.367070608649827212e-01
-6.658186634254259495e-01
-8.738085555446547525e-01
-2.976707851343547873e+00
1.014704807102809747e-01
-1.981213640225457651e+00
-2.670637629275779190e+00
-2.914126852638181386e-01
-4.862285243345657593e-01
6.027011013832190844e-01
-5.650672592663721350e-01
2.386890661996338814e+00
1.157007659532723665e+00
-1.315211609093439371e+00
6.492198997920667347e-01
-1.488028296959344354e+00
-1.829982592811436160e+00
-3.076373006095722840e+00
-1.004212616816448911e+00
-2.679945482756126429e-01
-2.004432536213057947e+00
2.155445654923530352e+00
1.693872734561696181e+00
1.624123226814035981e+00
1.478216588123866471e+00
1.809461930217506564e+00
2.107722653236809407e+00
-1.405862513715380846e+00
1.387880667766947962e+00
8.566363331033348683e-01
-3.549450170549661721e-01
8.799648581855955554e-01
9.601814216147745995e-01
2.108439749320266010e+00
-9.318560907426272077e-01
1.118033988750315011e+00
1.266969165239783868e+00
-1.311778539411320166e+00
5.994233341187585884e-01
5.834197253642591230e-01
2.107882636574485158e+00
6.367731771306637256e-01
2.479559110018281665e+00
4.052013557403628674e+00
5.015503596904585804e-01
1.845346922776695209e+00
6.411480087705474507e-01
-2.281023659249152291e-01
-2.106919009615300098e+00
-2.104832314886943223e+00
2.165450581664628560e-01
-2.733320131778106621e+00
-1.331594507764158886e-01
1.151721266051651371e+00
7.683558791031737112e-01
8.399704067548627862e-01
2.488872710917519049e-01
2.172309398600310804e+00
-1.618095228222613757e+00
-1.050889603399417727e+00
1.896954654808380991e-01
-1.809963807715679440e+00
-1.063239342235613449e+00
-1.488705298558533396e+00
6.617014685451749756e-01
-1.843874918116132910e+00
-2.048569553057819626e+00
1.221104435405256927e-01
-2.837617996868711856e+00
-2.102776520450079900e+00
-2.129681272523175295e+00
-3.536094739499066608e-01
-9.728093421133190422e-01
-1.076198733310648858e+00
2.746054684705601989e+00
1.688868804386181033e-01
4.517444964357226755e-01
4.403659444358403174e-01
-2.264642951289114192e-01
-1.472921007702093998e+00
-3.603199170397681339e+00
-4.293813232173040451e-01
-2.560298497418150632e+00
-2.183724710078951858e+00
3.977587508371958624e-01
5.000000000000921485e-01
1.409424227732248402e+00
1.059491096198679205e-01
2.990572410024192163e+00
1.102424678603752373e+00
-6.405964200547125120e-01
1.687144207100971460e+00
1.489980632408867134e-01
5.767566875844947205e-01
-3.417188211025740108e-01
1.950438178447010396e+00
1.511983393800033326e+00
-8.667255630850142500e-01
2.075012858800896254e+00
1.763382501999625207e-01
-2.996697658150855315e-01
-6.679911466733734482e-01
5.256434123548381354e-01
1.421053618663910001e+00
-6.721001928620387034e-01
3.370300288378023090e+00
2.892174538041714094e+00
2.010497318110401999e+00
2.510419325805194113e+00
1.817771410379524166e+00
1.707106781186596312e+00
-2.137681012240858269e+00
-1.358006905818270882e-01
-6.273048841982228341e-01
-2.606151089285841493e+00
-3.576134176203046300e-01
-1.332081823692123912e-01
1.398383279804061408e+00
-4.361339572413563959e-01
1.527846990232712310e+00
2.202577231327623952e+00
-1.232717873863208968e+00
5.246039031200712133e-01
-3.292827560983484503e-01
-2.635163503663331408e-01
-1.603625397305663780e+00
-6.832332075673116512e-01
1.177632294055635409e+00
-2.320563822484834837e+00
-3.485801423668967169e-01
-6.479781875246068967e-01
-1.839779004908669080e+00
-2.516729582817541555e+00
-2.721066987133123227e+00
-3.209758450543022112e-01
-3.118033988749902452e+00
-6.816161573317448541e-01
1.239768914510861020e+00
1.252037395873001335e-01
9.719439793759988566e-01
2.739727438405981097e-01
1.680747084516856393e+00
-1.936155961943441861e+00
-2.129462259155340931e+00
-6.274482052090722961e-01
-3.425242098882649522e+00
-2.138534637984027764e+00
-1.811332213854752515e+00
4.060144103406284621e-01
-5.383892439541391184e-01
-2.892895126095049729e-01
2.919426987800098239e+00
-9.960647347741047319e-02
5.359931107319952925e-01
6.251569434698694971e-01
8.270727670252240316e-01
1.308633079112104802e-01
-8.000443173728771784e-01
2.757952250581805043e+00
1.849922638401629849e-01
4.283385232692289990e-01
1.607993076270614274e+00
5.324268084030230330e-01
1.319726968352051832e-01
-1.677334281615843636e+00
1.260006370008429633e+00
-5.806208835013880742e-01
-7.579377923486341206e-01
2.488561863689456644e+00
1.870082036563717853e+00
2.864744069726245623e+00
1.899034008761942172e+00
3.908220711395359537e+00
2.080391722536074184e+00
-6.944359204350629700e-01
1.488621646148053479e+00
-1.014182767908142546e+00
-1.251191212428375499e+00
-1.549495038037160155e+00
1.733430184104640670e-01
6.950516421962839031e-01
-1.234572432364537065e+00
2.549590547090579307e+00
1.130781488483981523e+00
2.467153325254142215e-01
5.000000000000810463e-01
3.414274511784226585e-01
6.461762915911709593e-01
-2.173075451966516525e+00
9.948585865239882864e-01
4.171984123327129312e-01
-1.213774291626391166e+00
3.142523129789558944e-01
-5.188446338503901467e-01
-3.190541422360119173e-01
-3.305541651796872316e+00
-1.504642868987457582e+00
-1.390347230288495828e+00
-3.852940186404730127e+00
-8.980354394114966610e-01
-6.863743111182627477e-01
5.684775655573595099e-01
-3.022852839964863536e-01
1.199366880173126093e+00
2.223903386772191126e+00
-1.756274616339646988e+00
-1.236587213790897311e-01
-1.238658711167189841e+00
-2.320458841912245607e+00
-2.989015023093342549e+00
-2.467180291856680086e+00
-2.073629994483972006e-02
-2.723147369161992515e+00
8.849773796286281025e-02
1.180032719855419909e+00
-1.304184535747214269e-01
3.515347112111347760e-01
-1.350578840565442862e-01
1.641701739233446755e+00
-1.383168778449742842e+00
3.103422436866214162e-02
1.969183664945721501e+00
-1.788341181612008723e-01
1.170373400628991423e+00
7.917278072062398087e-01
1.961843895487227707e+00
-6.372797348274568119e-01
-9.653524511675576347e-01
1.179435019018943542e+00
-1.981248526881944860e+00
-4.879256516472018079e-01
3.342269278708197566e-01
1.792214773174050091e+00
1.666924113441534905e+00
1.663040892491237210e+00
