5.000000000000000000e+00
1.492276391068368291e+00
1.782553612109892160e+00
1.166937799399195397e+00
4.928873600618287609e-01
-1.302237294922159450e+00
-1.238599139370577085e+00
1.269678558279574432e+00
-1.825120713890540980e+00
2.357253926795986887e-01
-2.520888064108656179e-01
-1.069214625611148994e-01
-2.570755528751428542e+00
-1.320059762510577439e+00
-3.709029926817739575e-01
-2.661557085196066375e+00
3.748040849794745943e-01
4.976020146195758720e-01
1.621072341277671081e+00
-6.728378326874819848e-01
1.518981709339223496e+00
-7.999562624014577850e-02
-2.549389201592906051e+00
-1.038920189387730009e+00
-1.625431722287855596e+00
-8.001204302606537144e-01
-2.044945853879565512e+00
2.021077013835027358e+00
2.362296235396941224e-01
4.336107504266650814e-02
1.174230151868788985e+00
7.118786803871686164e-01
3.798531766018852229e-01
-4.310544294718795522e-01
3.445461637907491159e+00
9.714998783977690788e-01
2.433459756066494784e+00
2.856360442409394462e+00
2.455985840377387763e+00
2.248045119252958246e-01
-8.787770819952215318e-01
5.223636300800131860e-01
-3.391639953571430777e+00
-1.474121692080990087e+00
-1.315250958550289617e+00
-1.806992768113330206e-01
-1.682345105612358171e+00
-1.172827239284039147e-01
6.404486058344086574e-01
-2.581325727092760314e+00
-5.791922201622615729e-01
-1.146057851189921761e+00
-2.758378486459422962e-02
-1.584006633290380828e+00
1.748959284608293530e+00
1.453646013943006077e+00
-4.218492854147373738e-01
1.016546916769539788e+00
-4.304775606947839339e-01
-7.945401421063168490e-01
-3.165411537860716162e+00
3.691184107583727059e-01
-1.081267734392121538e+00
-5.222106119261786805e-01
1.694939779689591308e+00
1.925651938595805079e+00
1.723850647163410965e+00
2.283079920247864658e-01
3.119139078716359759e+00
-2.637506251947212554e-01
6.855076627997980232e-01
1.477222580000299823e+00
1.997747740253340565e+00
1.023479469692204713e+00
7.575065669418282743e-01
2.494645569818255471e+00
-1.971093783313590198e+00
-1.220856278487113755e+00
-2.258414793871273751e+00
-1.983487737266255824e+00
-3.555713485912082028e+00
-1.448966961878056292e+00
4.933335228685415963e-01
-1.756730705992334496e+00
7.729976743387250160e-01
3.927091694724305082e-02
3.853678878788047157e-01
-2.150478956632850380e+00
4.079080224753403594e-01
1.623511972734187903e-01
-1.148558916845319189e+00
1.436038165044200898e+00
1.076171842745381690e+00
1.346002620395407856e+00
-1.239446911073674329e+00
1.359234770600920683e+00
-1.282730883815444978e+00
-1.952546890038514782e+00
-2.121845114620195261e-01
2.482547715370441166e-01
9.999999999999887867e-01
5.521389981517439427e-01
4.306871380487365286e+00
1.160036119251834696e+00
1.509679570800636306e+00
1.393329607600021003e+00
9.333720637417324273e-01
-4.571474526117604853e-01
-5.758606636934950895e-01
2.108852697355432237e+00
-1.239235123925118920e+00
3.372216221644221967e-01
-4.388895875451024331e-01
-7.443569284492657090e-01
-3.401183425871554089e+00
-2.618262654005090173e+00
-1.388255531719135849e+00
-3.763381704102885639e+00
-5.412790787179047047e-01
-9.623348256496366826e-02
1.384318327190808162e+00
-5.127407730329457403e-01
1.867354628056622001e+00
9.866235920336905441e-01
-1.420671752767521223e+00
4.142135623731154626e-01
-1.299189070228597975e-01
6.990357731938452446e-01
-9.232403645167084338e-01
2.652057965885258106e+00
6.388998704855717303e-01
-3.404181188528326851e-01
5.351521094577741389e-01
-3.026866228583402485e-01
-6.029000942361989468e-01
-1.608029398617397687e+00
2.492696386124624297e+00
3.757141118105276067e-01
1.855254564535713913e+00
2.727120483496261016e+00
2.503136598560506076e+00
6.977859746255761220e-01
-4.795092188862754012e-01
1.283321113553279602e+00
-2.626159813334703497e+00
-9.613866975644549395e-01
-9.193429411214093516e-01
-1.925843198879378382e-01
-1.965072601406869568e+00
-1.053919947873594998e+00
-2.452372752527403055e-01
-3.748322954453340294e+00
-1.708063480000163725e+00
-2.006218718496057818e+00
-5.343888855684422179e-01
-1.659268462190411242e+00
1.871860731647109644e+00
2.290418887713957741e+00
4.647504890795527976e-01
2.226835156378997205e+00
8.894109824510102458e-01
6.584264533495634009e-01
-1.889880732952802234e+00
1.345785117618265803e+00
-1.741411265700845146e-01
-3.541631815241121917e-01
1.525659700006525954e+00
1.193080705673157382e+00
7.708385056330904206e-01
-1.153243435786556859e+00
1.777870403984755043e+00
-1.312059911376816546e+00
-3.316910969391073660e-01
9.876247423967072780e-01
1.774920477182082568e+00
1.299639318414529399e+00
1.007579366310395574e+00
3.133676148487504864e+00
-1.257907717841574957e+00
-6.614430971128824055e-01
-1.654245947170028375e+00
-1.612613865318694106e+00
-3.302172509549574198e+00
-1.787752513439784696e+00
1.457719149565029904e-01
-2.550490770437414234e+00
-2.430996746258595742e-01
-9.669344290084810334e-01
-4.825128948362656933e-01
-2.686669025633652286e+00
6.673585532579123791e-02
6.257414851331796202e-01
-5.041290565276783653e-01
2.513663361618102776e+00
2.346509115662026801e+00
2.785425694075168490e+00
6.063237655989994757e-02
2.399375357090824945e+00
-2.183120044548938210e-01
-1.510866514664279014e+00
4.335420911161236290e-14
-4.425219656852730221e-02
4.442905561168142836e-01
-5.736212846485480021e-01
2.978348991517316691e+00
-1.243524564323962300e-01
3.513811502946562193e-02
3.311674783214780815e-01
1.459056725706136259e-01
-6.262014635988661926e-01
-5.858127975165283718e-01
2.666754186629481715e+00
-4.489510626793582482e-01
1.054123670936226720e+00
3.683528881688886703e-01
-1.492481829879169219e-01
-2.879972100954709013e+00
-2.628058402594471765e+00
-1.339868255254320850e+00
-4.110268237211971432e+00
-1.148474226224832639e+00
-8.126070594153517179e-01
5.890388664758505755e-01
-1.223523443750100803e+00
1.111753672013404470e+00
8.891932226973030540e-01
-1.354990667387870440e+00
1.007682694086706077e+00
8.489658146906216007e-01
2.054786441974716382e+00
4.815613522422954595e-01
3.896750927381261054e+00
1.951016594745403010e+00
3.378441896704882375e-01
9.588119663130232340e-01
-3.850510633236527980e-01
-9.335214615739974020e-01
-2.482837462009586993e+00
1.387109528020239901e+00
-7.600733139606176136e-01
3.655946919444162946e-01
1.442687786169209563e+00
1.289629095823140670e+00
-3.265448416963812051e-02
-1.067997829779049335e+00
1.362129284923305761e+00
-2.093129997642941387e+00
-2.542669119744803696e-01
1.144780534604736832e-01
7.819366732513761686e-01
-9.999999999999447109e-01
-6.436827005400874713e-01
1.519721581966129165e-01
-3.806181605926001410e+00
-2.081785630749882987e+00
-2.510291610308121868e+00
-1.155073112567694293e+00
-2.258002809733330452e+00
1.093771342739060071e+00
1.992967945407082109e+00
1.454996851165892835e-01
2.282415423505239183e+00
1.286828595595554958e+00
1.502567219002373555e+00
-8.000652697078242115e-01
2.517882692075135154e+00
1.319875379886573663e+00
6.872462463414461542e-01
2.385300455399364417e+00
1.522153099927593400e+00
7.501889716227311267e-01
-1.830564721107272419e+00
7.593265256173117317e-01
-2.411989233735898353e+00
-1.822770498832701591e+00
-3.316567068622702230e-01
4.620266824222657442e-01
3.649667590974755571e-01
9.089826329500116930e-02
2.767550352215741860e+00
-1.195537306596587079e+00
-3.630340360368032870e-01
-8.462973300906695417e-01
-6.143755858398307623e-01
-2.045033544571278394e+00
-8.807224461014091510e-01
1.131765608152158098e+00
-2.036399827697087161e+00
-1.793239838530036323e-01
-1.202727293649033857e+00
-1.009360813422297998e+00
-3.309256578448055652e+00
-8.142329722408578885e-01
1.858757924091186120e-01
-9.989111468645532899e-01
2.324104473386187308e+00
2.416601857569752099e+00
3.209798871293127576e+00
6.961902650641351720e-01
3.148335483837668924e+00
1.000000000000105915e+00
-5.206118423716337151e-01
1.058980679430558958e+00
7.043736728624491183e-01
9.596882069610144228e-01
-7.138095659171482810e-01
2.363832302534536467e+00
-1.003020990671438240e+00
-1.440188907504738935e+00
-1.129176665633810472e+00
-1.394151267207335065e+00
-1.809309631400934482e+00
-1.733554755076450515e+00
2.072469883896181475e+00
-6.133375932998679225e-01
1.091580654924427574e+00
9.043704892970680920e-01
6.092886692990566733e-01
-1.746218958895992435e+00
-1.658227807207903970e+00
-7.072765326859431489e-02
-3.098405737438777674e+00
-4.739262248232289920e-01
-4.347794971790953644e-01
5.397515523902491896e-01
-1.583718362254913581e+00
2.352763975455096079e-01
2.369234146842209565e-01
-2.193140152100070850e+00
4.209928402242028023e-01
5.495450078967042407e-01
2.155018127277416262e+00
8.451224396708326703e-01
4.384704998190906977e+00
2.923019294801119106e+00
1.111781340388046768e+00
1.877770712454545521e+00
3.718430235075391721e-01
-2.219462777420497801e-01
-2.227050530440508602e+00
1.291026699384720811e+00
-1.085021015806475919e+00
-6.595969228997394795e-01
2.290453745970995603e-01
-2.551023964269060196e-01
-1.451537186385003952e+00
-2.599488315906297586e+00
3.274819990562389815e-01
-2.638894517205566448e+00
-5.016521687039295907e-01
4.813052527526080482e-01
1.453687372849366000e+00
1.011038630718993081e-01
3.264197843311174019e-01
1.463391353652790716e+00
-2.654931608835896295e+00
-1.148474447347931582e+00
-1.727405325524109525e+00
-7.000829675021718046e-01
-2.088582504162269871e+00
6.444882349900085128e-01
1.562728400097010084e+00
-7.321518929142751819e-01
1.385304780730453489e+00
4.902608168820733470e-01
1.021279965750629515e+00
-9.699799694889308377e-01
2.588702537950569926e+00
2.039457604886207420e+00
1.353614971613414708e+00
3.291063069693236365e+00
2.324931035644573818e+00
1.540994770412824622e+00
-1.437150147591127247e+00
8.718122762323811115e-01
-2.414213562373053179e+00
-2.435070822710217797e+00
-1.096537657324531567e+00
-6.915761695925493058e-01
-8.238243457568849015e-01
-1.439948622854935856e+00
1.474656562034301066e+00
-2.184091366305785265e+00
-1.148977234001383518e+00
-9.771217426724951860e-01
-3.002146333036224135e-01
-1.100890159222472464e+00
1.234150857881556873e-01
2.609917306437328666e+00
-6.384349047151109957e-01
1.007484800060131747e+00
-1.668950050799110629e-01
-3.023052850442505823e-01
-2.853703766032769096e+00
-9.471310230379859085e-01
7.968151888443708586e-02
-1.602302443838058865e+00
1.552271125142016484e+00
1.536901425772949192e+00
2.398205737040778995e+00
4.141131881851833896e-14
2.576072836767085317e+00
1.103448839896290945e+00
-3.233233694734014008e-01
1.715276852806024488e+00
1.500408799857401387e+00
1.932979389542395454e+00
-1.735619636209606576e-02
2.799601980538217738e+00
-6.950365769551782869e-01
-1.781404023333357012e+00
-1.643497164228073126e+00
-2.294817768913909095e+00
-2.743110779084165785e+00
-3.034993461858218389e+00
9.062280904490839228e-01
-1.624055662880828255e+00
7.705249327444585461e-02
3.621439841890209399e-01
3.969281108537555669e-01
-1.321397884963888769e+00
-1.044865401118276971e+00
1.230700247656212554e+00
-1.615317621448508767e+00
1.004262933745471376e+00
1.025501451522016438e+00
1.690110340781454390e+00
-7.386115393037377963e-01
3.846348631908702576e-01
3.117168883583973371e-01
-2.679640005914172729e+00
-2.848658812652580252e-01
-2.982500762235180680e-01
1.301560638318740803e+00
6.201718343475937090e-04
3.501716982174983617e+00
2.565475415415089167e+00
7.479533351303184752e-01
1.966057206212890707e+00
7.228823190975014468e-01
5.243681444842223094e-01
-1.476637900644127921e+00
2.023390738524148524e+00
-2.996868217633788523e-01
-4.690339537951964677e-01
1.938438014521035868e-01
-7.983705019361052591e-01
-2.170291057442469196e+00
-3.796849471807719034e+00
-8.174116181983090978e-01
-3.656875757337545441e+00
-1.566123585336044011e+00
-1.693036841606800347e-01
1.033650932537862888e+00
2.068144660622465991e-01
5.306432188524429217e-01
2.329288149918525175e+00
-1.514360031010843377e+00
1.618597620951668370e-01
-1.845265942983889129e-01
7.708335266736566771e-01
-7.428354168106692246e-01
1.348250800746346734e+00
2.124652471484585359e+00
-8.838082083415559342e-01
8.079960090343426549e-01
-4.032717210426211008e-01
-7.438971557472306984e-03
-2.041798277601107436e+00
1.451132779172408238e+00
1.420943459070100445e+00
7.030268646408193156e-01
3.038440225641204862e+00
2.293173339588894244e+00
1.896813014296992117e+00
-9.934840630740817691e-01
1.453080728339846805e+00
-1.536577338888225341e+00
-1.905045847552369054e+00
-5.956516341210486010e-01
-6.074248532883939067e-01
-9.576729746423328082e-01
-2.202453960807056799e+00
5.350656844945581581e-01
-3.204652593917632686e+00
-2.387149053241135910e+00
-1.884145877078656772e+00
-9.938003849962563363e-01
-1.243259644744261649e+00
1.036957351035829866e-01
3.246221149525272409e+00
2.668762138609488410e-01
2.068063298340006462e+00
1.171739466303309385e+00
1.070050149487021596e+00
-1.423933024207383991e+00
4.160438559102112854e-02
1.099977854141133360e+00
-1.200975384078819319e+00
1.483318842488499989e+00
1.000000000000000000e+00
1.483318842488432265e+00
-1.200975384078640795e+00
1.099977854141014566e+00
4.160438559118453949e-02
-1.423933024207598264e+00
1.070050149487142832e+00
1.171739466303147736e+00
2.068063298339987810e+00
2.668762138610213386e-01
3.246221149525244432e+00
1.036957351038004793e-01
-1.243259644744335146e+00
-9.938003849959664571e-01
-1.884145877078800435e+00
-2.387149053241030661e+00
-3.204652593917704184e+00
5.350656844945131940e-01
-2.202453960807042588e+00
-9.576729746424561540e-01
-6.074248532882005058e-01
-5.956516341212532151e-01
-1.905045847552211846e+00
-1.536577338888390987e+00
1.453080728339853911e+00
-9.934840630742227674e-01
1.896813014296897304e+00
2.293173339588967963e+00
3.038440225641035664e+00
7.030268646410580136e-01
1.420943459070016957e+00
1.451132779172624732e+00
-2.041798277601128753e+00
-7.438971557345963603e-03
-4.032717210426121079e-01
8.079960090341372636e-01
-8.838082083415110812e-01
2.124652471484730576e+00
1.348250800746154887e+00
-7.428354168108779465e-01
7.708335266737778024e-01
-1.845265942984395391e-01
1.618597620950494864e-01
-1.514360031010670404e+00
2.329288149918613993e+00
5.306432188522789417e-01
2.068144660623278397e-01
1.033650932538210609e+00
-1.693036841607277188e-01
-1.566123585336139712e+00
-3.656875757337371358e+00
-8.174116181983116514e-01
-3.796849471807878018e+00
-2.170291057442376825e+00
-7.983705019360507471e-01
1.938438014518714392e-01
-4.690339537952817328e-01
-2.996868217631087350e-01
2.023390738524053489e+00
-1.476637900644301560e+00
5.243681444843307782e-01
7.228823190974693613e-01
1.966057206212901587e+00
7.479533351306271172e-01
2.565475415414577132e+00
3.501716982175262505e+00
6.201718342541129303e-04
1.301560638318843166e+00
-2.982500762233391001e-01
-2.848658812653084293e-01
-2.679640005913928924e+00
3.117168883578627092e-01
3.846348631912451799e-01
-7.386115393039600630e-01
1.690110340781757259e+00
1.025501451521872553e+00
1.004262933745671660e+00
-1.615317621448430163e+00
1.230700247655987178e+00
-1.044865401117723636e+00
-1.321397884964333302e+00
3.969281108537995872e-01
3.621439841887008626e-01
7.705249327478524979e-02
-1.624055662881021433e+00
9.062280904491963884e-01
-3.034993461857931507e+00
-2.743110779084442008e+00
-2.294817768913622213e+00
-1.643497164228316487e+00
-1.781404023333099440e+00
-6.950365769558739526e-01
2.799601980538247048e+00
-1.735619636209007055e-02
1.932979389542361037e+00
1.500408799857546605e+00
1.715276852805969421e+00
-3.233233694731990626e-01
1.103448839896221667e+00
2.576072836767196783e+00
-1.028066520802894956e-13
2.398205737040861152e+00
1.536901425773009144e+00
1.552271125141867492e+00
-1.602302443837768875e+00
7.968151888434904517e-02
-9.471310230377953943e-01
-2.853703766032967160e+00
-3.023052850442574657e-01
-1.668950050800968032e-01
1.007484800059972097e+00
-6.384349047150502665e-01
2.609917306437248286e+00
1.234150857883435370e-01
-1.100890159222604581e+00
-3.002146333032644221e-01
-9.771217426727196731e-01
-1.148977234001305359e+00
-2.184091366305828785e+00
1.474656562034260432e+00
-1.439948622854757998e+00
-8.238243457569360828e-01
-6.915761695922280072e-01
-1.096537657324709869e+00
-2.435070822710056149e+00
-2.414213562373204169e+00
8.718122762323919916e-01
-1.437150147591364391e+00
1.540994770412684067e+00
2.324931035644638655e+00
3.291063069693028531e+00
1.353614971613732010e+00
2.039457604886000919e+00
2.588702537950695159e+00
-9.699799694889483792e-01
1.021279965750733876e+00
4.902608168820991041e-01
1.385304780730439722e+00
-7.321518929142445398e-01
1.562728400096869308e+00
6.444882349902336660e-01
-2.088582504162378672e+00
-7.000829675020451281e-01
-1.727405325524203006e+00
-1.148474447347884730e+00
-2.654931608835780388e+00
1.463391353652671256e+00
3.264197843313046965e-01
1.011038630717106535e-01
1.453687372849497006e+00
4.813052527526631152e-01
-5.016521687037939214e-01
-2.638894517205516266e+00
3.274819990562255478e-01
-2.599488315906321567e+00
-1.451537186385307265e+00
-2.551023964268346877e-01
2.290453745969013855e-01
-6.595969228998164180e-01
-1.085021015806376221e+00
1.291026699384713261e+00
-2.227050530440540133e+00
-2.219462777418773625e-01
3.718430235076756185e-01
1.877770712454296387e+00
1.111781340387976380e+00
2.923019294801276757e+00
4.384704998190957603e+00
8.451224396706668029e-01
2.155018127277680939e+00
5.495450078967585306e-01
4.209928402240564749e-01
-2.193140152099994911e+00
2.369234146842802979e-01
2.352763975452490941e-01
-1.583718362255021717e+00
5.397515523904430346e-01
-4.347794971791012486e-01
-4.739262248232191110e-01
-3.098405737438723051e+00
-7.072765326851981893e-02
-1.658227807208086491e+00
-1.746218958895979334e+00
6.092886692992258713e-01
9.043704892969742781e-01
1.091580654924389382e+00
-6.133375932996119051e-01
2.072469883896207232e+00
-1.733554755076101905e+00
-1.809309631401145646e+00
-1.394151267207083933e+00
-1.129176665634306742e+00
-1.440188907504577731e+00
-1.003020990671830814e+00
2.363832302534618623e+00
-7.138095659170851093e-01
9.596882069607435284e-01
7.043736728626859289e-01
1.058980679430152616e+00
-5.206118423712808863e-01
9.999999999996610489e-01
3.148335483837861215e+00
6.961902650640057200e-01
3.209798871293213729e+00
2.416601857569895540e+00
2.324104473386261915e+00
-9.989111468640672342e-01
1.858757924087895697e-01
-8.142329722402860126e-01
-3.309256578448294128e+00
-1.009360813422045755e+00
-1.202727293649199947e+00
-1.793239838529976371e-01
-2.036399827697042753e+00
1.131765608151777514e+00
-8.807224461010267902e-01
-2.045033544571572381e+00
-6.143755858396258152e-01
-8.462973300909981678e-01
-3.630340360367158015e-01
-1.195537306596758942e+00
2.767550352215705889e+00
9.089826329517924908e-02
3.649667590973455500e-01
4.620266824225275348e-01
-3.316567068622235936e-01
-1.822770498832403607e+00
-2.411989233735892135e+00
7.593265256173008515e-01
-1.830564721107379222e+00
7.501889716225366156e-01
1.522153099927634479e+00
2.385300455399264941e+00
6.872462463415309752e-01
1.319875379886375155e+00
2.517882692075295026e+00
-8.000652697078828313e-01
1.502567219002336474e+00
1.286828595595601588e+00
2.282415423505044227e+00
1.454996851170142769e-01
1.992967945406875829e+00
1.093771342739482844e+00
-2.258002809733358873e+00
-1.155073112567579052e+00
-2.510291610308113430e+00
-2.081785630749986016e+00
-3.806181605926040934e+00
1.519721581962227841e-01
-6.436827005398709778e-01
-1.000000000000265565e+00
7.819366732517327723e-01
1.144780534602922728e-01
-2.542669119743815598e-01
-2.093129997642975582e+00
1.362129284923268679e+00
-1.067997829779254060e+00
-3.265448417001548531e-02
1.289629095823509042e+00
1.442687786168897590e+00
3.655946919446153576e-01
-7.600733139606746791e-01
1.387109528020289417e+00
-2.482837462009640284e+00
-9.335214615739523270e-01
-3.850510633233807933e-01
9.588119663127633308e-01
3.378441896706045333e-01
1.951016594745510924e+00
3.896750927381227747e+00
4.815613522422543813e-01
2.054786441974813194e+00
8.489658146906189362e-01
1.007682694086583286e+00
-1.354990667387650838e+00
8.891932226972611986e-01
1.111753672013447325e+00
-1.223523443750199391e+00
5.890388664759051984e-01
-8.126070594152785542e-01
-1.148474226224964312e+00
-4.110268237211708531e+00
-1.339868255254506924e+00
-2.628058402594402931e+00
-2.879972100954979020e+00
-1.492481829879865884e-01
3.683528881686951584e-01
1.054123670936069512e+00
-4.489510626792844183e-01
2.666754186629457735e+00
-5.858127975163289758e-01
-6.262014635990033051e-01
1.459056725709172719e-01
3.311674783212671946e-01
3.513811502947361554e-02
-1.243524564323690296e-01
2.978348991517303368e+00
-5.736212846485169159e-01
4.442905561168753459e-01
-4.425219656834378235e-02
-1.733613252952181938e-13
-1.510866514664330307e+00
-2.183120044548071403e-01
2.399375357090632654e+00
6.063237655979258900e-02
2.785425694075335912e+00
2.346509115662117395e+00
2.513663361617993530e+00
-5.041290565275392543e-01
6.257414851333018557e-01
6.673585532560821765e-02
-2.686669025633586116e+00
-4.825128948361814274e-01
-9.669344290085835070e-01
-2.430996746257237939e-01
-2.550490770437259691e+00
1.457719149561714778e-01
-1.787752513439147428e+00
-3.302172509549909929e+00
-1.612613865318540673e+00
-1.654245947170279507e+00
-6.614430971130061954e-01
-1.257907717841815876e+00
3.133676148487280599e+00
1.007579366310782376e+00
1.299639318414129274e+00
1.774920477182484024e+00
9.876247423964695793e-01
-3.316910969387545371e-01
-1.312059911376909360e+00
1.777870403984697756e+00
-1.153243435786557303e+00
7.708385056326836349e-01
1.193080705673509989e+00
1.525659700006201325e+00
-3.541631815237331615e-01
-1.741411265702768052e-01
1.345785117618466975e+00
-1.889880732952807563e+00
6.584264533495018945e-01
8.894109824510482154e-01
2.226835156378621061e+00
4.647504890798292987e-01
2.290418887713659757e+00
1.871860731647403853e+00
-1.659268462190388149e+00
-5.343888855681829808e-01
-2.006218718496025843e+00
-1.708063480000198364e+00
-3.748322954453247480e+00
-2.452372752530947997e-01
-1.053919947873407148e+00
-1.965072601407131803e+00
-1.925843198877355000e-01
-9.193429411213833724e-01
-9.613866975643379220e-01
-2.626159813334612458e+00
1.283321113553023807e+00
-4.795092188862198901e-01
6.977859746251517947e-01
2.503136598560566917e+00
2.727120483496200620e+00
1.855254564535768980e+00
3.757141118107178990e-01
2.492696386124825025e+00
-1.608029398617288663e+00
-6.029000942363854643e-01
-3.026866228582346663e-01
5.351521094573800097e-01
-3.404181188527950486e-01
6.388998704855193278e-01
2.652057965885317614e+00
-9.232403645167225337e-01
6.990357731938570129e-01
-1.299189070226337561e-01
4.142135623728679383e-01
-1.420671752767336926e+00
9.866235920335721943e-01
1.867354628056746346e+00
-5.127407730328883417e-01
1.384318327190910525e+00
-9.623348256497998854e-02
-5.412790787179763141e-01
-3.763381704102768399e+00
-1.388255531719236213e+00
-2.618262654004948509e+00
-3.401183425871572297e+00
-7.443569284491984295e-01
-4.388895875450983253e-01
3.372216221644789291e-01
-1.239235123925160220e+00
2.108852697355252825e+00
-5.758606636935169609e-01
-4.571474526118876613e-01
9.333720637418261301e-01
1.393329607599982811e+00
1.509679570800615434e+00
1.160036119251635078e+00
4.306871380487392820e+00
5.521389981516929835e-01
9.999999999999872324e-01
2.482547715371249408e-01
-2.121845114620219686e-01
-1.952546890038534100e+00
-1.282730883815179190e+00
1.359234770601082332e+00
-1.239446911073813773e+00
1.346002620395427396e+00
1.076171842745435425e+00
1.436038165043910908e+00
-1.148558916845278333e+00
1.623511972735597331e-01
4.079080224751948092e-01
-2.150478956633070204e+00
3.853678878789529305e-01
3.927091694726858595e-02
7.729976743385444937e-01
-1.756730705992215924e+00
4.933335228686152041e-01
-1.448966961878203508e+00
-3.555713485911984773e+00
-1.983487737265842821e+00
-2.258414793871463822e+00
-1.220856278487191027e+00
-1.971093783313530690e+00
2.494645569818266129e+00
7.575065669417500036e-01
1.023479469692259780e+00
1.997747740253335458e+00
1.477222579999905028e+00
6.855076627998637484e-01
-2.637506251946897251e-01
3.119139078716393509e+00
2.283079920246349204e-01
1.723850647163555738e+00
1.925651938595843049e+00
1.694939779689655701e+00
-5.222106119259819490e-01
-1.081267734392127533e+00
3.691184107585221419e-01
-3.165411537860818747e+00
-7.945401421065262371e-01
-4.304775606946998900e-01
1.016546916769348829e+00
-4.218492854145396431e-01
1.453646013942840431e+00
1.748959284608554210e+00
-1.584006633290353960e+00
-2.758378486441059874e-02
-1.146057851189905996e+00
-5.791922201624239985e-01
-2.581325727092598221e+00
6.404486058341287702e-01
-1.172827239281229450e-01
-1.682345105612487846e+00
-1.806992768113376835e-01
-1.315250958550531646e+00
-1.474121692080883506e+00
-3.391639953571429889e+00
5.223636300797376286e-01
-8.787770819950628809e-01
2.248045119249405532e-01
2.455985840377468143e+00
2.856360442409258127e+00
2.433459756066862489e+00
9.714998783976270813e-01
3.445461637907573316e+00
-4.310544294716081026e-01
3.798531766018066191e-01
7.118786803873380364e-01
1.174230151868655314e+00
4.336107504274114288e-02
2.362296235392755683e-01
2.021077013835367531e+00
-2.044945853879623243e+00
-8.001204302605784413e-01
-1.625431722287708824e+00
-1.038920189387876114e+00
-2.549389201592849652e+00
-7.999562624037552527e-02
1.518981709339481290e+00
-6.728378326877902937e-01
1.621072341277825624e+00
4.976020146196364902e-01
3.748040849795306606e-01
-2.661557085195951355e+00
-3.709029926817461464e-01
-1.320059762510613188e+00
-2.570755528751891728e+00
-1.069214625608592151e-01
-2.520888064110656801e-01
2.357253926797169274e-01
-1.825120713890413970e+00
1.269678558279538239e+00
-1.238599139370538005e+00
-1.302237294922235833e+00
4.928873600621388462e-01
1.166937799398837017e+00
1.782553612109948782e+00
1.492276391068295016e+00
