5.000000000000000000e+00
1.526936698810211102e+00
2.816699896003538317e-02
1.924327015202725200e+00
-3.191647477750831907e-01
-2.660112995098282140e-01
2.018384056792916770e+00
4.119202618659226767e-01
-7.594907782527711149e-01
-6.370460518163034713e-01
-1.073272048524188671e-01
1.719626219998625860e+00
1.642308783670245909e+00
2.056252204005277751e+00
2.694526513577353288e+00
-6.319282372071900467e-01
-3.855911426054233759e-01
2.573607593510951919e+00
-1.197958167880843749e-01
-6.130347287988227034e-01
1.155512171611271954e+00
-2.502651178065320892e+00
-2.784962671835878645e+00
9.225641343106846248e-01
3.147892491680285287e-01
2.489670022681663153e-01
1.234793280306856866e+00
-1.960508031927660211e-01
-3.678643934206744515e-01
9.066265522089106410e-02
7.720755988126283276e-01
1.325380359676906927e+00
-1.580387905571543739e+00
-2.451470032225937956e+00
-1.024555932884926523e+00
-3.144187170846737711e+00
-1.750561677006562622e+00
1.615924422290553775e+00
-1.586949874097060231e+00
-2.262778091768778754e+00
6.519672813911774334e-01
-9.815569511912551892e-01
-4.609063742110731665e-01
2.061741653038774214e+00
-2.078110899100832354e-01
-2.011094276049574248e+00
-2.031900820961490162e+00
-2.271285999868140504e+00
-1.253455631125982350e+00
-1.444605468200862441e+00
-1.314327780297829262e+00
-6.500953035370744537e-01
-2.937997408140867517e+00
-1.631259422648665858e+00
2.048840050682357639e+00
4.509374767061019584e-02
-9.087499237119378570e-03
1.836220797792282422e+00
-1.996893005709553082e+00
-2.446987033369370845e+00
8.845203413513036406e-01
-7.287127879209094328e-01
-1.515938960853222328e+00
-5.355708486632227983e-01
-2.048709155942203264e+00
-1.758402322530098205e+00
-7.651937097017691425e-02
1.229076247883623685e+00
2.232829387527595966e+00
3.236942877980775179e-01
-1.781459352639302995e-02
1.485061599201888960e+00
-5.239212168178987161e-01
4.036993451176164038e-01
2.779531190708938837e+00
-1.240367781627142119e+00
-2.278855510906717896e+00
5.899434400600671591e-01
-1.025139387300823657e+00
-8.083523170312062467e-02
3.172475783102223446e+00
1.297838105603632552e+00
2.533381140598891523e-01
1.429807833127401118e+00
1.471493150249882920e+00
2.286918048407021953e+00
1.990734086150532711e+00
1.216701123320208744e+00
8.336195783209009447e-01
-1.766654743632979585e+00
-8.943902809249045793e-01
2.220651291017254003e+00
1.605424888519179638e-01
3.508192847690295713e-01
2.649457114691956328e+00
-4.296494144839648199e-01
8.054151030104655939e-02
4.068909760877231996e+00
2.291163305895796309e+00
1.186960779029416768e+00
1.927050983124841688e+00
-4.810358856574549202e-01
-1.012263350239760662e+00
2.771505925593493735e-01
5.746180248990750972e-01
7.466351280824753411e-01
-9.247752117378896797e-01
-9.566306499013698117e-01
9.888603378246454412e-01
-5.095946764921303190e-02
1.446691691484655706e+00
3.866438976771396252e+00
-9.591672316166216516e-02
-1.152105783981286269e+00
1.346225599849404819e+00
-1.099545485870345063e+00
-1.045127188817300823e+00
1.362311538715840431e+00
-1.552108276897096850e+00
-2.922710349747918102e+00
-1.201220620251315596e+00
-9.416988300005126877e-01
2.391202974844840456e-01
8.657915418692320175e-01
4.455312928458788901e-01
2.928932188134640846e-01
-1.631116817710286826e+00
-8.009324582867142217e-01
1.548329690289569793e+00
-1.239651562768395499e+00
-1.921464114987998295e+00
-4.805922873477261881e-01
-3.956666626341037940e+00
-3.367351947647239996e+00
8.491775137220657355e-01
-8.082145548892377684e-01
-1.318530872525051079e+00
4.841599876702643579e-01
-1.286210465419916904e+00
-1.176046114657267161e+00
7.835454856432759740e-01
6.179871092400187615e-01
-1.102183292434866235e-02
-1.947652726504560672e+00
-2.634853749634469722e+00
-1.379324025945925847e+00
-2.460012611982860697e+00
-1.110847779592456730e+00
1.202095458550861196e+00
-2.129806890887724347e+00
-2.126627020880161201e+00
1.404681511277281025e+00
-2.522571548440400990e-01
3.921150295554910459e-01
3.029371380950941717e+00
-2.962286459686099827e-01
-1.958024694205642735e+00
-3.111133378474137956e-01
-8.631906089343123201e-01
-4.615484984494537257e-01
5.703000167264965503e-02
-6.691466432965545996e-01
-6.609066560883635200e-01
-1.391885629246154998e+00
3.497964968096876071e-01
3.258767231537538667e+00
1.268556580589286886e+00
1.048294793098226929e+00
2.555251055376608349e+00
-8.985562380786729086e-01
-5.189327307875999384e-01
3.008330939597007259e+00
2.757045404467989291e-01
-9.389130232109648144e-01
7.176527673037856880e-01
-1.208920082677579888e+00
-7.147123201211922350e-01
2.173265036221066815e+00
2.335987929579555811e+00
2.116135116427339202e+00
1.213226369280544503e+00
9.224209395035301018e-01
2.115652555124778456e+00
1.050630378499092243e+00
1.628758665582714427e+00
2.714522579838503091e+00
-1.357992106058625748e+00
-1.832918905029889522e+00
1.303530129806586890e+00
-5.162386221429033917e-01
3.037427045595601505e-01
3.325744744563154942e+00
3.593512729865115940e-01
-4.971763335537809358e-01
2.135932889648161304e+00
1.629265929999697882e+00
1.713907654922253609e+00
1.997562154034198567e+00
2.489631399397522760e-01
-7.576705964362655532e-01
-1.809016994374984755e+00
-8.079036522850379098e-01
1.255995606780633267e+00
-8.097899674198731912e-01
-8.878038450931782233e-01
9.752593446262114441e-01
-1.597011033923813939e+00
-3.448389190320719222e-01
3.569373318929912386e+00
7.322407200899142543e-01
-6.388192589076613359e-01
7.903192006782696621e-01
-1.921923661457565213e+00
-2.164730205100529936e+00
1.840964510421635447e-01
-7.642225904338977305e-01
-1.670218848321492366e+00
-2.164449497181606841e+00
-2.130739090695501048e+00
-4.503496538851630149e-01
-4.454510666187335710e-01
6.586435777787328361e-01
1.891162584285068338e+00
-1.703201245143158626e+00
-1.977002104560328100e+00
8.060830109305405777e-01
-1.645901833910305756e+00
-1.607406236746381500e+00
5.750773521657505105e-01
-3.129601394915136225e+00
-4.004006859738127311e+00
-8.163293367068575890e-01
-1.082731346683124984e+00
-4.781065074567375506e-01
8.645781231225370123e-01
-3.364479810797256221e-01
-7.609150917904888844e-01
-8.591783194545692393e-01
1.085292898109285753e-01
1.476967441977156348e+00
-1.025160858698115796e+00
-1.813027072800895478e+00
-6.760315267868783895e-01
-3.363766973073451183e+00
-2.029580725828161292e+00
1.939126004483987975e+00
-6.167925096638104954e-01
-1.176091986353837715e+00
1.370330015967224924e+00
-5.321985099814011688e-01
-4.458519023723929979e-14
2.925092176268138999e+00
1.512454405470316399e+00
2.752934192477163311e-02
-5.690292418100586502e-01
-1.217920527124853436e+00
-2.636292095893838505e-01
-3.506547178804576559e-01
3.916409200081931719e-01
1.445968268672441326e+00
-1.333831173102210998e+00
-6.052383114468065095e-01
2.980915119321994933e+00
1.294342074588564540e+00
1.816981140671849015e+00
4.053635842624862207e+00
6.485451397511521332e-02
-1.027101507395232982e+00
1.825864333249043625e+00
5.160129803873257925e-01
2.072875657043883046e-01
1.235772230753502399e+00
-4.254564712436647023e-01
-7.222055916191534308e-01
2.151758456964327770e-01
1.714064010409665606e+00
3.389440795952610053e+00
1.663625382416095588e+00
1.212490682653926566e+00
2.298728108392030123e+00
-3.424483151998723995e-01
5.254088125763344275e-01
3.414153747222692381e+00
-2.658682605083839690e-01
-1.574643377910079911e+00
5.896472927369882377e-01
-1.583571949757076158e+00
-8.375207508783162336e-01
2.642987700536146178e+00
1.363122606524128422e+00
3.441431536627794774e-01
7.780684083745841306e-01
3.978322045084828895e-01
1.209156780614371041e+00
1.057580694997556581e+00
8.389775454364502005e-01
6.499286666293304648e-01
-2.680671268709663213e+00
-2.514411860906899499e+00
4.419089529683967177e-01
-1.427050983124767303e+00
-8.256244875087925816e-01
1.675024873287060512e+00
-1.737653153641466774e+00
-1.864078712983712860e+00
1.848926877809125457e+00
5.833354061638981181e-01
9.288991256314173273e-02
9.614293790376609028e-01
-1.560245155457312460e+00
-2.613238542532568154e+00
-1.914917514293098755e+00
-1.275280385903961200e+00
-4.165860187847632012e-01
-1.997743000208034303e+00
-2.196986951111203901e+00
-6.181719027194599869e-01
-2.108400193455421956e+00
-3.519693647277917226e-01
2.887443578933866384e+00
-5.509080265205373861e-01
-1.684038787872987220e+00
3.938802850199472072e-01
-2.298905592447672674e+00
-2.120892154199088608e+00
7.664565985126444714e-01
-1.490971470247101749e+00
-2.871123391746920550e+00
-1.842967196634855309e+00
-1.837125852974101026e+00
-4.271398201118196680e-01
5.898989980362912000e-01
9.322778346119806603e-01
1.129732126080044363e+00
-1.318537595864472278e+00
-8.373226284913042328e-01
1.750333872242371802e+00
-5.714996121579239974e-01
-6.932467418644064905e-01
9.750134146055902118e-01
-2.892817987431676396e+00
-2.907674346256311715e+00
1.167966088901422950e+00
9.401577070019684346e-02
1.894196634312318717e-01
2.104131341295995661e+00
2.295421857725886694e-01
-6.340479398460235894e-02
1.559686345211803271e+00
1.982467188755898446e+00
2.126627020880078156e+00
2.215478080842284703e-01
-7.278658942316269531e-01
7.228679155572981241e-02
-1.531779101750308403e+00
1.715082849899329798e-02
2.986177096981802670e+00
-1.308885599074212647e-01
-4.695167081132511355e-01
2.524380918644524296e+00
5.943052452730714919e-01
1.408937574999306497e+00
4.549745514570262550e+00
1.748171245078677716e+00
-1.289147839535834117e-01
6.841183928463651087e-01
-2.247755384670848677e-01
2.590553151515523900e-01
9.284191802114850622e-01
6.036438118071288939e-01
5.210350964320520362e-01
-1.102004316192245259e+00
1.114037557351332808e-01
3.171189582720849387e+00
1.520198231349839002e+00
1.707106781186481292e+00
3.263008299780232768e+00
-7.646102139420202226e-01
-1.050825303821066203e+00
2.337358720866256068e+00
5.195367981247678291e-02
-8.407650574514189401e-01
5.816189658935562168e-01
-1.806560701474367869e+00
-1.970894718667717260e+00
4.741163895702294462e-01
1.144586081788770748e+00
1.546117574244269210e+00
5.133090634747738967e-01
-1.043826106893996908e-01
6.806842977745271028e-01
-7.811177465463051695e-01
1.422268639924458844e-01
1.895094886433614789e+00
-2.127879368093592127e+00
-3.103567874188647657e+00
-5.714619122082840175e-01
-2.694283273294049597e+00
-1.689468680032233383e+00
1.838133805722549363e+00
-6.909830056250673147e-01
-1.799496255811409817e+00
1.563429343519222581e-01
-4.178159285230360620e-01
6.452285015434694460e-02
7.650538990725754829e-01
-4.294265444237326257e-01
-1.464999895713695377e+00
-3.311460677656138607e+00
-2.639821666290582680e+00
-2.382805385739961146e-01
-1.889324187844490632e+00
-1.537224315494183147e+00
3.952793318809050271e-01
-2.665216940349515617e+00
-1.792488141767776932e+00
2.397946044011808109e+00
3.467722266461330527e-01
-4.467366135347881628e-01
9.817285006319180773e-01
-1.975241154085545681e+00
-2.609486237007135223e+00
-3.913625382077851045e-01
-6.280177114464812194e-01
-8.860831242667259744e-01
-1.553236711707543849e+00
-1.826742445050126840e+00
-4.288195195708399687e-01
-5.943212549269676348e-01
1.132612116289455795e+00
3.229828895281091850e+00
-2.141385966983621325e-01
-8.205509833333911596e-01
1.622226431432790772e+00
-8.838032323597654338e-01
-4.622504724575602908e-01
2.290595055940886748e+00
-1.113031718668361814e+00
-2.410418274195726962e+00
4.601971808872673542e-02
-2.781416696386506127e-01
7.317516037969304943e-01
2.469645218045513957e+00
1.744027217789805739e+00
1.209239412962078264e+00
3.510460890350631802e-01
1.151101051424802124e+00
2.982976165110558853e+00
8.632486642343838446e-01
3.505746588208065173e-01
1.314327780297820158e+00
-2.127657170599289493e+00
-1.336238801092211936e+00
2.777982654300927834e+00
7.506596173381451242e-01
4.480194641041846393e-01
2.718150795029627975e+00
3.680708758925177460e-01
4.483078297243007770e-01
3.290706001713411766e+00
2.558583333539344196e+00
1.534983799419425754e+00
5.144810488154972772e-01
-6.714316014378177710e-01
-2.000749844470445238e-01
-6.496963367143888668e-01
4.810249391374993300e-01
2.035645081078937935e+00
-1.034304929047507704e+00
-9.490139788742260052e-01
2.159130962921821606e+00
3.559435857871201536e-01
1.244015194406774771e+00
3.990562096535319014e+00
1.273812515523734534e-01
-1.533046046108565319e+00
5.647755763072181967e-01
-8.204547718977970305e-01
-8.203518778577296722e-01
4.078447411844878245e-01
-1.077898821130404361e+00
-1.787980147365851646e+00
-1.763414219657691628e+00
-4.178509178794730383e-01
1.766449319196945034e+00
4.199670958376776064e-01
2.443552639652888381e-01
1.189511430324260655e+00
-2.105410169791339214e+00
-1.547989325369504732e+00
1.716793978309906432e+00
-1.387515076285251503e+00
-2.508664410222678942e+00
-6.962353280451948345e-01
-3.365598004115377240e+00
-3.004890136844123205e+00
5.589905111540491855e-01
7.226406891468939442e-02
-4.395129680363281666e-01
-3.222093588315432244e-01
-1.000000000000000000e+00
-3.222093588315724233e-01
-4.395129680364299740e-01
7.226406891463998949e-02
5.589905111541666471e-01
-3.004890136844001081e+00
-3.365598004115448294e+00
-6.962353280452668880e-01
-2.508664410222690933e+00
-1.387515076285389171e+00
1.716793978309955282e+00
-1.547989325369321101e+00
-2.105410169791436914e+00
1.189511430324120100e+00
2.443552639652649683e-01
4.199670958375891217e-01
1.766449319196965018e+00
-4.178509178792684242e-01
-1.763414219657656545e+00
-1.787980147365900940e+00
-1.077898821130590878e+00
4.078447411844403070e-01
-8.203518778576516235e-01
-8.204547718978496551e-01
5.647755763072938029e-01
-1.533046046108557103e+00
1.273812515521427491e-01
3.990562096535283043e+00
1.244015194406936198e+00
3.559435857871190989e-01
2.159130962921848251e+00
-9.490139788741664972e-01
-1.034304929047618060e+00
2.035645081078877539e+00
4.810249391373853101e-01
-6.496963367141541656e-01
-2.000749844469924543e-01
-6.714316014378265418e-01
5.144810488156034145e-01
1.534983799419387562e+00
2.558583333539394822e+00
3.290706001713310958e+00
4.483078297242268362e-01
3.680708758925854696e-01
2.718150795029557809e+00
4.480194641042148374e-01
7.506596173382062975e-01
2.777982654300960252e+00
-1.336238801092155759e+00
-2.127657170599307257e+00
1.314327780297837922e+00
3.505746588208007442e-01
8.632486642344464611e-01
2.982976165110852840e+00
1.151101051424780142e+00
3.510460890350909913e-01
1.209239412961994553e+00
1.744027217789708040e+00
2.469645218045454893e+00
7.317516037968948561e-01
-2.781416696385003995e-01
4.601971808876037517e-02
-2.410418274195923249e+00
-1.113031718668637371e+00
2.290595055940865432e+00
-4.622504724570754564e-01
-8.838032323597128093e-01
1.622226431432823857e+00
-8.205509833332829128e-01
-2.141385966989117484e-01
3.229828895280948409e+00
1.132612116289710258e+00
-5.943212549269081268e-01
-4.288195195706828722e-01
-1.826742445050032915e+00
-1.553236711707752571e+00
-8.860831242667002172e-01
-6.280177114465897992e-01
-3.913625382074495951e-01
-2.609486237006868325e+00
-1.975241154085825457e+00
9.817285006317340024e-01
-4.467366135347773382e-01
3.467722266458643787e-01
2.397946044011965316e+00
-1.792488141767273335e+00
-2.665216940349703911e+00
3.952793318806930856e-01
-1.537224315493966209e+00
-1.889324187844768854e+00
-2.382805385739734660e-01
-2.639821666290268265e+00
-3.311460677656292262e+00
-1.464999895713863465e+00
-4.294265444238507534e-01
7.650538990726560851e-01
6.452285015439751525e-02
-4.178159285229668951e-01
1.563429343520262860e-01
-1.799496255811374068e+00
-6.909830056254113728e-01
1.838133805722514058e+00
-1.689468680032234049e+00
-2.694283273294214798e+00
-5.714619122082410518e-01
-3.103567874188419839e+00
-2.127879368093643198e+00
1.895094886433589476e+00
1.422268639926757006e-01
-7.811177465463968739e-01
6.806842977745485301e-01
-1.043826106894588657e-01
5.133090634746523273e-01
1.546117574244225246e+00
1.144586081788795173e+00
4.741163895702947828e-01
-1.970894718667617118e+00
-1.806560701474506203e+00
5.816189658935593254e-01
-8.407650574514232700e-01
5.195367981250009759e-02
2.337358720866308914e+00
-1.050825303820981382e+00
-7.646102139420853927e-01
3.263008299780109311e+00
1.707106781186626510e+00
1.520198231349749518e+00
3.171189582720938205e+00
1.114037557352132168e-01
-1.102004316192192412e+00
5.210350964319548916e-01
6.036438118070994729e-01
9.284191802113815895e-01
2.590553151516832298e-01
-2.247755384670986345e-01
6.841183928463610009e-01
-1.289147839535930706e-01
1.748171245078547376e+00
4.549745514570189719e+00
1.408937574999491904e+00
5.943052452730320789e-01
2.524380918644549610e+00
-4.695167081132045617e-01
-1.308885599075430006e-01
2.986177096981751156e+00
1.715082849911220286e-02
-1.531779101750318839e+00
7.228679155575079562e-02
-7.278658942316171832e-01
2.215478080842609998e-01
2.126627020880051067e+00
1.982467188755999254e+00
1.559686345211930725e+00
-6.340479398463250149e-02
2.295421857725271630e-01
2.104131341295938373e+00
1.894196634313996541e-01
9.401577070022804072e-02
1.167966088901506883e+00
-2.907674346256444942e+00
-2.892817987431798521e+00
9.750134146056086415e-01
-6.932467418644283619e-01
-5.714996121578153065e-01
1.750333872242528122e+00
-8.373226284912620443e-01
-1.318537595864445633e+00
1.129732126080133625e+00
9.322778346119775517e-01
5.898989980364226504e-01
-4.271398201118729032e-01
-1.837125852974052398e+00
-1.842967196635069360e+00
-2.871123391747159026e+00
-1.490971470247068220e+00
7.664565985127201886e-01
-2.120892154198935398e+00
-2.298905592447336943e+00
3.938802850199771832e-01
-1.684038787873059384e+00
-5.509080265207254579e-01
2.887443578933854837e+00
-3.519693647278455129e-01
-2.108400193455303828e+00
-6.181719027193880445e-01
-2.196986951111440156e+00
-1.997743000208010100e+00
-4.165860187847630902e-01
-1.275280385903786229e+00
-1.914917514292882927e+00
-2.613238542532473563e+00
-1.560245155457716582e+00
9.614293790374400794e-01
9.288991256313994249e-02
5.833354061637734400e-01
1.848926877809260461e+00
-1.864078712983206154e+00
-1.737653153641720349e+00
1.675024873286878435e+00
-8.256244875085214652e-01
-1.427050983125041084e+00
4.419089529683413176e-01
-2.514411860906584195e+00
-2.680671268709965194e+00
6.499286666291816950e-01
8.389775454363905816e-01
1.057580694997449555e+00
1.209156780614482285e+00
3.978322045084977665e-01
7.780684083747232416e-01
3.441431536627252985e-01
1.363122606523955227e+00
2.642987700536256312e+00
-8.375207508780376786e-01
-1.583571949757353714e+00
5.896472927369896810e-01
-1.574643377910003084e+00
-2.658682605087487882e-01
3.414153747222641311e+00
5.254088125765632444e-01
-3.424483151999753172e-01
2.298728108392018132e+00
1.212490682654050023e+00
1.663625382415925724e+00
3.389440795952818775e+00
1.714064010409797278e+00
2.151758456964938393e-01
-7.222055916192073877e-01
-4.254564712437887142e-01
1.235772230753392265e+00
2.072875657044103703e-01
5.160129803873568788e-01
1.825864333249167526e+00
-1.027101507395278945e+00
6.485451397491825976e-02
4.053635842624771612e+00
1.816981140672038642e+00
1.294342074588699987e+00
2.980915119322140150e+00
-6.052383114466977077e-01
-1.333831173102435708e+00
1.445968268672237489e+00
3.916409200081678588e-01
-3.506547178803852138e-01
-2.636292095891998866e-01
-1.217920527124792596e+00
-5.690292418101418059e-01
2.752934192470285479e-02
1.512454405470161412e+00
2.925092176268303756e+00
1.337555707117179120e-13
-5.321985099815000897e-01
1.370330015967201609e+00
-1.176091986353792862e+00
-6.167925096639348403e-01
1.939126004484046151e+00
-2.029580725827937471e+00
-3.363766973073441413e+00
-6.760315267870014022e-01
-1.813027072800809325e+00
-1.025160858698181077e+00
1.476967441977087958e+00
1.085292898110021831e-01
-8.591783194544975188e-01
-7.609150917906040146e-01
-3.364479810797845749e-01
8.645781231225500019e-01
-4.781065074566416273e-01
-1.082731346682907603e+00
-8.163293367067304684e-01
-4.004006859738132640e+00
-3.129601394915388468e+00
5.750773521656968867e-01
-1.607406236746484307e+00
-1.645901833910266010e+00
8.060830109306171831e-01
-1.977002104560297679e+00
-1.703201245143134424e+00
1.891162584285020154e+00
6.586435777788006707e-01
-4.454510666185824697e-01
-4.503496538849514064e-01
-2.130739090695451310e+00
-2.164449497181756499e+00
-1.670218848321649796e+00
-7.642225904339251530e-01
1.840964510420826095e-01
-2.164730205100452221e+00
-1.921923661457480392e+00
7.903192006782783219e-01
-6.388192589077440475e-01
7.322407200898894963e-01
3.569373318929994543e+00
-3.448389190320035325e-01
-1.597011033923866563e+00
9.752593446262286525e-01
-8.878038450933929404e-01
-8.097899674197887032e-01
1.255995606780661911e+00
-8.079036522850384650e-01
-1.809016994374797349e+00
-7.576705964362834278e-01
2.489631399397113087e-01
1.997562154034069781e+00
1.713907654922157242e+00
1.629265929999740070e+00
2.135932889648128441e+00
-4.971763335537832118e-01
3.593512729866361610e-01
3.325744744563129185e+00
3.037427045595489372e-01
-5.162386221427810451e-01
1.303530129806638405e+00
-1.832918905029561785e+00
-1.357992106059128679e+00
2.714522579838258398e+00
1.628758665582912268e+00
1.050630378499013418e+00
2.115652555124861056e+00
9.224209395036305770e-01
1.213226369280373973e+00
2.116135116427170004e+00
2.335987929579494526e+00
2.173265036221216029e+00
-7.147123201210101584e-01
-1.208920082677660712e+00
7.176527673037533805e-01
-9.389130232107623097e-01
2.757045404463721594e-01
3.008330939597140041e+00
-5.189327307872608763e-01
-8.985562380789817727e-01
2.555251055376499991e+00
1.048294793098417443e+00
1.268556580589064176e+00
3.258767231537669229e+00
3.497964968100091276e-01
-1.391885629246153222e+00
-6.609066560882748131e-01
-6.691466432966901579e-01
5.703000167258281961e-02
-4.615484984494171994e-01
-8.631906089343305277e-01
-3.111133378474598699e-01
-1.958024694205644289e+00
-2.962286459688298068e-01
3.029371380950988790e+00
3.921150295558492593e-01
-2.522571548440064038e-01
1.404681511277362294e+00
-2.126627020879951591e+00
-2.129806890888064519e+00
1.202095458550752394e+00
-1.110847779592306850e+00
-2.460012611982870911e+00
-1.379324025945790844e+00
-2.634853749634466169e+00
-1.947652726504735865e+00
-1.102183292437974860e-02
6.179871092399893406e-01
7.835454856434005411e-01
-1.176046114657092634e+00
-1.286210465420048799e+00
4.841599876701554450e-01
-1.318530872525097486e+00
-8.082145548893757692e-01
8.491775137221231340e-01
-3.367351947646906041e+00
-3.956666626341082793e+00
-4.805922873478201129e-01
-1.921464114987921912e+00
-1.239651562768579351e+00
1.548329690289558691e+00
-8.009324582865386954e-01
-1.631116817710401845e+00
2.928932188131934122e-01
4.455312928457514365e-01
8.657915418692732068e-01
2.391202974845517137e-01
-9.416988300003753531e-01
-1.201220620251142179e+00
-2.922710349747923875e+00
-1.552108276897178563e+00
1.362311538715850867e+00
-1.045127188817283947e+00
-1.099545485870424777e+00
1.346225599849473653e+00
-1.152105783981462128e+00
-9.591672316178800894e-02
3.866438976771372271e+00
1.446691691484900844e+00
-5.095946764905465165e-02
9.888603378247035058e-01
-9.566306499013301767e-01
-9.247752117381107251e-01
7.466351280824228276e-01
5.746180248990874206e-01
2.771505925594193176e-01
-1.012263350239664517e+00
-4.810358856574308284e-01
1.927050983124766415e+00
1.186960779029339719e+00
2.291163305895795421e+00
4.068909760877366111e+00
8.054151030109835130e-02
-4.296494144839155260e-01
2.649457114691873727e+00
3.508192847689045601e-01
1.605424888518748316e-01
2.220651291017321505e+00
-8.943902809248489572e-01
-1.766654743632882107e+00
8.336195783208104615e-01
1.216701123320124367e+00
1.990734086150498516e+00
2.286918048407085902e+00
1.471493150249953752e+00
1.429807833127377581e+00
2.533381140599757497e-01
1.297838105603543069e+00
3.172475783102169267e+00
-8.083523170307801986e-02
-1.025139387300871174e+00
5.899434400600888084e-01
-2.278855510906747650e+00
-1.240367781627145449e+00
2.779531190708982358e+00
4.036993451176128511e-01
-5.239212168177506124e-01
1.485061599201761950e+00
-1.781459352655934136e-02
3.236942877981127120e-01
2.232829387527516030e+00
1.229076247883644113e+00
-7.651937097009964273e-02
-1.758402322529965200e+00
-2.048709155942192162e+00
-5.355708486631264309e-01
-1.515938960853093320e+00
-7.287127879211059422e-01
8.845203413513957891e-01
-2.446987033369224740e+00
-1.996893005709872604e+00
1.836220797792164738e+00
-9.087499237084739612e-03
4.509374767034962650e-02
2.048840050682525060e+00
-1.631259422648116075e+00
-2.937997408141226341e+00
-6.500953035372946109e-01
-1.314327780297777970e+00
-1.444605468200831133e+00
-1.253455631125760750e+00
-2.271285999868046357e+00
-2.031900820961634047e+00
-2.011094276049604002e+00
-2.078110899104718134e-01
2.061741653038819511e+00
-4.609063742109800743e-01
-9.815569511912182188e-01
6.519672813912923415e-01
-2.262778091768581135e+00
-1.586949874097473678e+00
1.615924422290530238e+00
-1.750561677006093442e+00
-3.144187170846583612e+00
-1.024555932885007792e+00
-2.451470032225986806e+00
-1.580387905571752238e+00
1.325380359676850084e+00
7.720755988127465663e-01
9.066265522087008089e-02
-3.678643934204213206e-01
-1.960508031929193429e-01
1.234793280306845542e+00
2.489670022681540196e-01
3.147892491679182836e-01
9.225641343108437198e-01
-2.784962671835599757e+00
-2.502651178065686377e+00
1.155512171611153827e+00
-6.130347287988628935e-01
-1.197958167881108538e-01
2.573607593511018976e+00
-3.855911426051664703e-01
-6.319282372074008780e-01
2.694526513577188531e+00
2.056252204005391881e+00
1.642308783669991890e+00
1.719626219998551697e+00
-1.073272048523433719e-01
-6.370460518161796815e-01
-7.594907782528816931e-01
4.119202618658018844e-01
2.018384056792938530e+00
-2.660112995094688904e-01
-3.191647477751392570e-01
1.924327015202793145e+00
2.816699895993302061e-02
1.526936698809937099e+00
