5.000000000000000000e+00
1.923688385652354338e+00
9.512410550548974220e-01
2.878505877262079071e+00
7.478555720715096555e-02
-1.245930251633769359e+00
3.594644581759498525e-02
-6.864333983762044289e-01
-5.420313860683503293e-01
-3.847971708044309880e-01
-1.161872653294575564e-01
1.101726188549558616e+00
-8.811853194257895927e-01
-1.299310922701112592e+00
8.970366215375384922e-01
-1.809313762925899072e+00
-2.480809429154930967e+00
1.105259810308668822e+00
-4.824110122970809433e-01
-1.184645898396216257e+00
1.991293647870456152e+00
9.059611862142590288e-01
-4.895519867165211703e-01
1.501662557003493603e-01
-1.042132066034232363e+00
-1.776347811180154279e+00
-2.741315324588747160e+00
-3.111591732143779154e+00
-1.088470878605914738e+00
-2.034381085263433420e+00
-2.077977431725264612e+00
1.735631523679778798e+00
5.035412858200501995e-01
-9.200953782431676720e-01
2.406138297214212685e+00
1.072597097629336194e+00
-1.024071414857921969e+00
1.443854685424227124e+00
1.266318398728838668e+00
4.647790668838395201e-01
1.827631993748271899e+00
2.005641445097317899e+00
2.450126991068998450e+00
1.633579564451855370e+00
2.850739763407081906e-01
1.581186548206964249e+00
-3.670279777522589271e-01
-2.679692308278085022e+00
2.886832102672709510e-01
-3.443987156484356049e-01
-2.260073510670094876e+00
1.508450898364448234e+00
1.996692878364890067e+00
6.709459980815801750e-02
2.008131722601126601e+00
1.860705983837003030e+00
1.614197618509031207e-01
6.402747990440826875e-03
-7.665583919567688920e-01
-3.674016334196040234e-01
-8.198538340917164158e-01
-2.029505158671165432e+00
4.200332539070933402e-01
3.571257886234968648e-02
-2.672378977789759968e+00
-1.849409436169203169e-01
-5.674659008694057372e-01
-4.112267057192784847e+00
-2.004733054045422680e+00
-1.210480714991769791e+00
-3.109353856825473272e+00
-1.013686440901535590e+00
5.500655408357367770e-01
6.613704856907941521e-01
1.565380099523241864e+00
1.328319892110512379e+00
2.110057852774774201e+00
1.584044540477421048e+00
-1.003041190906043045e+00
6.131552092721934688e-01
7.918262876126522798e-01
-2.274830797724987530e+00
3.132322204195873150e-01
1.932092935397009770e+00
-8.831431821437961682e-01
8.800700171973807606e-01
2.241206053158347977e+00
-1.771622567200989984e-01
1.067497299687183432e-01
5.220221537537866885e-01
2.626619377462136029e-02
4.954039984416258591e-01
1.729510417209982887e-01
1.853641764605572728e+00
2.969724427374108355e+00
7.647518108922556346e-01
2.303494983278521868e+00
3.130439596853681117e+00
-1.121861840159844803e+00
-7.496009593022520123e-01
3.819660112500911087e-01
-3.246646474050600695e+00
-2.804222400353928890e+00
-8.043512159548742435e-01
-2.076841430937032662e+00
-1.432099009401413880e+00
-4.779020354180524288e-01
-4.662984937209411207e-01
-1.682667302768259265e-01
-1.632101171779889448e+00
-9.978566200068229586e-01
2.196886741128015741e-01
-2.324362732813161081e+00
-9.298747920161924974e-01
1.958975599054738836e+00
-6.667990443098649189e-01
7.927913946691611535e-02
2.758199587001577413e+00
-9.467525643433227778e-02
-9.196808332556266619e-01
2.759708369912491355e-01
-1.490182072221571730e+00
-1.904333113548411394e+00
-1.458324203760605009e+00
-8.784444686063284102e-01
7.071067811865567876e-01
1.029692627002603833e-01
1.281818719699402198e+00
3.758969898947968513e+00
1.175514527615890925e+00
9.623571854861316943e-01
3.532751480943097544e+00
4.565743658937050364e-01
-4.283467174307592495e-01
2.462910255228856649e+00
8.217880202051500715e-01
1.488742395857660106e-01
1.962883676977083436e+00
1.119808022793508329e+00
4.459183038498694684e-01
-3.246915751054135768e-01
-1.194694879607670845e+00
-6.924467241820096985e-01
-2.687997413979958949e+00
-2.928875928486207147e+00
1.504751163569768568e-01
-1.376352031549102906e+00
-1.568608254800088142e+00
2.407742485693026957e+00
8.460974929260733912e-01
-7.787682579175523312e-01
1.607490828427300844e+00
-1.904763166677225783e-02
-1.931475934486235779e+00
-1.021695012696013372e+00
-1.480462494732841972e+00
-1.377809698250411330e+00
-1.347601174462623952e+00
-1.310359201443800803e+00
6.274922379595262445e-01
-7.225010311468480495e-01
-1.969342262765403362e+00
7.692087082541403387e-01
-9.805953706807986059e-01
-2.932553338475570648e+00
6.980808978292141198e-01
4.544890388199917530e-01
-8.335343627240229258e-01
2.533433597469797682e+00
3.054277974331312873e+00
2.043698686768090411e+00
2.876185456992371048e+00
2.236011480167185539e+00
1.716151180655860697e+00
4.823427531114264921e-01
-1.010809164928594850e+00
6.533532673187021356e-01
-2.617656035319541052e-01
-1.916931711416679729e+00
1.525221834496080620e+00
1.279943794604024854e+00
-1.297244727720900936e+00
1.486800102653463185e+00
1.248263994346443528e+00
-1.660944244654689150e+00
-1.332167082171324957e-01
1.632230102730191645e-01
-8.761003017417414718e-01
6.048392347735698227e-02
3.598437480315387349e-01
1.298596377976327432e+00
1.088555706449266580e+00
-6.649172494882733542e-01
7.701296994591705358e-01
-3.156851372118614218e-01
-3.878294339704571492e+00
-1.828469858982043839e+00
-1.619296292803845905e+00
-4.580950243792566212e+00
-1.780894705904859654e+00
-1.987299214079030207e-14
-1.699866208634942311e+00
5.630923772202922617e-02
1.105150829639485188e+00
2.135868292297524729e-01
3.270725597445811594e-01
-2.691622493152541207e-01
5.177649719767146719e-01
8.265182147062145601e-01
-7.752480708598263881e-01
1.663837367711152204e+00
2.810771524080500683e+00
-1.443170577827637135e-01
1.760093925744804499e+00
2.765865891749231142e+00
-1.164286370487835676e+00
-5.345803511685590648e-01
5.998664621874527647e-01
-1.751823879289958974e+00
-9.848923054939642263e-01
4.645687083048460897e-01
7.291008297424762530e-01
1.715305554122411813e+00
1.455066813059852082e+00
2.467007350808302135e+00
2.920470616815554532e+00
-7.906780357634674017e-02
6.761170941719583105e-01
1.705040591128402117e+00
-2.010444428871311029e+00
-1.043884189840829979e+00
1.305402548329286372e+00
-1.540534202808974573e+00
-1.097885834560625273e+00
7.492676783909292260e-01
-1.350823046760068369e+00
-1.910572724565464675e+00
-1.795196795114055499e+00
-2.414107662356971495e+00
-2.076907127163839295e+00
-2.855498976634090802e+00
-1.457413184386966876e+00
8.918808821389290209e-01
-8.258196992127555536e-01
5.128262134783642123e-01
3.267100426668999358e+00
3.367731928399542163e-02
-3.908663011829627276e-01
1.784232479889031886e+00
-1.204336650639312278e+00
-2.000000000000017764e+00
4.052462657744115848e-02
-7.911773108449199343e-01
-5.788079496456473017e-01
3.177404451766470128e-01
5.995871073786700478e-01
1.453218520312003159e+00
-4.596610877606921441e-02
-6.545437877548188066e-02
1.863901771684992603e+00
-6.220879838923104588e-01
-6.138782253418810786e-01
3.011030453360336701e+00
1.194484210034844285e+00
8.568326242163170070e-01
4.215049402349042573e+00
2.524948679673104213e+00
9.209102310630352672e-01
1.878595331063981355e+00
2.421093866284474982e-01
-1.032087053751890693e+00
-1.651583310548500716e+00
-2.067315277655545014e+00
-7.629590058910951100e-01
-1.782718153341088962e+00
-1.744900112230566513e+00
1.347626686756749237e+00
-4.753106954340185486e-01
-1.822577192723179085e+00
1.260006199503116431e+00
-6.980933026851623424e-01
-2.726214463749821348e+00
1.291125952493195062e-01
-3.933463269971194665e-01
-1.405906717374877379e+00
4.860956402325150583e-01
5.855693708756793958e-01
4.714953927771621256e-01
-4.110184171338759906e-02
-1.067276015439667436e+00
-1.713844180199668443e-01
-1.981639010080925800e+00
-3.572273407825900637e+00
-4.839537481859255141e-01
-1.169590301249180841e+00
-2.479852059463544922e+00
1.754833192908189288e+00
2.004310891556937868e+00
1.853952027114842416e-01
2.775063298578469784e+00
2.618033988749948637e+00
7.376110605406097642e-01
1.303451861681939716e+00
1.001167883621135291e+00
1.123850551312907786e+00
1.012673958910846661e+00
3.658064912547077663e-01
2.449827524579653026e+00
1.723087755851431702e+00
-7.125386139661166185e-01
1.594285590270939190e+00
5.771287870402435072e-01
-2.986121190436969108e+00
-6.378156839995559046e-01
-2.935720724590222819e-01
-2.583380281919395838e+00
-1.839422597827099493e-01
1.155473273739733298e+00
4.448871296519902874e-01
1.293458489150701052e+00
1.090703554233692696e+00
1.082593737750898732e+00
2.332816868268746680e-01
-1.995853667810348231e+00
-6.402422882336855636e-01
-8.913038676616612532e-01
-3.655228301549283021e+00
-9.032974435083090947e-01
2.073804577722486719e-01
-2.777158459693871428e+00
-6.775032728891285938e-01
4.502782439974158391e-01
-2.386513214061436017e+00
-1.618006961822416656e+00
-7.676218566182569925e-01
-1.518563850100852042e+00
-6.548464676866001533e-01
-1.443026297496467492e-01
1.490601275744085186e+00
2.565116892264503345e+00
1.041633364654253935e+00
2.799515319377778422e+00
3.357727750688911605e+00
-5.164846906352472677e-01
4.745116697458539590e-01
1.572921422391222457e+00
-2.027262066737696600e+00
-9.126445120876551798e-01
1.298662997707156874e+00
-4.208252077485009623e-01
3.968022466673241100e-01
1.649861226684861570e+00
1.046859837984078112e+00
1.028265204929234455e+00
-2.057588879856702552e-02
3.825437043758704858e-01
1.105403221971721139e+00
-1.145234972390550388e+00
3.888599004674526682e-01
2.685461174272581353e+00
-2.216888236863693296e-01
6.483149360224631508e-01
2.833550048893898499e+00
-7.729320943297206536e-01
-1.584412991518255653e+00
-3.824666209896018243e-01
-2.835127470988290987e+00
-3.381149475908911572e+00
-2.506393075149380589e+00
-2.319445357760952398e+00
-1.205628545064665991e+00
-1.458870439022201371e+00
-3.413225393367523841e-01
1.531843042172952529e+00
-9.263843519810393001e-01
-7.071067811865885400e-01
1.701859557887205554e+00
-1.355337558111745722e+00
-1.513314246062915647e+00
1.773537983627921033e+00
-3.269947741279655151e-02
-2.936252899265335281e-01
2.144493965690069004e+00
1.051296606338135042e+00
2.929380762926059312e-01
2.274776450942115336e-01
-5.234368471223522779e-01
-2.600767906310096356e-01
-1.628995338874257071e+00
-1.313921913985289791e+00
1.544237018798800820e+00
1.413348771149963157e-01
4.718535539912415144e-01
4.299530880091545271e+00
2.301374741932554535e+00
8.990801886684823829e-01
3.473769351284770934e+00
1.344694265825626456e+00
-6.503799233231447596e-01
7.506877544397410063e-01
-3.330669073875469621e-14
-4.370646613764049837e-01
-1.577535258804629859e-01
-2.863191502799664612e-01
7.454620961553559688e-01
-8.572107385505467469e-01
-2.066426398869661618e+00
1.044410049219890446e-02
-2.220319590966064016e+00
-3.922411555779047099e+00
-3.453985272820505603e-01
-1.117796783252782644e+00
-2.366559713966967848e+00
1.302060257150471578e+00
1.346193753003916971e+00
-5.958706492581089531e-02
1.196275999942010504e+00
5.194483891495220718e-01
-4.601526038278478947e-01
-1.229725420603722696e+00
-2.158021701491750211e+00
-7.121822065707290594e-01
-1.440350747033329881e+00
-2.396898277625071128e+00
1.062827695663104866e+00
5.737931404799473389e-01
-1.578491078608360576e+00
1.596248785651390278e+00
1.133584483754049632e+00
-1.594129131345483952e+00
7.387065079878374352e-01
1.214266953562022522e+00
7.304582174003337869e-02
1.708529789106641328e+00
2.412352405306669390e+00
2.901537933753419729e+00
2.802728039975894703e+00
1.478203406879002424e+00
2.505604013052521672e+00
1.092532623599391961e+00
-2.073028134155597613e+00
-8.615459063667729733e-03
-2.916121144063470449e-01
-3.226359972029193557e+00
-2.115411158937523517e-01
1.004914396956818834e+00
-1.303512414932041175e+00
5.510338093744409083e-01
1.280805503745740870e+00
-4.651672530001078609e-01
-3.579604780798236741e-01
-7.307983742950698858e-01
-5.303876507007189156e-01
-4.297694129183328160e-01
-1.601392044385816060e+00
5.715929515118960413e-01
1.153678574223848230e+00
-1.667390788242657962e+00
2.956282020506197372e-01
7.512456358434296266e-01
-3.320084943439544745e+00
-2.208274575524805439e+00
-1.080899499232657046e+00
-3.675444003946100047e+00
-2.327363847766918514e+00
-3.944063673742078113e-01
-4.656512286708403003e-01
7.135752430529060941e-01
1.119169998220667095e+00
1.975475245563949045e+00
2.311502026105491936e+00
4.527405601785861045e-02
1.195742517206527467e+00
2.131835614517946453e+00
-1.073318712976093492e+00
6.007773065951171887e-01
2.903918022951680999e+00
-6.332434398106845386e-02
8.518266732434672805e-01
2.756066553205484659e+00
8.467759572237298915e-02
-3.628660365616455663e-01
1.443498840421126861e-01
-9.282842068109538047e-01
-7.934069289090462940e-01
-1.054912592663074022e+00
1.567034788115189148e-01
1.900023507780398857e+00
2.842625284225178683e-01
1.589059163956037191e+00
3.593774225855865811e+00
-2.169141649359951352e-02
-2.843951172952448592e-01
1.558219206365043741e+00
-2.001991179607748528e+00
-2.620757282413892053e+00
-4.262033216677703074e-01
-1.908831626433442175e+00
-1.944296224099143711e+00
-7.598763615904652324e-01
-1.000000000000000000e+00
-7.598763615904218227e-01
-1.944296224099162362e+00
-1.908831626433576067e+00
-4.262033216677376668e-01
-2.620757282413810341e+00
-2.001991179607909288e+00
1.558219206365049292e+00
-2.843951172950762718e-01
-2.169141649372319236e-02
3.593774225855798310e+00
1.589059163956178633e+00
2.842625284224472026e-01
1.900023507780284948e+00
1.567034788115703181e-01
-1.054912592663062032e+00
-7.934069289090950328e-01
-9.282842068109822264e-01
1.443498840421789109e-01
-3.628660365615822281e-01
8.467759572226474241e-02
2.756066553205497094e+00
8.518266732435958444e-01
-6.332434398121700170e-02
2.903918022951601507e+00
6.007773065952795033e-01
-1.073318712976171430e+00
2.131835614517848310e+00
1.195742517206686006e+00
4.527405601789297185e-02
2.311502026105428875e+00
1.975475245564012994e+00
1.119169998220576279e+00
7.135752430528828905e-01
-4.656512286709870163e-01
-3.944063673740738629e-01
-2.327363847766969585e+00
-3.675444003946105376e+00
-1.080899499232486516e+00
-2.208274575524731720e+00
-3.320084943439498559e+00
7.512456358434688175e-01
2.956282020505067720e-01
-1.667390788242627764e+00
1.153678574223868880e+00
5.715929515119508864e-01
-1.601392044385756774e+00
-4.297694129183692313e-01
-5.303876507007551089e-01
-7.307983742951309480e-01
-3.579604780798182340e-01
-4.651672530000957595e-01
1.280805503745804597e+00
5.510338093744485688e-01
-1.303512414932104901e+00
1.004914396956802625e+00
-2.115411158938665936e-01
-3.226359972029251733e+00
-2.916121144062150394e-01
-8.615459063619712587e-03
-2.073028134155508795e+00
1.092532623599449026e+00
2.505604013052381784e+00
1.478203406879059489e+00
2.802728039975744156e+00
2.901537933753570719e+00
2.412352405306913639e+00
1.708529789106806529e+00
7.304582173997864469e-02
1.214266953561762730e+00
7.387065079881134366e-01
-1.594129131345533246e+00
1.133584483753834249e+00
1.596248785651929403e+00
-1.578491078608253328e+00
5.737931404795973966e-01
1.062827695663328464e+00
-2.396898277624788687e+00
-1.440350747033501300e+00
-7.121822065706638893e-01
-2.158021701491750211e+00
-1.229725420603855035e+00
-4.601526038280315811e-01
5.194483891494201533e-01
1.196275999942230772e+00
-5.958706492574128433e-02
1.346193753003784188e+00
1.302060257150637224e+00
-2.366559713966913225e+00
-1.117796783253229842e+00
-3.453985272819213304e-01
-3.922411555778892556e+00
-2.220319590966437939e+00
1.044410049240396265e-02
-2.066426398869674941e+00
-8.572107385506689825e-01
7.454620961552957947e-01
-2.863191502799924404e-01
-1.577535258804433349e-01
-4.370646613765973854e-01
-1.006972283335016982e-13
7.506877544396701740e-01
-6.503799233232891996e-01
1.344694265825476798e+00
3.473769351284884621e+00
8.990801886686304867e-01
2.301374741932382229e+00
4.299530880091594121e+00
4.718535539913680799e-01
1.413348771148050242e-01
1.544237018798626737e+00
-1.313921913985179657e+00
-1.628995338874313248e+00
-2.600767906310654798e-01
-5.234368471222746733e-01
2.274776450943121198e-01
2.929380762926704351e-01
1.051296606337971618e+00
2.144493965690200454e+00
-2.936252899265004990e-01
-3.269947741289069842e-02
1.773537983627965886e+00
-1.513314246062879009e+00
-1.355337558111777252e+00
1.701859557887217322e+00
-7.071067811862876695e-01
-9.263843519811256755e-01
1.531843042173002267e+00
-3.413225393364986981e-01
-1.458870439022106780e+00
-1.205628545064615142e+00
-2.319445357760980819e+00
-2.506393075149438765e+00
-3.381149475909014157e+00
-2.835127470988290987e+00
-3.824666209894815871e-01
-1.584412991518045599e+00
-7.729320943298247926e-01
2.833550048893852313e+00
6.483149360227415947e-01
-2.216888236865913742e-01
2.685461174272558260e+00
3.888599004676775994e-01
-1.145234972390623440e+00
1.105403221971646754e+00
3.825437043758621591e-01
-2.057588879841017182e-02
1.028265204929215582e+00
1.046859837984065678e+00
1.649861226684900206e+00
3.968022466673649662e-01
-4.208252077486334120e-01
1.298662997706964806e+00
-9.126445120875326111e-01
-2.027262066737830715e+00
1.572921422391144741e+00
4.745116697460883270e-01
-5.164846906351281408e-01
3.357727750688977331e+00
2.799515319377757550e+00
1.041633364654267258e+00
2.565116892264445614e+00
1.490601275744029008e+00
-1.443026297497558286e-01
-6.548464676866299072e-01
-1.518563850100947299e+00
-7.676218566181847169e-01
-1.618006961822471723e+00
-2.386513214061494637e+00
4.502782439976010243e-01
-6.775032728891546840e-01
-2.777158459693929160e+00
2.073804577721676257e-01
-9.032974435085218134e-01
-3.655228301549327874e+00
-8.913038676617538458e-01
-6.402422882335963017e-01
-1.995853667810188803e+00
2.332816868270032318e-01
1.082593737750854768e+00
1.090703554233637185e+00
1.293458489150656643e+00
4.448871296517924456e-01
1.155473273739682449e+00
-1.839422597827785610e-01
-2.583380281919400723e+00
-2.935720724590263342e-01
-6.378156839995871019e-01
-2.986121190436977990e+00
5.771287870400275688e-01
1.594285590271202757e+00
-7.125386139660558893e-01
1.723087755851107516e+00
2.449827524579641036e+00
3.658064912548635306e-01
1.012673958910704108e+00
1.123850551313084312e+00
1.001167883621332466e+00
1.303451861682028756e+00
7.376110605405451492e-01
2.618033988749695062e+00
2.775063298578747339e+00
1.853952027115004508e-01
2.004310891556726038e+00
1.754833192908693107e+00
-2.479852059463406366e+00
-1.169590301249553210e+00
-4.839537481857154599e-01
-3.572273407825604430e+00
-1.981639010081124974e+00
-1.713844180198773604e-01
-1.067276015439601045e+00
-4.110184171353981064e-02
4.714953927769902631e-01
5.855693708756060101e-01
4.860956402327298864e-01
-1.405906717374755921e+00
-3.933463269972488074e-01
1.291125952494611706e-01
-2.726214463749768058e+00
-6.980933026854138079e-01
1.260006199503105995e+00
-1.822577192722975914e+00
-4.753106954342364299e-01
1.347626686756817627e+00
-1.744900112230519218e+00
-1.782718153341189549e+00
-7.629590058911697170e-01
-2.067315277655568551e+00
-1.651583310548465189e+00
-1.032087053751992389e+00
2.421093866284168561e-01
1.878595331063959151e+00
9.209102310628980437e-01
2.524948679672913698e+00
4.215049402349120733e+00
8.568326242164473472e-01
1.194484210034694183e+00
3.011030453360324266e+00
-6.138782253417922607e-01
-6.220879838924746608e-01
1.863901771684884690e+00
-6.545437877532322979e-02
-4.596610877606616130e-02
1.453218520311929662e+00
5.995871073787286676e-01
3.177404451766406845e-01
-5.788079496456169926e-01
-7.911773108450460557e-01
4.052462657756950026e-02
-1.999999999999953371e+00
-1.204336650639613371e+00
1.784232479889187317e+00
-3.908663011828265588e-01
3.367731928391393126e-02
3.267100426668964275e+00
5.128262134784251636e-01
-8.258196992128139513e-01
8.918808821389400121e-01
-1.457413184386770588e+00
-2.855498976633974451e+00
-2.076907127163822864e+00
-2.414107662356980377e+00
-1.795196795114028188e+00
-1.910572724565536618e+00
-1.350823046760053714e+00
7.492676783909689719e-01
-1.097885834560546892e+00
-1.540534202808945707e+00
1.305402548329270607e+00
-1.043884189840764698e+00
-2.010444428871384304e+00
1.705040591128413219e+00
6.761170941721006411e-01
-7.906780357628018230e-02
2.920470616815561193e+00
2.467007350808230193e+00
1.455066813059996411e+00
1.715305554122310561e+00
7.291008297424561579e-01
4.645687083050706878e-01
-9.848923054940015298e-01
-1.751823879290015373e+00
5.998664621874257863e-01
-5.345803511684620313e-01
-1.164286370487827682e+00
2.765865891749244465e+00
1.760093925744850463e+00
-1.443170577827403989e-01
2.810771524080492245e+00
1.663837367711133552e+00
-7.752480708597818682e-01
8.265182147061074236e-01
5.177649719766835856e-01
-2.691622493152592277e-01
3.270725597446042521e-01
2.135868292296645432e-01
1.105150829639580001e+00
5.630923772193030530e-02
-1.699866208635007148e+00
7.915890165577366133e-14
-1.780894705905056608e+00
-4.580950243792670129e+00
-1.619296292803883208e+00
-1.828469858982172624e+00
-3.878294339704479565e+00
-3.156851372118365529e-01
7.701296994592569112e-01
-6.649172494882207296e-01
1.088555706449219951e+00
1.298596377976190652e+00
3.598437480314559123e-01
6.048392347729769636e-02
-8.761003017419199956e-01
1.632230102728881305e-01
-1.332167082168996819e-01
-1.660944244654740221e+00
1.248263994346106021e+00
1.486800102653854427e+00
-1.297244727720864521e+00
1.279943794603795038e+00
1.525221834496410134e+00
-1.916931711416560269e+00
-2.617656035323360220e-01
6.533532673187300022e-01
-1.010809164928497816e+00
4.823427531112545186e-01
1.716151180656006581e+00
2.236011480167294341e+00
2.876185456992453648e+00
2.043698686768147699e+00
3.054277974331118362e+00
2.533433597470057475e+00
-8.335343627240227038e-01
4.544890388197848075e-01
6.980808978295821587e-01
-2.932553338475438309e+00
-9.805953706809913406e-01
7.692087082543331844e-01
-1.969342262765177987e+00
-7.225010311470018154e-01
6.274922379595759825e-01
-1.310359201443582533e+00
-1.347601174462774054e+00
-1.377809698250497927e+00
-1.480462494732922130e+00
-1.021695012695880589e+00
-1.931475934486142076e+00
-1.904763166690592868e-02
1.607490828427345697e+00
-7.787682579174058928e-01
8.460974929256697141e-01
2.407742485693095791e+00
-1.568608254799817914e+00
-1.376352031549442856e+00
1.504751163570734462e-01
-2.928875928486118774e+00
-2.687997413980129480e+00
-6.924467241820357888e-01
-1.194694879607633098e+00
-3.246915751054030297e-01
4.459183038497626650e-01
1.119808022793439939e+00
1.962883676976977521e+00
1.488742395856734180e-01
8.217880202049332450e-01
2.462910255228893508e+00
-4.283467174305798375e-01
4.565743658935406124e-01
3.532751480943137068e+00
9.623571854863350872e-01
1.175514527615624472e+00
3.758969898947897903e+00
1.281818719699525877e+00
1.029692627002027905e-01
7.071067811863427366e-01
-8.784444686062989893e-01
-1.458324203760588356e+00
-1.904333113548273282e+00
-1.490182072221614806e+00
2.759708369914216086e-01
-9.196808332555141963e-01
-9.467525643462204599e-02
2.758199587001628483e+00
7.927913946695369640e-02
-6.667990443098800180e-01
1.958975599054650907e+00
-9.298747920161608560e-01
-2.324362732813148202e+00
2.196886741128603049e-01
-9.978566200065982494e-01
-1.632101171779781534e+00
-1.682667302768516837e-01
-4.662984937209579961e-01
-4.779020354180523733e-01
-1.432099009401504031e+00
-2.076841430937079291e+00
-8.043512159548285023e-01
-2.804222400353836075e+00
-3.246646474050578490e+00
3.819660112501724880e-01
-7.496009593021908390e-01
-1.121861840159909862e+00
3.130439596853740181e+00
2.303494983278594699e+00
7.647518108922476410e-01
2.969724427374036413e+00
1.853641764605429287e+00
1.729510417210760043e-01
4.954039984415633535e-01
2.626619377462680038e-02
5.220221537540186141e-01
1.067497299687065748e-01
-1.771622567200907827e-01
2.241206053158268041e+00
8.800700171973779851e-01
-8.831431821438679997e-01
1.932092935396912514e+00
3.132322204194872284e-01
-2.274830797724892051e+00
7.918262876126560545e-01
6.131552092722385439e-01
-1.003041190905960889e+00
1.584044540477455465e+00
2.110057852774770204e+00
1.328319892110478406e+00
1.565380099523204116e+00
6.613704856906020835e-01
5.500655408357607579e-01
-1.013686440901565788e+00
-3.109353856825642914e+00
-1.210480714991635232e+00
-2.004733054045529705e+00
-4.112267057192768860e+00
-5.674659008693844209e-01
-1.849409436168041321e-01
-2.672378977789808374e+00
3.571257886246725910e-02
4.200332539073136084e-01
-2.029505158671236487e+00
-8.198538340919665490e-01
-3.674016334198182410e-01
-7.665583919566443249e-01
6.402747990421953084e-03
1.614197618506759691e-01
1.860705983836875577e+00
2.008131722601349090e+00
6.709459980827348069e-02
1.996692878364381807e+00
1.508450898364572357e+00
-2.260073510670023822e+00
-3.443987156485676104e-01
2.886832102674941058e-01
-2.679692308277974000e+00
-3.670279777525782272e-01
1.581186548207162534e+00
2.850739763407791338e-01
1.633579564451832500e+00
2.450126991068924731e+00
2.005641445097456010e+00
1.827631993748404682e+00
4.647790668839032469e-01
1.266318398728625283e+00
1.443854685424488693e+00
-1.024071414857690598e+00
1.072597097629412577e+00
2.406138297214463595e+00
-9.200953782430166816e-01
5.035412858198540231e-01
1.735631523679936450e+00
-2.077977431724957302e+00
-2.034381085263728295e+00
-1.088470878605688696e+00
-3.111591732143534905e+00
-2.741315324588654789e+00
-1.776347811180225555e+00
-1.042132066034193283e+00
1.501662557005102316e-01
-4.895519867164409566e-01
9.059611862139996807e-01
1.991293647870452599e+00
-1.184645898396273989e+00
-4.824110122972110615e-01
1.105259810308661717e+00
-2.480809429154689383e+00
-1.809313762926181068e+00
8.970366215376757157e-01
-1.299310922701030879e+00
-8.811853194261124456e-01
1.101726188549340790e+00
-1.161872653294120372e-01
-3.847971708043251837e-01
-5.420313860684825569e-01
-6.864333983763137859e-01
3.594644581749639745e-02
-1.245930251633602381e+00
7.478555720683321972e-02
2.878505877262128365e+00
9.512410550548497934e-01
1.923688385652168265e+00
