5.000000000000000000e+00
1.241212744373168642e+00
2.155445186074043673e-01
1.954669507329673372e+00
2.515922479951583357e-01
1.269740672787307290e+00
1.133875333601501056e+00
-4.118706427350297128e-01
-1.040289112878715727e+00
-1.309037343404703568e+00
2.064651696536461412e+00
1.266655976892585800e+00
-1.105470952334299373e+00
1.845558067699542892e+00
5.583580833958123879e-01
5.956600772184083015e-01
3.948140581993588860e+00
1.101900240727212932e+00
-5.150534472967909227e-01
2.694892118736831321e-01
4.336077894313588033e-01
9.476091390178168483e-01
-1.184757408340685325e+00
-1.016044096365578575e+00
-1.253171621817875891e+00
-2.889504029712122612e+00
1.249462720422662043e+00
7.835133333967849723e-01
-2.553214407901716498e+00
2.490597808286455495e-01
2.882437048221457854e-01
2.040032511167508555e-01
1.764065767073079272e+00
1.154436679736421389e-01
-7.665803963864682435e-01
-1.723726994695087278e+00
-3.119542500672167762e-01
8.996915313287753291e-01
-3.121810237116543707e+00
-2.351780806603662732e+00
-1.272970926734849240e+00
-3.456512511053121628e+00
-2.613724120626437220e-02
1.996534628213448292e-01
-2.662644865714663744e+00
-1.104806797805899521e+00
-9.787831147601711024e-02
1.037533107892382178e+00
3.888879791343591297e-01
-9.020030175775612946e-01
3.353098266475151856e-02
-2.196915389876851421e+00
-8.522592231581052058e-01
1.416584403021206917e+00
-3.207776112806427715e+00
-2.977479819195120392e+00
-8.953470757695329851e-01
-2.147442475299571996e+00
-2.279151847194426095e-01
-1.550366685514696918e-01
-1.157462474768199190e+00
-8.288921064819129159e-01
-9.235945362824482530e-02
2.851895050903059836e+00
8.086121620394906007e-01
-1.222412892125773753e+00
1.374604945683441715e+00
-8.002844617821185391e-01
-4.272761308793439627e-01
1.958861839945901462e+00
-1.747904960276464470e+00
-2.261613153599157933e+00
-5.245511124260602287e-01
1.014004181772834023e-01
8.982486308584161083e-01
-4.466636826334025590e-01
6.679360887615424236e-01
7.797801462382660809e-01
2.500344246338565002e-01
4.237284927192894735e+00
2.132149821983635896e+00
-8.994525386866772942e-01
2.010608910719132503e+00
1.001381874718101361e+00
6.535795987889868597e-01
1.608590689330285706e+00
-5.274280279050436171e-01
-8.994474494489754779e-01
-7.718446641198170033e-01
1.404134289029678406e+00
2.192071516451696400e+00
-1.053528802240086826e+00
1.164236303820247453e+00
2.139117601221797837e+00
5.235169768475824714e-01
3.969383333473720299e+00
2.570884406700779223e+00
-5.037687200876361793e-01
1.230287208046575653e+00
1.414924226283759801e+00
1.500000000000033751e+00
1.221051613054840446e-01
-1.010638985142839008e+00
-6.174208398618774574e-02
-1.643386168157526583e+00
7.920521624669059069e-01
2.351550512776706459e+00
-1.917820823628258786e+00
6.229989625417264865e-03
2.019668385753218054e+00
6.044735798602446364e-01
2.319262686103813920e+00
1.270001241525990254e+00
-3.602745214232495052e-01
-2.744349082201719137e-01
1.048838251755219719e-01
1.625011803700276536e+00
-1.596923753896087428e+00
-2.857449737446335014e+00
-2.024497645929288492e-01
-2.321386762575744278e+00
-8.003040284675484450e-01
1.211220546985983137e+00
-2.412146424318691640e+00
-1.412335091872976678e+00
7.071067811865292541e-01
8.440647728247666626e-01
8.931397953170264747e-01
-8.770095197435039402e-01
-2.435195270174677074e-01
-9.788087471833768483e-01
-1.524551940109114767e+00
1.312210287514700369e+00
-2.276345733487025402e+00
-4.268737736086249512e+00
-7.734859522580403990e-01
-1.950649898741542820e+00
-1.470040808083677764e+00
-2.450597184901432968e-01
-2.007444878274021072e+00
-1.351820863938484329e+00
-4.245395113765346728e-01
1.548330758490698456e+00
1.050266519650427721e+00
-2.187380934181203163e+00
1.690539531225521697e-01
-7.302944080894702150e-02
-1.788217406370502971e+00
1.082541579660591058e+00
-1.602925346111838234e+00
-3.798915279257727651e+00
-9.941619988751256853e-01
-6.531655674896754693e-01
-2.750216357242437626e-01
-9.931506572184541914e-01
-1.004350472579147446e+00
4.882715000054074217e-01
-3.571569567467631767e-01
2.415322489407869089e+00
2.481032749506128621e+00
-1.854149197430719376e+00
7.435781841389463853e-01
1.605421083361867174e+00
-3.906523075912522458e-01
1.018244075846436170e+00
-6.658329195963587077e-01
-1.783992560800778948e+00
-6.994814379253597725e-01
4.138043746184491001e-01
1.804568969678471912e+00
-9.339770235687014921e-01
-3.822325689454675879e-01
2.608014706188972021e+00
6.502562140187616579e-01
2.721702106705869095e+00
3.454168457671164205e+00
-6.138184234221895075e-01
9.938489693930454560e-01
2.318665754046578709e+00
1.366699782765751880e+00
7.653049007104455459e-01
-9.106016860333910889e-01
3.929580075634203640e-02
-3.509623277657740736e-01
1.851746007129450033e-01
2.847326457799335131e+00
-7.611182264799469799e-01
-7.740727470736366023e-01
3.174358992739873653e+00
1.516782572573869059e+00
2.156584409704721317e+00
2.554307931672362031e+00
1.541071746019146982e-01
7.425182189948847933e-01
1.185441555124272739e+00
1.957872468390719156e+00
1.306454033784630875e-01
-2.593863373484394330e+00
2.776262841504700818e-01
-3.470278604126509348e-01
-1.118033988749874030e+00
1.901319975881482494e+00
-1.049078835139966692e+00
-1.654379932355473981e+00
1.840607291789951860e+00
1.532472125423177012e+00
1.332672754045665542e+00
1.603387007641556283e-01
-1.575072321617234650e-01
4.812299146682728068e-01
-8.472900580955661232e-01
1.108905796083966333e+00
-5.535313169205818840e-01
-4.373455781800321240e+00
-8.125117548923249666e-01
-5.462464786194120014e-01
-2.066418105699956431e+00
-1.162977972189627174e-01
-1.658777441501477767e+00
-1.743499458219372578e+00
7.013430407979037717e-02
9.772403932870491472e-01
1.251145660593270925e+00
-1.868716176028708764e+00
-9.189114740159710637e-01
8.713491751791251350e-01
-1.880896994990000515e+00
-9.206937488212374454e-02
-8.142721510175474631e-01
-4.570989491906508384e+00
-1.727679040328350624e+00
-5.568939664815846236e-01
-1.434571577368022766e+00
-1.398314759397234264e+00
-2.051194197489119020e+00
-3.490445789101629948e-01
-3.502684448445197996e-01
6.238134142372927515e-01
2.177935923390843076e+00
-2.010356895039899783e+00
-1.092234985873774766e+00
1.880563851552463639e+00
-9.561614385628602886e-01
-4.268562813730862882e-01
-7.110213757166833348e-01
-2.883953991681671436e+00
-1.310136331904549145e+00
-3.533713249459368155e-01
4.598120899479192225e-01
-1.047522620968385887e+00
-2.000000000000042633e+00
1.751891565374825044e+00
9.227447995551024684e-01
8.310016950094196719e-01
3.178873093367094338e+00
-5.591855264601403031e-01
-3.381138340337215276e-01
2.606224224965641767e+00
9.630873517160506436e-01
2.494944242116216016e-01
-9.005616320477297654e-01
-7.710876494325904495e-01
1.458804513537836911e-01
-3.742922251673093115e-01
1.943605047382344519e+00
1.369814225286428711e-01
-1.795701214261412382e+00
2.935331140571157960e+00
2.521545848409776358e+00
1.269169290046623155e+00
2.969198023354874039e+00
7.247816213810363006e-01
7.685264393147832607e-01
2.150449433088438056e+00
1.941639463633764606e+00
1.030763857411240103e+00
-1.882049362091342548e+00
-4.628190686323407910e-02
1.328259756922576695e+00
-9.244504022598704074e-01
1.619553274628149797e+00
6.018929336965987975e-01
-1.740901113843077441e+00
2.340336152763130340e+00
2.807774461842231783e+00
1.471150516075801384e+00
1.297782768068388659e+00
4.166140620565967900e-01
1.491940199255190613e+00
6.802386912796010154e-01
1.007386792002515019e+00
1.021232399409813141e+00
-3.249793524885739693e+00
-1.073585858081043343e+00
1.292840841693898790e+00
-1.626412549689315146e+00
-1.901412307086007836e-01
-3.559976022788833849e-01
-1.644577645883604999e+00
8.158519808811622864e-01
1.499999999999954703e+00
1.433323083732620296e+00
-6.218123060168329053e-01
-1.170326978584130373e+00
1.696924599269525435e+00
-5.531392101300354192e-01
-8.960482587236584529e-01
2.110180108364628770e-01
-3.914609474857853932e+00
-2.409800486387795537e+00
3.130081621753459942e-01
-1.696784606483047408e+00
-1.708657927179654257e+00
-1.973249088058260048e+00
-1.023359120904460573e+00
1.378981517176690597e-01
-1.422048884452632445e-01
1.520788516137376867e+00
-1.221870635904018121e+00
-2.370792308857332831e+00
1.789895410296694855e+00
-4.209955858317426802e-01
-1.891121390760564180e+00
-7.017513828588576308e-01
-3.214863217412615715e+00
-2.278597953086129557e+00
-5.865685535602062073e-01
-8.537388664345872957e-01
-1.469671255356476358e+00
-2.907932811049902533e+00
1.903619957602264712e-01
1.211483750589557928e+00
-6.605593930973291394e-01
1.854114910394452975e+00
-1.783058412231877665e-01
-1.878831796845975788e+00
2.050883427323620722e+00
8.467240475764290508e-01
-1.054956061088898833e+00
-1.176851312561658425e+00
-1.748114193948131945e+00
-3.805190054345858330e-01
-7.563674171686833869e-01
1.861264066966524799e-01
1.965906252659399556e-01
-2.586418411015211749e+00
1.340567612207049342e+00
3.091922143927945399e+00
1.870474791603363718e-01
2.022495346375472458e+00
1.180881290507946213e+00
-7.555292559339676917e-03
2.252863390489876494e+00
1.767389166060704175e+00
7.070065927939506167e-01
-1.334917880343490237e+00
-9.076789866863591572e-01
1.799221900338840108e+00
-4.608677880417516581e-01
3.278361225519794697e-01
1.486400235276410076e+00
-1.611974250396527530e+00
1.648701415224362421e+00
3.883156831439891654e+00
1.347247408615316111e+00
1.562489949130450917e+00
1.176426006984476302e+00
1.725228088116823377e+00
2.028383869868735090e+00
1.078355804620588998e+00
1.635622737930876980e+00
-1.601880318783105217e+00
-1.466431354235090412e+00
2.474533361821520394e+00
-3.718184126737142381e-01
-7.071067811866498243e-01
9.400887317220127937e-01
-9.555267328197600829e-01
1.132220326992563919e+00
2.645703874268130917e+00
1.664572771828426223e+00
6.486459000813925568e-01
-4.831444199371977555e-01
2.148041399266341411e+00
1.467299925401466254e+00
-8.938878220479782311e-01
8.778373983464834440e-01
-2.052841501932912038e+00
-2.673642938260383239e+00
1.300156442566697379e+00
-7.390529511981138722e-01
-1.922964996928752557e+00
-1.093692960074519771e+00
-9.316675963608163080e-01
7.435094080908003500e-01
3.738117647539041521e-01
1.009409016172636564e+00
8.257032429596100620e-02
-2.324765985007823055e+00
1.488375477365794008e+00
1.118033988749829621e+00
-2.443257573784321846e+00
-7.641691197172419958e-01
-2.313131788115986964e+00
-2.918301361689509044e+00
-3.786144498794939972e-01
-1.208379102118734449e+00
-1.968087051171545809e+00
-2.823191376059569269e+00
-1.046984941831468063e+00
1.410191874927222866e+00
-9.708611606071093636e-01
2.213796418467567362e-01
4.433757094638971497e-01
-2.541699475264963759e+00
9.360740271119509792e-01
1.308718803235008110e+00
-2.156015347187022257e+00
-1.763853892240350163e+00
-2.116600181581296258e+00
-1.388534794175003695e+00
-9.471195471975213387e-01
-1.388377875466362266e+00
-5.762974938222251708e-01
-2.803069641907350640e+00
-7.289068219517012004e-01
2.930433009976521674e+00
-3.934980047114918777e-01
9.700674913997217597e-02
1.315908956665161833e+00
-8.072953507305813403e-01
1.322532154944669580e+00
1.609850966027180252e+00
-3.695417265893040093e-01
-1.417574657951193196e+00
-1.762811717391256527e+00
9.758651853449875624e-01
-1.045732157712526700e-01
-1.373341611932194617e+00
1.008894140391126903e+00
-1.312130097111716243e+00
1.052922326677385723e-02
3.988417484975485650e+00
1.193906245468315142e+00
6.059537793686681217e-01
1.572746560934403792e+00
1.380206110158375576e+00
2.347605949047244511e+00
1.196445245024447601e+00
1.110620166557010791e+00
-4.154969939147797886e-01
-1.815168939185104913e+00
2.304768501889101096e+00
9.728444267420388591e-01
-1.552587749605552236e+00
1.198747222072105156e+00
3.713126997538551688e-02
7.135936944955544314e-01
3.433437998253828560e+00
1.954050196975231302e+00
1.112874192827779662e+00
5.626363192399588264e-01
2.183401354782062320e+00
3.057150188414962333e+00
-1.733167631088325944e-01
7.988229572387672839e-01
2.522404024434066194e-02
-2.339482023517970966e+00
1.635612788271433971e+00
9.376032734062620388e-01
-1.977931283529932305e+00
-3.018497718558962317e-01
-2.619100961407716532e-02
1.131484749495266673e+00
1.551498115684435852e+00
9.873909971217895709e-01
1.192429153174217937e+00
-1.042335961840728409e+00
1.230503120043409337e+00
2.898598731507820325e+00
-1.675126772457828928e+00
-9.817645354389299417e-01
-5.719208237449262544e-01
-2.638916621901153725e+00
-1.012451702431058642e-01
-3.835969208368510408e-01
-2.151694685933452700e+00
-2.095079256769604381e+00
-1.218345422410422652e+00
1.514788567579985479e+00
-7.185507861511633565e-02
-8.210209323595776265e-01
1.033363199725656933e+00
-1.767497300857499232e+00
-8.474012385113310897e-02
2.173398845354635789e+00
-2.120329009457694980e+00
-2.432299877393345966e+00
-1.598101408110418786e+00
-1.945581688779576046e+00
-1.000000000000000000e+00
-1.945581688779753016e+00
-1.598101408110274901e+00
-2.432299877393280241e+00
-2.120329009457854852e+00
2.173398845354674869e+00
-8.474012385101348244e-02
-1.767497300857584941e+00
1.033363199725569226e+00
-8.210209323594451769e-01
-7.185507861512571703e-02
1.514788567579801182e+00
-1.218345422410298307e+00
-2.095079256769536435e+00
-2.151694685933668083e+00
-3.835969208367873140e-01
-1.012451702429877365e-01
-2.638916621901307380e+00
-5.719208237449435739e-01
-9.817645354388020440e-01
-1.675126772457884883e+00
2.898598731507703086e+00
1.230503120043518361e+00
-1.042335961840668235e+00
1.192429153174026091e+00
9.873909971218381987e-01
1.551498115684567081e+00
1.131484749495069497e+00
-2.619100961408760142e-02
-3.018497718557400233e-01
-1.977931283530067530e+00
9.376032734061804375e-01
1.635612788271466833e+00
-2.339482023517994946e+00
2.522404024420865642e-02
7.988229572386591482e-01
-1.733167631087565441e-01
3.057150188414959224e+00
2.183401354781960624e+00
5.626363192403195379e-01
1.112874192827700837e+00
1.954050196975182008e+00
3.433437998253877410e+00
7.135936944951519756e-01
3.713126997524629491e-02
1.198747222072097385e+00
-1.552587749605579326e+00
9.728444267424003478e-01
2.304768501888988741e+00
-1.815168939185201946e+00
-4.154969939148651648e-01
1.110620166556734567e+00
1.196445245024755355e+00
2.347605949047155249e+00
1.380206110158343824e+00
1.572746560934716209e+00
6.059537793687328477e-01
1.193906245468422611e+00
3.988417484975485650e+00
1.052922326645477913e-02
-1.312130097111725124e+00
1.008894140391075389e+00
-1.373341611931951478e+00
-1.045732157714343025e-01
9.758651853450270863e-01
-1.762811717390878830e+00
-1.417574657951254258e+00
-3.695417265897233960e-01
1.609850966027097652e+00
1.322532154944873195e+00
-8.072953507308284760e-01
1.315908956665214902e+00
9.700674914016430006e-02
-3.934980047116454216e-01
2.930433009976465719e+00
-7.289068219512425673e-01
-2.803069641907438569e+00
-5.762974938226507193e-01
-1.388377875466232592e+00
-9.471195471973726798e-01
-1.388534794175144027e+00
-2.116600181581163920e+00
-1.763853892240189403e+00
-2.156015347187290043e+00
1.308718803234851125e+00
9.360740271121299472e-01
-2.541699475264935337e+00
4.433757094635972784e-01
2.213796418471777050e-01
-9.708611606070173261e-01
1.410191874927011035e+00
-1.046984941831228699e+00
-2.823191376059428936e+00
-1.968087051171865332e+00
-1.208379102118753323e+00
-3.786144498792527457e-01
-2.918301361689510820e+00
-2.313131788115914134e+00
-7.641691197172043593e-01
-2.443257573784389791e+00
1.118033988749596475e+00
1.488375477365775801e+00
-2.324765985007658742e+00
8.257032429585409172e-02
1.009409016172549078e+00
3.738117647541676636e-01
7.435094080906188285e-01
-9.316675963609565292e-01
-1.093692960074339027e+00
-1.922964996928976156e+00
-7.390529511981274169e-01
1.300156442566763992e+00
-2.673642938260304192e+00
-2.052841501933036827e+00
8.778373983465773689e-01
-8.938878220478292391e-01
1.467299925401358340e+00
2.148041399266142459e+00
-4.831444199369874792e-01
6.486459000813725728e-01
1.664572771828252362e+00
2.645703874268315214e+00
1.132220326992595894e+00
-9.555267328198704391e-01
9.400887317221464645e-01
-7.071067811865018315e-01
-3.718184126740329276e-01
2.474533361821537714e+00
-1.466431354234928319e+00
-1.601880318783159396e+00
1.635622737930830128e+00
1.078355804620714231e+00
2.028383869868668921e+00
1.725228088116743663e+00
1.176426006984445438e+00
1.562489949130424272e+00
1.347247408615034114e+00
3.883156831439931178e+00
1.648701415224687494e+00
-1.611974250396632335e+00
1.486400235276252424e+00
3.278361225521603806e-01
-4.608677880418473594e-01
1.799221900338690006e+00
-9.076789866861495470e-01
-1.334917880343407859e+00
7.070065927940369921e-01
1.767389166060773897e+00
2.252863390490119855e+00
-7.555292559511539441e-03
1.180881290507803660e+00
2.022495346375738023e+00
1.870474791602907416e-01
3.091922143927855693e+00
1.340567612207194115e+00
-2.586418411015176666e+00
1.965906252657385611e-01
1.861264066965622188e-01
-7.563674171687067016e-01
-3.805190054347138418e-01
-1.748114193948123507e+00
-1.176851312561296048e+00
-1.054956061088957009e+00
8.467240475765086538e-01
2.050883427323642927e+00
-1.878831796846085034e+00
-1.783058412231712242e-01
1.854114910394368376e+00
-6.605593930972717409e-01
1.211483750589528396e+00
1.903619957600808654e-01
-2.907932811049902533e+00
-1.469671255356388428e+00
-8.537388664347121958e-01
-5.865685535600401179e-01
-2.278597953086318739e+00
-3.214863217412720964e+00
-7.017513828586142699e-01
-1.891121390760480470e+00
-4.209955858316228872e-01
1.789895410296744815e+00
-2.370792308857403885e+00
-1.221870635903990809e+00
1.520788516137307145e+00
-1.422048884453264161e-01
1.378981517175464910e-01
-1.023359120904765218e+00
-1.973249088058021794e+00
-1.708657927179548786e+00
-1.696784606483362934e+00
3.130081621753533216e-01
-2.409800486387474017e+00
-3.914609474858201210e+00
2.110180108363366447e-01
-8.960482587233229435e-01
-5.531392101302134989e-01
1.696924599269561185e+00
-1.170326978583948740e+00
-6.218123060170713812e-01
1.433323083732303216e+00
1.500000000000062172e+00
8.158519808813590179e-01
-1.644577645883644523e+00
-3.559976022789972383e-01
-1.901412307082277486e-01
-1.626412549689523424e+00
1.292840841693653653e+00
-1.073585858080713606e+00
-3.249793524885920881e+00
1.021232399409584435e+00
1.007386792002708198e+00
6.802386912797296903e-01
1.491940199255040511e+00
4.166140620566436414e-01
1.297782768068439729e+00
1.471150516075601322e+00
2.807774461842012848e+00
2.340336152763423438e+00
-1.740901113843034143e+00
6.018929336964916610e-01
1.619553274628249717e+00
-9.244504022598591941e-01
1.328259756922432588e+00
-4.628190686314859192e-02
-1.882049362091209765e+00
1.030763857410922579e+00
1.941639463633799689e+00
2.150449433088642781e+00
7.685264393147794859e-01
7.247816213809409325e-01
2.969198023354944205e+00
1.269169290046632481e+00
2.521545848409598722e+00
2.935331140571209030e+00
-1.795701214261344658e+00
1.369814225284487486e-01
1.943605047382434448e+00
-3.742922251670818823e-01
1.458804513536831049e-01
-7.710876494327508768e-01
-9.005616320476006464e-01
2.494944242115867405e-01
9.630873517159280750e-01
2.606224224965816738e+00
-3.381138340336224402e-01
-5.591855264602133557e-01
3.178873093367102776e+00
8.310016950096067445e-01
9.227447995547731763e-01
1.751891565374735560e+00
-1.999999999999815259e+00
-1.047522620968433404e+00
4.598120899476033641e-01
-3.533713249457822725e-01
-1.310136331904504070e+00
-2.883953991681793561e+00
-7.110213757165266824e-01
-4.268562813729741556e-01
-9.561614385628702806e-01
1.880563851552493393e+00
-1.092234985873598685e+00
-2.010356895040005032e+00
2.177935923390723616e+00
6.238134142374868185e-01
-3.502684448443649790e-01
-3.490445789103069352e-01
-2.051194197489015547e+00
-1.398314759397117246e+00
-1.434571577368226381e+00
-5.568939664815519830e-01
-1.727679040328457649e+00
-4.570989491906511937e+00
-8.142721510174600885e-01
-9.206937488192157293e-02
-1.880896994989937454e+00
8.713491751789514961e-01
-9.189114740159907146e-01
-1.868716176028627718e+00
1.251145660593077746e+00
9.772403932870455945e-01
7.013430407989013071e-02
-1.743499458219508025e+00
-1.658777441501421368e+00
-1.162977972189742637e-01
-2.066418105700142505e+00
-5.462464786195475597e-01
-8.125117548923413979e-01
-4.373455781800293707e+00
-5.535313169205164918e-01
1.108905796083944129e+00
-8.472900580953578453e-01
4.812299146681814355e-01
-1.575072321618746773e-01
1.603387007643415074e-01
1.332672754045519881e+00
1.532472125423166354e+00
1.840607291790281153e+00
-1.654379932355687144e+00
-1.049078835139837684e+00
1.901319975881554214e+00
-1.118033988749978391e+00
-3.470278604126141309e-01
2.776262841501971890e-01
-2.593863373484273538e+00
1.306454033786307312e-01
1.957872468390597920e+00
1.185441555124426394e+00
7.425182189947816536e-01
1.541071746018642941e-01
2.554307931672648913e+00
2.156584409704613403e+00
1.516782572573756038e+00
3.174358992739930052e+00
-7.740727470731838533e-01
-7.611182264802289765e-01
2.847326457799229438e+00
1.851746007132577532e-01
-3.509623277658990292e-01
3.929580075622035595e-02
-9.106016860333666640e-01
7.653049007104212320e-01
1.366699782765663507e+00
2.318665754046764338e+00
9.938489693934079439e-01
-6.138184234224979274e-01
3.454168457670971915e+00
2.721702106706161750e+00
6.502562140186350925e-01
2.608014706188928500e+00
-3.822325689452253927e-01
-9.339770235686561950e-01
1.804568969678352452e+00
4.138043746185618987e-01
-6.994814379253604386e-01
-1.783992560801127336e+00
-6.658329195964332037e-01
1.018244075846634678e+00
-3.906523075913770349e-01
1.605421083361749712e+00
7.435781841392317126e-01
-1.854149197430781326e+00
2.481032749505805324e+00
2.415322489407977891e+00
-3.571569567467185458e-01
4.882715000052936238e-01
-1.004350472579061293e+00
-9.931506572181845183e-01
-2.750216357244072984e-01
-6.531655674897163255e-01
-9.941619988748137127e-01
-3.798915279257846223e+00
-1.602925346112099358e+00
1.082541579660746489e+00
-1.788217406370424811e+00
-7.302944080904183455e-02
1.690539531227021053e-01
-2.187380934181075709e+00
1.050266519650280284e+00
1.548330758490656711e+00
-4.245395113761667449e-01
-1.351820863938644202e+00
-2.007444878274188049e+00
-2.450597184898405390e-01
-1.470040808083834971e+00
-1.950649898741716903e+00
-7.734859522579703439e-01
-4.268737736086281487e+00
-2.276345733486976108e+00
1.312210287514786966e+00
-1.524551940109005965e+00
-9.788087471833897268e-01
-2.435195270178447946e-01
-8.770095197433904755e-01
8.931397953170326920e-01
8.440647728245344039e-01
7.071067811868457786e-01
-1.412335091872875648e+00
-2.412146424318945659e+00
1.211220546986054636e+00
-8.003040284676881111e-01
-2.321386762575920581e+00
-2.024497645930136702e-01
-2.857449737446361215e+00
-1.596923753895913789e+00
1.625011803700264323e+00
1.048838251757372442e-01
-2.744349082201125167e-01
-3.602745214236112159e-01
1.270001241525965385e+00
2.319262686103973348e+00
6.044735798600991972e-01
2.019668385753313089e+00
6.229989625589793523e-03
-1.917820823628315186e+00
2.351550512776755308e+00
7.920521624669021321e-01
-1.643386168157667360e+00
-6.174208398637548445e-02
-1.010638985142763513e+00
1.221051613059205287e-01
1.500000000000012434e+00
1.414924226283779785e+00
1.230287208046657810e+00
-5.037687200878931959e-01
2.570884406700765457e+00
3.969383333473727404e+00
5.235169768475089747e-01
2.139117601221852460e+00
1.164236303820467500e+00
-1.053528802239972695e+00
2.192071516451466362e+00
1.404134289029499660e+00
-7.718446641199223635e-01
-8.994474494490504179e-01
-5.274280279050201914e-01
1.608590689330693380e+00
6.535795987891007686e-01
1.001381874718048515e+00
2.010608910719186682e+00
-8.994525386867890937e-01
2.132149821983510662e+00
4.237284927192932926e+00
2.500344246338934706e-01
7.797801462383131543e-01
6.679360887615743980e-01
-4.466636826331820131e-01
8.982486308583237378e-01
1.014004181770215007e-01
-5.245511124260300306e-01
-2.261613153599169479e+00
-1.747904960276231545e+00
1.958861839946072214e+00
-4.272761308791848678e-01
-8.002844617823143825e-01
1.374604945683424617e+00
-1.222412892125655626e+00
8.086121620393831311e-01
2.851895050902947926e+00
-9.235945362799635738e-02
-8.288921064819858575e-01
-1.157462474768444549e+00
-1.550366685512635789e-01
-2.279151847192381064e-01
-2.147442475299624398e+00
-8.953470757695431992e-01
-2.977479819194897459e+00
-3.207776112806885571e+00
1.416584403021068805e+00
-8.522592231577029720e-01
-2.196915389876862079e+00
3.353098266468323985e-02
-9.020030175773798842e-01
3.888879791344319603e-01
1.037533107892127937e+00
-9.787831147609860061e-02
-1.104806797805732765e+00
-2.662644865714812958e+00
1.996534628214215457e-01
-2.613724120575811050e-02
-3.456512511053253078e+00
-1.272970926734973807e+00
-2.351780806603543716e+00
-3.121810237116699582e+00
8.996915313285220872e-01
-3.119542500670642315e-01
-1.723726994694929626e+00
-7.665803963864665782e-01
1.154436679736279281e-01
1.764065767073126567e+00
2.040032511165970064e-01
2.882437048217176834e-01
2.490597808289568560e-01
-2.553214407901755134e+00
7.835133333965415003e-01
1.249462720423042184e+00
-2.889504029712112398e+00
-1.253171621818037318e+00
-1.016044096365669613e+00
-1.184757408340689544e+00
9.476091390177481255e-01
4.336077894312756476e-01
2.694892118739413700e-01
-5.150534472966892263e-01
1.101900240727010871e+00
3.948140581993780707e+00
5.956600772183419101e-01
5.583580833954661093e-01
1.845558067699655247e+00
-1.105470952334119517e+00
1.266655976892504976e+00
2.064651696536615955e+00
-1.309037343404521048e+00
-1.040289112878756583e+00
-4.118706427351515043e-01
1.133875333601501278e+00
1.269740672787385449e+00
2.515922479948241586e-01
1.954669507329924949e+00
2.155445186077605824e-01
1.241212744372851562e+00
