5.000000000000000000e+00
1.663131087906921657e+00
1.374412846284937206e+00
3.182752249729394300e+00
-9.303550084456572167e-01
-6.278812976474703600e-01
1.087237248326164085e+00
-1.910153085389609595e+00
-1.690556520965800225e-01
1.612172472559256775e+00
-5.273877957971391250e-01
1.247417085075933407e+00
1.865141561676108450e+00
-1.995013637782760973e-01
8.723060704436312873e-01
7.718834239874078351e-01
-3.156200093688459329e-01
7.423449409120790321e-01
9.759032921847211606e-01
1.073704546878468946e+00
1.462229294083101649e+00
1.367024838087947058e+00
1.276653372787699636e+00
-1.291378120435472954e-01
-6.736214337304957667e-01
-8.488489596334268805e-01
-2.912044440945467105e+00
-2.098545040820936958e+00
-1.106936207478748990e+00
-2.580483264184462389e+00
-2.705913200772736005e-03
1.212698521959292730e+00
-7.768603638387467925e-01
1.861571316911913465e+00
1.516462170201396731e+00
-1.611340456475430782e+00
8.423650558311301939e-01
-5.020941139918952967e-01
-3.210684237566120647e+00
1.554197940734070027e-01
-1.178958076001071165e+00
-2.812879248857158565e+00
8.438795296083488884e-01
-1.188444400248060751e+00
-2.590831314692554788e+00
2.621564182752393890e-01
-2.455931644592296070e+00
-3.164276916086971259e+00
-4.335054110603939748e-01
-2.384958883520944983e+00
-1.593096038215361165e+00
1.152796124671378486e+00
-1.710987482351737921e-01
7.379800191042257262e-01
1.907443887929522575e+00
2.395234857380246218e-02
-1.829827858417343300e-01
-5.970247244364048633e-01
-2.054948690130895983e+00
-2.225117489207997679e+00
-2.288440155066735482e+00
-1.780697143565558527e+00
-1.382338163840550305e+00
-8.553844504536620708e-01
6.868538448548883180e-01
1.050213633867760343e-01
1.397419378200835949e-01
1.498255491034947706e+00
-4.873090290802476465e-01
-2.875812423380752492e-01
1.483393587709886940e+00
-8.101503459798968798e-01
5.394068938419690484e-01
2.616974687638403019e+00
-2.275683244189832255e-01
1.430217880659045537e+00
2.427427637060294074e+00
-1.511210106736744496e+00
1.868026958212722077e-01
4.120913981173607299e-01
-3.114813746984046894e+00
-5.742087734616763139e-02
6.382126603007760579e-01
-1.398878336342073592e+00
2.660766683510492392e+00
2.905439923605009245e+00
1.036041561821483548e+00
4.047270249708076584e+00
2.600661878726707954e+00
3.492072996659159045e-01
2.215299776721762814e+00
3.431284736906362598e-01
-8.461832795865990020e-01
1.066057689123167007e+00
7.905695204724050296e-02
9.349159703422044165e-02
1.464595155975929597e+00
7.230897716700299682e-01
6.163812551543910168e-01
6.485794876821426858e-01
1.909830056250552133e-01
8.261356159560240275e-02
-1.889032074119552651e-01
8.218341667983912746e-01
1.147076228415741195e+00
9.541957874304091147e-01
2.866371661402646431e+00
2.178889075866861091e+00
9.390180387179751786e-01
2.409345526346351463e+00
-5.981124335814291815e-02
-1.778173096952531784e+00
9.605037963565676851e-02
-2.568666362890131616e+00
-2.790903256562084600e+00
4.738041090541919020e-01
-1.767590340300412954e+00
-7.059676921538525773e-01
2.472484672572710540e+00
-6.667999330934747393e-01
2.711116692214754487e-01
2.128928467901680666e+00
-1.802760594886788859e+00
-5.266526183152920870e-01
8.535524472242022043e-01
-2.414213562373089594e+00
-1.946781026842467899e-01
8.548222999195101979e-01
-1.884453483689678688e+00
9.678028504008362454e-02
-1.099211163230611743e-01
-2.800841350976882360e+00
-1.463828376786650898e+00
-2.114310929334108913e+00
-3.498323198856550409e+00
-1.742552058549136973e+00
-1.453995532669031920e+00
-1.127917937365509271e+00
4.325612977118796221e-01
8.018776762500308131e-01
1.015646241500357094e+00
6.389456221355902521e-01
2.312933670877647119e-01
-2.776428920467358674e-01
-1.983834942802193746e+00
-1.646212919251822893e+00
-1.576623541106078719e+00
-2.987006318770453195e+00
-9.086541518891531055e-01
-4.765558641923169914e-01
-1.984587498959927476e+00
6.813944706464256651e-01
5.410570529580960297e-02
-2.060933312143575336e+00
8.283335294477354172e-01
-5.436503459730346322e-01
-2.063394393500585622e+00
1.756820682619397722e+00
2.948442022444218713e-01
-3.363251844540516844e-01
3.457894096629395619e+00
9.022900238831624842e-01
2.429991093332506402e-02
2.494528901851915226e+00
-1.215267454128890812e+00
-1.804917650651655991e+00
3.293940543936206833e-01
-2.577853768851833038e+00
-1.444149845454307135e+00
1.197906663722663190e+00
-4.329008289500895224e-01
1.440586807330830776e+00
3.133928390931778551e+00
1.377297605224287791e+00
2.250223950314508059e+00
2.304249929556680954e+00
6.301882924710275891e-01
9.654958833360884896e-01
8.251723471835102908e-01
5.128431213533339861e-01
8.665336622558243995e-01
1.015383669431320524e+00
1.502198323025903504e+00
7.833280543350236158e-01
5.777837638338696458e-01
1.026146485368290451e+00
-8.433208401293934564e-01
-4.806852376052472842e-01
7.403433860326453786e-01
-1.005982440969937164e+00
9.774171785291075887e-01
2.826150365478422799e+00
7.740326937033503718e-01
3.145913155317125121e+00
3.710225057039409524e+00
1.877296228862742611e-01
2.039542681742358976e+00
1.140528216192185029e+00
-2.613472283667384488e+00
6.010939564188422235e-02
-6.909830056250683139e-01
-2.991483142783050386e+00
9.012106541456346154e-01
1.668082604118465984e-01
-1.371586210560910901e+00
2.094217730938505273e+00
2.727224467590185775e-01
-1.222793988155764566e+00
1.356922247747314181e+00
-7.635071297509995469e-01
-1.303360761583629790e+00
1.125314463997212577e+00
-3.546714366413477038e-01
-8.591876222625560722e-02
1.435882200179176671e+00
-1.527578094142847398e-01
-4.460140815718411922e-01
-5.656445274052230854e-01
-2.077701952975581801e+00
-2.529016582806518976e+00
-2.813473002301165149e+00
-2.538192345467847222e+00
-2.123284447413759768e+00
-1.645229826802743212e+00
2.112262840556027033e-01
1.786373371125690168e-01
1.176060703234315108e-01
1.725728628585948332e+00
-2.011612156887164216e-01
-1.024472171323420833e+00
4.312284826214153322e-01
-2.345392572759303906e+00
-2.249284122365644123e+00
5.956245437028218070e-02
-2.635030582125065024e+00
-1.355673539309218967e+00
9.095933250252038471e-01
-2.452507253915661600e+00
-9.495096542541746620e-01
3.773869685346441516e-01
-3.348535544655311558e+00
-1.101974901373803162e+00
1.276275212085969946e-01
-2.596416966359022638e+00
8.226466779188298384e-01
1.869783971950342183e+00
-3.441593578975696843e-01
2.610972995418875620e+00
2.053522797205139749e+00
-6.580019027949175481e-01
1.000000000000002442e+00
-5.777173233856700563e-01
-2.526520791252587550e+00
-7.907610540489029560e-01
-1.432113539729485518e+00
-1.495021342778767970e+00
4.905248335868654386e-01
5.989430531469855934e-01
1.027517885636014316e+00
1.672013426313742501e+00
1.488982572878817301e+00
1.350459865851027619e+00
6.739290728849713918e-01
1.065200642290187183e+00
1.080308708937430584e+00
2.840199493510646711e-01
1.969391493079074795e+00
1.834634155619182305e+00
5.742280422813449414e-01
2.521094965860827042e+00
1.026708772221421873e+00
-9.528313181524105113e-01
1.186615898785376988e+00
-9.661704375423348923e-01
-2.041661413495619914e+00
1.439396651637330882e+00
-2.866066493955976568e-01
1.203448047798825193e-01
4.082994552182224623e+00
1.641425913287690053e+00
1.961914419171146617e+00
4.478070328379660126e+00
5.207773498417280766e-01
5.405124476384852716e-01
2.033994878867584788e+00
-1.784408512842842409e+00
-6.300693287520148234e-01
1.027326626556953393e+00
-1.614457232416974808e+00
3.665678268509332538e-01
1.428941800642235638e+00
-8.835580655056762822e-01
5.528068417459656159e-01
5.099702307292895975e-01
-1.301601514321987008e+00
-1.099883283095806075e-01
-5.148514385768587776e-02
-3.925210301589045492e-01
8.007783094436847771e-01
1.114015427475292697e+00
1.309016994374995857e+00
1.053641837334493125e+00
6.191544831461742726e-01
2.101374000499275918e-01
-1.714268351352539632e+00
-1.940342982974020636e+00
-1.869761362307577723e+00
-3.667596167897011483e+00
-1.969842659818444197e+00
-8.267819869118948617e-01
-2.252265158026527825e+00
5.819682211257904969e-01
1.058467117100090782e+00
-1.318125265527509526e+00
1.267335059973484723e+00
2.487014941291278425e-01
-2.577152142400470414e+00
4.124819117800671009e-01
-9.805153104461268310e-01
-2.855847364163088375e+00
8.860796978318663530e-01
-8.381174517430101112e-01
-2.175837963425593991e+00
1.028821917185106516e+00
-1.743939525447337324e+00
-2.922283918306477268e+00
-3.727562350067685770e-01
-3.079286568813710101e+00
-2.908215621184778055e+00
-1.751545291221690004e-02
-1.551328573678918854e+00
-1.690275961596892085e-01
2.156973602880730034e+00
6.681246793585423616e-01
1.317671140863264423e+00
1.679336611592992856e+00
-2.766148367194510849e-01
-5.254002327934697014e-01
-9.657077752640010893e-01
-1.708102895310416702e+00
-1.520727774372157448e+00
-1.251655612841734211e+00
-2.697121224777132009e-01
-1.998960794854266476e-01
1.143406479273785248e-01
1.395208929103176843e+00
6.843290273238766819e-02
1.012232073750166661e-01
1.470779316727157893e+00
-6.060141053064959094e-01
3.665535102099271025e-01
2.400611207364524269e+00
1.490959608454771046e-01
2.001551635673758600e+00
3.553927030581992774e+00
1.882756644090505249e-01
1.808132549700620206e+00
1.952698972131259092e+00
-2.125489977077202219e+00
2.669346691041446507e-02
5.600734845766730530e-02
-2.791779710212664689e+00
9.547453139136728995e-01
1.403498518734816347e+00
-2.738513017167344410e-01
3.602105030325554402e+00
2.928284673916702108e+00
9.591655224896120657e-01
3.461302289998679615e+00
1.487669839471025490e+00
-2.648415128483284087e-01
1.679492612586929834e+00
6.424154231976020313e-02
-3.818243058720355299e-01
1.430397328864818185e+00
4.142135623731362237e-01
3.821667789565101891e-01
9.996506123627493245e-01
-1.745134648314961012e-02
-3.526555702745483023e-01
-6.458742983929339765e-01
-6.463715784124294261e-01
-4.750107593606929246e-01
-4.491777146906816842e-01
1.197551815360555771e+00
1.385748862722252950e+00
1.063056422176338112e+00
2.844246944259490650e+00
1.291256231989987846e+00
-2.117289370100733370e-01
1.131464833316218055e+00
-1.743706437300283074e+00
-2.833214648707399697e+00
-5.038329957825480321e-01
-3.042074054504252167e+00
-2.412133042273191030e+00
8.302272610600771596e-01
-1.807288849895062111e+00
-5.706549836316154867e-01
1.841441781576565129e+00
-1.809016994374962328e+00
-5.731991223421462056e-01
9.085037668684313727e-01
-2.682799876438531239e+00
-5.678287237958239420e-01
7.580669860958590967e-01
-2.028110697620382208e+00
4.908669140106872719e-01
8.713153593534406216e-01
-1.931109270986285598e+00
-2.781334544644743501e-01
-1.155020171093167125e+00
-3.542069743057266962e+00
-2.078141580649722542e+00
-2.527923852669842653e+00
-3.031020962663665053e+00
-1.013701488253742067e+00
-5.108507531512357369e-01
7.461109712565439089e-02
1.086299944909040249e+00
1.130584344355102466e+00
1.010979956301324645e+00
3.891007392563992917e-02
-1.907788568526006534e-01
-5.499599217524124839e-01
-2.048251869409025705e+00
-8.861829085574175480e-01
-6.226568871172049047e-01
-1.890072510084144231e+00
4.848760155901560287e-01
2.692197723778487761e-01
-1.552882452393663959e+00
1.008992041660012884e+00
-3.024455249198292339e-01
-2.139110316386702682e+00
1.169826616110547057e+00
-2.628396250107939980e-01
-9.434260526791460322e-01
3.181148666973267591e+00
1.356682923721445944e+00
1.013592175569272946e+00
4.224485867774596670e+00
8.591387240158582239e-01
7.534171185665677895e-02
2.023446480573480866e+00
-1.776565708661531406e+00
-1.582169557539680138e+00
6.126855971377642707e-01
-1.823219052286082720e+00
-3.904489169504965496e-02
2.211130026965197004e+00
5.074911682131926227e-01
2.135494374649764548e+00
2.938564146339895711e+00
1.032860290173858830e+00
1.722072984353752112e+00
1.561952247129467786e+00
4.756206428216795401e-01
1.065849559884862741e+00
1.165814053600247480e+00
1.304539115059657917e+00
1.336462496774895925e+00
1.241555568507735074e+00
1.443501978322652812e+00
-3.655218440378688038e-02
-3.258258657817904025e-01
7.151862709438838728e-02
-1.886703396678661049e+00
-7.800642392952173987e-01
7.363552236139316864e-01
-8.488526699294129951e-01
1.683716832004272579e+00
3.066646312247362172e+00
5.736600187979910004e-01
2.836664075605420443e+00
2.466882948383529506e+00
-1.250433909441636793e+00
8.886960030871406957e-01
-2.911986896910657707e-01
-3.344328327563790726e+00
-4.292039240335721040e-03
-8.980021537768276829e-01
-2.650959372269049652e+00
1.151851669077363471e+00
-3.500190796770377144e-01
-1.843537013945333092e+00
1.117595963518962732e+00
-1.187805247847296908e+00
-2.140722143045457049e+00
4.804297493096402194e-01
-1.332165175979249883e+00
-1.042133947619335643e+00
1.324201058940964071e+00
-8.732082782241423757e-02
2.259342631798234580e-01
1.002643926818957754e+00
-8.459178891813350365e-01
-1.362540308359372787e+00
-1.847410840332406323e+00
-2.898850314087595859e+00
-3.000000000000000000e+00
-2.898850314087769497e+00
-1.847410840332368798e+00
-1.362540308359495800e+00
-8.459178891815288814e-01
1.002643926819030806e+00
2.259342631797820466e-01
-8.732082782246386454e-02
1.324201058941137266e+00
-1.042133947619302781e+00
-1.332165175979377558e+00
4.804297493098321770e-01
-2.140722143045499681e+00
-1.187805247847490753e+00
1.117595963519075752e+00
-1.843537013945360403e+00
-3.500190796771751045e-01
1.151851669077360363e+00
-2.650959372269036329e+00
-8.980021537767031159e-01
-4.292039240371692266e-03
-3.344328327563828474e+00
-2.911986896910586098e-01
8.886960030869752725e-01
-1.250433909441738489e+00
2.466882948383384289e+00
2.836664075605370261e+00
5.736600187980642751e-01
3.066646312247340411e+00
1.683716832004363617e+00
-8.488526699292299194e-01
7.363552236139068174e-01
-7.800642392953769377e-01
-1.886703396678621969e+00
7.151862709418110864e-02
-3.258258657818898785e-01
-3.655218440377028255e-02
1.443501978322393242e+00
1.241555568507702212e+00
1.336462496775070674e+00
1.304539115059691889e+00
1.165814053600380040e+00
1.065849559884965547e+00
4.756206428214316273e-01
1.561952247129736904e+00
1.722072984353721026e+00
1.032860290173506890e+00
2.938564146340115535e+00
2.135494374649725469e+00
5.074911682131202362e-01
2.211130026965356876e+00
-3.904489169511271562e-02
-1.823219052285868447e+00
6.126855971379405741e-01
-1.582169557539955251e+00
-1.776565708661310694e+00
2.023446480573474204e+00
7.534171185632215773e-02
8.591387240159851224e-01
4.224485867774562031e+00
1.013592175569069553e+00
1.356682923721703071e+00
3.181148666973169448e+00
-9.434260526788493806e-01
-2.628396250108228083e-01
1.169826616110756223e+00
-2.139110316386559685e+00
-3.024455249202022689e-01
1.008992041660069505e+00
-1.552882452393586465e+00
2.692197723776690310e-01
4.848760155901414848e-01
-1.890072510083925295e+00
-6.226568871172889486e-01
-8.861829085572801024e-01
-2.048251869408804104e+00
-5.499599217527098016e-01
-1.907788568526899153e-01
3.891007392565076772e-02
1.010979956301016669e+00
1.130584344355061610e+00
1.086299944909354442e+00
7.461109712561986296e-02
-5.108507531511971012e-01
-1.013701488253529126e+00
-3.031020962663427021e+00
-2.527923852669859084e+00
-2.078141580649663478e+00
-3.542069743057400188e+00
-1.155020171093265269e+00
-2.781334544644935569e-01
-1.931109270986398840e+00
8.713153593531778318e-01
4.908669140109400142e-01
-2.028110697620355118e+00
7.580669860958969553e-01
-5.678287237958641320e-01
-2.682799876438585862e+00
9.085037668684915468e-01
-5.731991223421608606e-01
-1.809016994375050036e+00
1.841441781576511172e+00
-5.706549836315614188e-01
-1.807288849895093197e+00
8.302272610600779368e-01
-2.412133042273148398e+00
-3.042074054504181557e+00
-5.038329957827000216e-01
-2.833214648707350847e+00
-1.743706437300448053e+00
1.131464833316067731e+00
-2.117289370099757484e-01
1.291256231989776904e+00
2.844246944259304133e+00
1.063056422176656746e+00
1.385748862722290253e+00
1.197551815360327510e+00
-4.491777146906843488e-01
-4.750107593606445189e-01
-6.463715784123647001e-01
-6.458742983929485204e-01
-3.526555702747026233e-01
-1.745134648318669157e-02
9.996506123628511320e-01
3.821667789564723305e-01
4.142135623730935912e-01
1.430397328864889461e+00
-3.818243058720566241e-01
6.424154231967105222e-02
1.679492612587005329e+00
-2.648415128485859249e-01
1.487669839470924016e+00
3.461302289998701376e+00
9.591655224894956033e-01
2.928284673916692782e+00
3.602105030325713830e+00
-2.738513017166550600e-01
1.403498518734791700e+00
9.547453139138031286e-01
-2.791779710212624277e+00
5.600734845763610803e-02
2.669346691028084972e-02
-2.125489977077299919e+00
1.952698972131009070e+00
1.808132549700777192e+00
1.882756644090715081e-01
3.553927030581802260e+00
2.001551635673927354e+00
1.490959608457451124e-01
2.400611207364385713e+00
3.665535102098488318e-01
-6.060141053065631889e-01
1.470779316727142572e+00
1.012232073749800287e-01
6.843290273237490062e-02
1.395208929103066708e+00
1.143406479274106102e-01
-1.998960794852302492e-01
-2.697121224777323523e-01
-1.251655612841540144e+00
-1.520727774372099050e+00
-1.708102895310556812e+00
-9.657077752640028656e-01
-5.254002327935681782e-01
-2.766148367196377134e-01
1.679336611593098549e+00
1.317671140863069246e+00
6.681246793585304822e-01
2.156973602881023577e+00
-1.690275961596651166e-01
-1.551328573678807388e+00
-1.751545291214284816e-02
-2.908215621184943256e+00
-3.079286568813537794e+00
-3.727562350067534780e-01
-2.922283918306770367e+00
-1.743939525447320893e+00
1.028821917185119617e+00
-2.175837963425589550e+00
-8.381174517429155202e-01
8.860796978319063211e-01
-2.855847364163099478e+00
-9.805153104459378710e-01
4.124819117799568557e-01
-2.577152142400553014e+00
2.487014941293593240e-01
1.267335059973232481e+00
-1.318125265527575696e+00
1.058467117100010402e+00
5.819682211260805982e-01
-2.252265158026356850e+00
-8.267819869118571141e-01
-1.969842659818247466e+00
-3.667596167896789883e+00
-1.869761362307758024e+00
-1.940342982974055053e+00
-1.714268351352763675e+00
2.101374000496246119e-01
6.191544831461230913e-01
1.053641837334529097e+00
1.309016994374765597e+00
1.114015427475376185e+00
8.007783094439897553e-01
-3.925210301588409334e-01
-5.148514385765690093e-02
-1.099883283094487130e-01
-1.301601514322156650e+00
5.099702307290829850e-01
5.528068417460740847e-01
-8.835580655060140121e-01
1.428941800642209436e+00
3.665678268513085092e-01
-1.614457232417167987e+00
1.027326626556952061e+00
-6.300693287515808372e-01
-1.784408512843199013e+00
2.033994878867475542e+00
5.405124476384676191e-01
5.207773498415503299e-01
4.478070328379610388e+00
1.961914419170947887e+00
1.641425913287700045e+00
4.082994552182323211e+00
1.203448047800153020e-01
-2.866066493954267380e-01
1.439396651637323998e+00
-2.041661413495550637e+00
-9.661704375422797142e-01
1.186615898785243761e+00
-9.528313181524209474e-01
1.026708772221249788e+00
2.521094965860690706e+00
5.742280422814267649e-01
1.834634155619170759e+00
1.969391493078913591e+00
2.840199493512708395e-01
1.080308708937375073e+00
1.065200642290107691e+00
6.739290728850499956e-01
1.350459865850961449e+00
1.488982572878764454e+00
1.672013426313750273e+00
1.027517885635893524e+00
5.989430531470140151e-01
4.905248335872259835e-01
-1.495021342778955820e+00
-1.432113539729555240e+00
-7.907610540486643691e-01
-2.526520791252681697e+00
-5.777173233858355905e-01
1.000000000000092149e+00
-6.580019027950320121e-01
2.053522797205250328e+00
2.610972995418838316e+00
-3.441593578975775669e-01
1.869783971950357282e+00
8.226466779188781331e-01
-2.596416966358953360e+00
1.276275212086952493e-01
-1.101974901373927729e+00
-3.348535544655328877e+00
3.773869685346891156e-01
-9.495096542542137419e-01
-2.452507253915658936e+00
9.095933250251470037e-01
-1.355673539309153686e+00
-2.635030582125005516e+00
5.956245437022356093e-02
-2.249284122365702299e+00
-2.345392572759290140e+00
4.312284826212010591e-01
-1.024472171323388192e+00
-2.011612156886282143e-01
1.725728628585802449e+00
1.176060703235437543e-01
1.786373371126045440e-01
2.112262840555321763e-01
-1.645229826802467654e+00
-2.123284447413686493e+00
-2.538192345468022193e+00
-2.813473002300998171e+00
-2.529016582806608682e+00
-2.077701952975834487e+00
-5.656445274050193595e-01
-4.460140815718977025e-01
-1.527578094142949539e-01
1.435882200179316337e+00
-8.591876222630007165e-02
-3.546714366412584418e-01
1.125314463997238779e+00
-1.303360761583788774e+00
-7.635071297509842259e-01
1.356922247747311960e+00
-1.222793988156008815e+00
2.727224467591186086e-01
2.094217730938456423e+00
-1.371586210560918895e+00
1.668082604121480239e-01
9.012106541455643383e-01
-2.991483142783113447e+00
-6.909830056249892660e-01
6.010939564171646765e-02
-2.613472283667408913e+00
1.140528216192226996e+00
2.039542681742092078e+00
1.877296228862942451e-01
3.710225057039428620e+00
3.145913155317036747e+00
7.740326937035697519e-01
2.826150365478479198e+00
9.774171785290154402e-01
-1.005982440969616976e+00
7.403433860325807636e-01
-4.806852376050891884e-01
-8.433208401294336465e-01
1.026146485367877670e+00
5.777837638339605730e-01
7.833280543349694369e-01
1.502198323025998095e+00
1.015383669431399127e+00
8.665336622559175472e-01
5.128431213532942401e-01
8.251723471835763490e-01
9.654958833360901549e-01
6.301882924707966627e-01
2.304249929556526855e+00
2.250223950314568011e+00
1.377297605224212740e+00
3.133928390931850938e+00
1.440586807330923591e+00
-4.329008289500910767e-01
1.197906663722872356e+00
-1.444149845454067105e+00
-2.577853768851924521e+00
3.293940543936134668e-01
-1.804917650651655769e+00
-1.215267454129229874e+00
2.494528901851862823e+00
2.429991093327049656e-02
9.022900238829105746e-01
3.457894096629444469e+00
-3.363251844537994417e-01
2.948442022443906185e-01
1.756820682619579355e+00
-2.063394393500411539e+00
-5.436503459733406096e-01
8.283335294477915944e-01
-2.060933312143424789e+00
5.410570529549640906e-02
6.813944706464307721e-01
-1.984587498959710761e+00
-4.765558641922429395e-01
-9.086541518889970082e-01
-2.987006318770361268e+00
-1.576623541106101367e+00
-1.646212919251875073e+00
-1.983834942802132462e+00
-2.776428920468999584e-01
2.312933670876630154e-01
6.389456221355552801e-01
1.015646241500232083e+00
8.018776762500680055e-01
4.325612977120156799e-01
-1.127917937365635392e+00
-1.453995532668928448e+00
-1.742552058548984428e+00
-3.498323198856619243e+00
-2.114310929334040967e+00
-1.463828376786642238e+00
-2.800841350977081312e+00
-1.099211163231912924e-01
9.678028504018876266e-02
-1.884453483689837672e+00
8.548222999194614591e-01
-1.946781026841368778e-01
-2.414213562373157984e+00
8.535524472242315142e-01
-5.266526183151860607e-01
-1.802760594886956280e+00
2.128928467901515909e+00
2.711116692214828872e-01
-6.667999330934510915e-01
2.472484672572687003e+00
-7.059676921537807459e-01
-1.767590340300307927e+00
4.738041090542719491e-01
-2.790903256562050849e+00
-2.568666362890052124e+00
9.605037963546347868e-02
-1.778173096952629928e+00
-5.981124335811505155e-02
2.409345526346173827e+00
9.390180387179788424e-01
2.178889075866860647e+00
2.866371661402534077e+00
9.541957874304888287e-01
1.147076228415813137e+00
8.218341667982720367e-01
-1.889032074118539017e-01
8.261356159554344991e-02
1.909830056250060304e-01
6.485794876822890132e-01
6.163812551543214058e-01
7.230897716699562494e-01
1.464595155976056162e+00
9.349159703409887223e-02
7.905695204725338154e-02
1.066057689123351970e+00
-8.461832795868186041e-01
3.431284736905484412e-01
2.215299776721807223e+00
3.492072996658379114e-01
2.600661878726711063e+00
4.047270249708160961e+00
1.036041561821400725e+00
2.905439923605225516e+00
2.660766683510630504e+00
-1.398878336342025630e+00
6.382126603012087118e-01
-5.742087734640111130e-02
-3.114813746984042453e+00
4.120913981173212060e-01
1.868026958209590138e-01
-1.511210106736676995e+00
2.427427637060298515e+00
1.430217880658690488e+00
-2.275683244187791665e-01
2.616974687638502939e+00
5.394068938419985804e-01
-8.101503459796113304e-01
1.483393587709842754e+00
-2.875812423381594041e-01
-4.873090290799070856e-01
1.498255491034726550e+00
1.397419378200720486e-01
1.050213633867965735e-01
6.868538448545914443e-01
-8.553844504535309534e-01
-1.382338163840403755e+00
-1.780697143565650453e+00
-2.288440155066647996e+00
-2.225117489207997235e+00
-2.054948690131248146e+00
-5.970247244364772499e-01
-1.829827858417035769e-01
2.395234857342420920e-02
1.907443887929671122e+00
7.379800191044526558e-01
-1.710987482353050204e-01
1.152796124671813249e+00
-1.593096038215113142e+00
-2.384958883521012929e+00
-4.335054110602364341e-01
-3.164276916086991243e+00
-2.455931644592561636e+00
2.621564182751445760e-01
-2.590831314692625398e+00
-1.188444400248201305e+00
8.438795296084702358e-01
-2.812879248857177661e+00
-1.178958076001038524e+00
1.554197940735734251e-01
-3.210684237566073129e+00
-5.020941139919670171e-01
8.423650558311093217e-01
-1.611340456475495175e+00
1.516462170201284820e+00
1.861571316911847074e+00
-7.768603638386281096e-01
1.212698521959159947e+00
-2.705913200743481628e-03
-2.580483264184193715e+00
-1.106936207478834255e+00
-2.098545040820723351e+00
-2.912044440945266377e+00
-8.488489596336904475e-01
-6.736214337305121980e-01
-1.291378120433741006e-01
1.276653372787364571e+00
1.367024838087990579e+00
1.462229294083109643e+00
1.073704546878133215e+00
9.759032921848510567e-01
7.423449409122706566e-01
-3.156200093690908481e-01
7.718834239874970971e-01
8.723060704436504942e-01
-1.995013637784555094e-01
1.865141561676276982e+00
1.247417085076124588e+00
-5.273877957971071506e-01
1.612172472559225245e+00
-1.690556520966405296e-01
-1.910153085389834304e+00
1.087237248326085481e+00
-6.278812976475304231e-01
-9.303550084457716807e-01
3.182752249729234428e+00
1.374412846285079537e+00
1.663131087906755567e+00
