5.000000000000000000e+00
1.507133291503313099e+00
2.473745693818155678e-01
1.532296214288445535e+00
-1.230222712264686269e+00
-9.524873031914797838e-01
6.097133411972674999e-01
2.618222525777954557e-01
1.793867927312468025e-01
-1.333373502995143900e+00
-4.469413216650668375e-01
3.282122142483555605e-01
-1.460186957293711174e+00
1.537897104282275773e+00
1.922881085108843591e+00
-2.354913442740107943e+00
-1.174816923396486246e+00
-1.619847388731866955e+00
-4.111757360891765245e+00
-1.414862110934307138e+00
-5.337842847197776797e-02
-1.072029082359553520e-01
2.563986976409345919e-01
-3.681130906350550402e-01
8.557105841346920316e-01
9.716292825294570168e-02
-2.466511109673319435e-02
3.335225852502017752e+00
9.297496357089880537e-01
-1.148623329162384188e+00
1.184901265861409314e+00
-1.295128562515271531e+00
-1.586405896658990011e+00
2.132045170572124171e+00
1.961921978445920534e+00
2.014265197429981225e+00
1.980158342133337301e+00
9.511166674615187944e-01
7.982874627396019385e-01
-1.003665332646782371e+00
2.759708369912635684e-01
1.604308151971988838e+00
-2.095688791979741783e+00
-1.334525182664507925e+00
-4.599203154085438339e-01
-3.789567021707843431e+00
-1.248539903748142832e+00
1.305397579378849704e+00
-5.614004512104142641e-02
7.610618157669992723e-01
1.367287359973261562e-01
-1.149735546139059039e+00
-1.777755673960445426e+00
-2.445290139602538382e+00
1.822514913792564473e-01
-1.138238036940456555e-01
-1.871427606575795988e+00
1.102112901272902512e+00
-2.215802814496433959e-01
-1.759639953123477207e+00
2.599076128111295514e+00
2.618669394371943682e+00
1.530302837149142281e+00
2.813376830179448618e+00
9.307362500714155829e-01
-4.672462667674529557e-01
-1.041991113626022480e+00
-5.173549426902057657e-01
1.623011898036593958e+00
7.120183668657315001e-02
5.264696666083356069e-01
2.311570971086946980e+00
-1.337233631868026240e+00
-5.659947383551764410e-01
2.366205644492862081e+00
-2.665894475959051935e-01
-9.387342755094174596e-03
4.536347933401792543e-01
-2.483540049112909820e+00
-3.015423111152369717e+00
-2.855498976634093466e+00
-1.328095037676473522e+00
3.172304131363967716e-02
-8.790808562284581074e-01
1.303639526253500103e+00
6.689088875194023620e-01
-2.492845530940893006e+00
6.659182991898192627e-01
1.054434600809618372e+00
-1.219975484375219077e+00
1.275221028362529818e+00
4.395639049860902148e-01
-1.819036631762928291e+00
-7.094915589355701435e-01
-4.121079898384194529e-02
1.689481596120153917e+00
2.218038586086931829e+00
2.237663671880201655e+00
3.656469733123760335e+00
3.125000937720940897e-01
-1.000000000000010658e+00
1.844426820504046383e+00
-6.484005156923622337e-01
-8.365897821230448006e-01
1.737053869086876201e+00
-1.153168698644908119e+00
-1.973821793641390210e+00
-5.476050566302272937e-01
-5.919677710266146864e-01
6.272850100358156045e-01
5.542990984766063001e-01
9.725073812138438356e-01
3.920183807690367228e-01
-3.405431651487800693e+00
-2.072073881623337943e+00
-8.701608745354135754e-01
-3.311804422656690505e+00
-1.220119335651630443e-01
1.114036564490713532e+00
-1.849762053157449682e+00
-2.216888236865174333e-01
6.266826636443338927e-01
3.540586285419602408e-01
1.764672857298082764e+00
1.766480446092137946e+00
2.121320343559637500e+00
7.618524307245255756e-02
-1.982756721898348173e+00
6.229180976162462802e-01
-3.226153029460748778e-01
-6.125742147775086188e-01
3.653776365026654815e+00
1.828575412829014812e+00
-1.087068866859936533e-01
1.918670050084480216e+00
3.937210676849689506e-01
-1.362663761356699976e-02
1.034254175443203083e+00
4.174938862764965286e-01
-1.049716126943760486e-01
-2.650474651182959551e+00
-2.625423733290847217e+00
-8.343825941588606243e-01
-2.665645324799378990e+00
-6.130924424846903587e-02
2.581276701155224451e+00
-1.087655744512214362e+00
-6.108848838097808986e-01
2.917631259640787178e-01
-2.319816941367452312e+00
-1.038841768587652759e+00
1.046265773491442397e-01
-2.999159037123853011e-01
-5.374920849548584512e-01
-1.757093952074617826e+00
-4.705677914030093056e-02
3.771176687301072139e-01
-1.933016816479643518e-01
3.972467938275538124e+00
3.328122829124363413e+00
8.467759572227906428e-02
2.035850252721497888e+00
2.738374617925422028e-01
-1.776332940397437943e+00
8.320166652318561340e-01
8.878236606800740116e-01
4.670614120119082613e-01
2.238734097157679681e-01
-4.171138198766793925e-01
6.557094445252307224e-01
-5.939874138110587953e-01
3.273287825635416981e-01
3.049827504927288491e+00
-5.473489586754669567e-01
-1.613833785810431465e+00
-2.471537007770696626e-01
-3.865962051462963789e+00
-3.209615396954365707e+00
-1.851025049720200766e-01
-9.061176890136763973e-01
-2.441136998468492747e-01
-1.195896872357572333e-01
-3.295201303715570296e-01
-4.417376184001353678e-02
-1.014584671786070036e+00
1.533826742312071501e+00
2.008463692689905766e+00
-1.366931504123733543e+00
4.148414079378979769e-01
-6.416601940699895312e-02
-2.930260167157880957e+00
7.019888766274762215e-01
2.303862611109001701e+00
1.370930608371162762e+00
2.780379827039110019e+00
1.978080870140265013e+00
1.059882820809055382e+00
2.350705687812961742e-01
-1.489948582544001754e-01
1.987199239559369390e+00
3.885780586188047891e-14
-1.503736299048032965e+00
6.651469032669162784e-01
-2.344399219959359737e+00
-2.827914202394837595e+00
1.331181354350571278e+00
3.291432091050764397e-01
1.991963821048254313e-01
1.383752818645876737e+00
-7.856380256006701979e-01
-1.808825046317727558e+00
-2.462985188062888575e+00
-1.571138083775471372e+00
-1.286298803574635885e-01
-2.021301319998821899e+00
-4.948155209712786218e-01
5.212087279643671245e-01
-2.678362980398928173e+00
2.026356541935750433e-01
2.770384256123590294e+00
6.754379507751575584e-01
2.375877186161154064e+00
2.293332065250452523e+00
-4.974507022638211540e-01
-7.183269693295263325e-01
-8.042697094394526403e-01
6.530695687863932175e-01
1.076510457109544738e+00
3.479574971334921107e-01
2.654747924318770380e+00
7.918405822652622161e-01
-1.275579033196340806e+00
2.382166713125579705e+00
1.301277328903363673e+00
-3.583046047496668551e-01
1.824547883695034400e+00
-6.874377413524606073e-01
-2.965722488528246714e+00
-2.326198135567641323e+00
-2.211752364678371663e+00
-6.980933026851381396e-01
-5.795170063282839568e-01
2.045272160188089661e-01
1.410684243646718627e+00
-1.963138115088443492e+00
-1.358086350150967014e+00
1.185904367885794786e+00
-1.628537488067276939e+00
-3.696546997894593067e-01
1.349145708648404440e+00
-1.999999999999980238e+00
-1.757489483118999107e+00
-4.335115980266884828e-01
-5.440120425377259483e-02
1.704557242017998853e+00
2.083234852951457050e+00
3.294972939254540378e+00
2.227153018324793621e+00
-8.895864861752145192e-01
1.276074488418800890e+00
9.181883095130101147e-01
-1.394298025171747835e+00
1.893220704739092985e+00
1.034751506926960163e+00
-1.931443579181025161e+00
-7.916089396709058423e-02
-1.178564303873772534e-01
-7.874658258071243200e-02
1.297125739939628097e+00
1.227193340074848926e+00
1.334565980362233839e+00
-1.521954472693872074e+00
-2.907793196168931171e+00
-8.446457092427188673e-01
-3.036793893399085231e+00
-2.273413827735792481e+00
1.357563387050087611e+00
-1.426117054351374369e+00
-1.748425620077163289e+00
5.732436250868804262e-01
-7.225010311469289848e-01
2.949169197964341960e-01
1.693433694272387546e+00
1.459684398563688257e+00
8.832609932959708532e-01
-1.610527796255456057e+00
-7.851942016745943054e-01
1.048569108876736822e-01
-1.595800287157224329e+00
2.121549146689818421e+00
3.458435654986633523e+00
8.117100345846950393e-02
1.881021508287491262e+00
1.924829117366873898e+00
-3.601994032667120704e-01
1.369642252476062971e+00
1.523454553462558536e+00
5.344554614161489692e-01
-6.853986566285876769e-01
-2.313968667233839316e+00
-1.000000000000041300e+00
-1.808703998274360014e+00
-1.635012853412691092e+00
2.502601299213929487e+00
5.632252892223058582e-01
-1.351121625141149085e+00
8.940446316117669490e-01
-1.745882810266951690e+00
-2.654823557818224433e+00
-9.114633815854877863e-02
-7.595195151870907102e-01
-1.016516347757663530e+00
-1.429864484897053645e+00
-1.508972784061055172e+00
-2.573228748295143253e-01
-1.067699168438411395e+00
1.602822402398990764e+00
4.023675558514542061e+00
5.809080059757468772e-01
1.262638571590842806e+00
1.827631993748290329e+00
-1.960381062574486410e+00
-2.661527241698563584e-01
1.616768139696691531e+00
3.179032757073433357e-01
9.736962287824409978e-01
5.823081446360779401e-01
5.013451303634335332e-01
4.478823818616970431e-01
-6.145924355757759194e-02
2.828303014758999367e+00
1.815533873445456248e+00
-1.251929650254718807e+00
5.274587937110267744e-01
-1.916566068694895986e+00
-4.393424647688998874e+00
-7.489097857454781737e-01
-6.484794879395290312e-01
-1.219534694216438675e+00
3.459157587350357721e-01
-4.862933126559417785e-01
-6.955735169460155465e-01
-1.107004730772721324e+00
-3.446618445836604483e-01
1.791630539106551012e+00
-7.009894623179265816e-01
-9.433841710570143313e-01
6.202905953277866313e-01
-2.999803458102730858e+00
-1.780376241768077294e+00
2.038841768587574599e+00
7.647006552598433204e-01
2.006863068638343517e+00
3.138753175209981983e+00
1.216320718839000170e+00
7.694038893283888791e-01
2.040944767349274214e-01
1.314844886635253562e+00
1.567792037036674024e+00
-7.973075446512819520e-01
7.918262876125639060e-01
-9.286241744961287736e-02
-3.220780670915868615e+00
4.218519768405422088e-01
1.494046374847962877e+00
-2.727228137570099076e-01
1.999703093608874438e+00
8.956671517758908463e-01
-1.691367171692517157e+00
-1.868283929600412563e+00
-2.211692735268187882e+00
-9.934256280251296811e-01
-1.467141069338289361e+00
-1.719519211528974356e+00
4.302423646793636092e-01
-2.121320343559631283e+00
-2.272908053844032494e+00
1.937603076129201352e+00
4.901643431801506745e-01
6.893582673267708572e-01
3.045955773732226035e+00
6.426961773131922850e-02
-1.251244805627185208e+00
-6.649483315245685588e-01
-6.065687210367117776e-01
7.491626206072852234e-01
5.916541443889929974e-01
1.949325499203979462e+00
2.411268403870315602e+00
-7.746733510697904057e-01
1.304349265093666999e+00
2.795446267906330995e+00
-1.414416718511551929e-01
1.898405494794358050e+00
1.831036561154926856e+00
-2.197511891838721532e+00
-1.865718843413546990e+00
-1.691278509277059916e+00
-1.650225678910067550e+00
-2.893105343964491594e-01
1.776356839400250465e-14
1.363249570646707154e+00
-3.567503713085267147e-01
-2.320462182253034022e+00
4.824395370446340481e-01
-9.414353546618566826e-01
-2.127537408852816725e+00
1.247455085167171740e+00
-1.046426575739666021e+00
-3.072113217164558208e+00
-8.736053114289799026e-01
-1.161790527081357327e+00
-1.087373683859333973e-01
1.758894129147142715e+00
2.409738651454524927e+00
2.836692099489529273e+00
1.458651304296796625e-01
1.277486528015814304e-01
1.637320428817801377e+00
-1.143148280294060015e+00
6.211833756860178912e-01
2.749553572146470337e+00
-1.014169837676016206e+00
-4.076309650281043084e-01
1.040912983929482394e+00
-4.599530804094812408e-01
1.181853131262740053e+00
2.158841995612768461e+00
1.788488861009817743e+00
5.549277805013503873e-01
-2.109987960509632554e+00
-1.214250721041815417e+00
-1.874399773640770483e+00
-3.462146853984295003e+00
4.537533830129498735e-01
1.118692893821243706e-03
-2.681877067931835334e+00
6.252745800523418218e-02
-5.152797601899310465e-01
-1.537987027207266877e+00
1.090703554233712014e+00
1.148797414654473048e+00
5.725412281587914931e-01
-7.271606993769119676e-01
-1.802996852075053891e+00
-5.131354413051185670e-01
-1.805359601410393200e+00
-2.923817283927501176e-01
3.561763385627431333e+00
9.712403048541552453e-01
8.632712640026650730e-01
3.056643150514895435e+00
7.639179848281252294e-02
5.045461791644926253e-01
2.552999552680443429e+00
1.088743414881131688e+00
4.909765095701480453e-01
-7.895003168070243715e-01
-1.169085534953715921e+00
-8.998411298297045446e-01
-1.925581445660091928e+00
1.345101374019627816e+00
2.368650908193016491e+00
-9.273436979916440670e-01
8.263371795399488962e-01
9.107811979670216163e-02
-3.366391699706228202e+00
-9.133665887368781489e-01
-3.096634518069518727e-01
-1.770172613404732864e+00
-1.137838185489721710e+00
-1.800497482085595014e+00
-1.474656080882405629e+00
-1.411658095886812792e+00
-6.145713066239683053e-01
2.980520608922248016e+00
1.528013740478050275e+00
1.362483427680899473e-01
2.303437001394542882e+00
-1.025590543388651854e+00
-2.073028134155590507e+00
1.463247804055715307e+00
4.324649078266054048e-01
3.973166424090643911e-01
1.650977958533657475e+00
6.095264530122147528e-01
6.960002354247681877e-01
3.930738773190370905e-01
1.893164388122184238e+00
3.277838175601820225e+00
2.268463148373994764e-01
6.368160209044286812e-01
5.056724774252291388e-01
-3.899659514549154604e+00
-1.941548165363463641e+00
2.273388003909802557e-01
-1.660238897639207067e+00
1.506424780324260304e-01
5.557917284342333009e-01
-1.098789517032723317e+00
-1.000000000000000000e+00
-1.098789517032655816e+00
5.557917284340875286e-01
1.506424780325743562e-01
-1.660238897639133349e+00
2.273388003909133648e-01
-1.941548165363245815e+00
-3.899659514549281170e+00
5.056724774250418442e-01
6.368160209044857467e-01
2.268463148371571148e-01
3.277838175601792692e+00
1.893164388122336117e+00
3.930738773189596524e-01
6.960002354248834289e-01
6.095264530121946578e-01
1.650977958533574430e+00
3.973166424092227089e-01
4.324649078265412339e-01
1.463247804055730850e+00
-2.073028134155436852e+00
-1.025590543388930520e+00
2.303437001394503358e+00
1.362483427681071557e-01
1.528013740477866866e+00
2.980520608922434977e+00
-6.145713066238522870e-01
-1.411658095886823006e+00
-1.474656080882202014e+00
-1.800497482085678502e+00
-1.137838185489738807e+00
-1.770172613404650708e+00
-3.096634518071538222e-01
-9.133665887369881720e-01
-3.366391699706240193e+00
9.107811979680657810e-02
8.263371795400105135e-01
-9.273436979916906964e-01
2.368650908193012494e+00
1.345101374019616269e+00
-1.925581445660059732e+00
-8.998411298295911909e-01
-1.169085534953586247e+00
-7.895003168072662891e-01
4.909765095702731674e-01
1.088743414881144345e+00
2.552999552680429662e+00
5.045461791643781613e-01
7.639179848279664675e-02
3.056643150514846585e+00
8.632712640027364603e-01
9.712403048542794792e-01
3.561763385627518375e+00
-2.923817283927475641e-01
-1.805359601410519543e+00
-5.131354413050047691e-01
-1.802996852075194001e+00
-7.271606993769001992e-01
5.725412281587672902e-01
1.148797414654402438e+00
1.090703554233512174e+00
-1.537987027207249335e+00
-5.152797601900351854e-01
6.252745800543546562e-02
-2.681877067931757175e+00
1.118692893358003149e-03
4.537533830133951840e-01
-3.462146853984157779e+00
-1.874399773641042044e+00
-1.214250721041766790e+00
-2.109987960509882576e+00
5.549277805010683906e-01
1.788488861009925657e+00
2.158841995612474030e+00
1.181853131263078893e+00
-4.599530804094292824e-01
1.040912983929308311e+00
-4.076309650278828745e-01
-1.014169837676292651e+00
2.749553572146207436e+00
6.211833756864446610e-01
-1.143148280294157049e+00
1.637320428817720330e+00
1.277486528018093592e-01
1.458651304292029605e-01
2.836692099489642516e+00
2.409738651454664371e+00
1.758894129147269059e+00
-1.087373683854227502e-01
-1.161790527081357105e+00
-8.736053114287455346e-01
-3.072113217164231802e+00
-1.046426575740240894e+00
1.247455085167159083e+00
-2.127537408852704370e+00
-9.414353546620234381e-01
4.824395370447425169e-01
-2.320462182253157923e+00
-3.567503713088181483e-01
1.363249570646678954e+00
-1.720845688168992638e-14
-2.893105343964339493e-01
-1.650225678909906568e+00
-1.691278509277269970e+00
-1.865718843413473493e+00
-2.197511891838685560e+00
1.831036561154573583e+00
1.898405494794489501e+00
-1.414416718512138127e-01
2.795446267906193771e+00
1.304349265094107979e+00
-7.746733510698329273e-01
2.411268403870324928e+00
1.949325499204091150e+00
5.916541443890169782e-01
7.491626206074968319e-01
-6.065687210366421667e-01
-6.649483315246869086e-01
-1.251244805627134138e+00
6.426961773112893628e-02
3.045955773732162974e+00
6.893582673270098882e-01
4.901643431798460293e-01
1.937603076129259527e+00
-2.272908053843786469e+00
-2.121320343559705002e+00
4.302423646794061307e-01
-1.719519211528883762e+00
-1.467141069338285142e+00
-9.934256280249749160e-01
-2.211692735268224741e+00
-1.868283929600538684e+00
-1.691367171692512050e+00
8.956671517755270262e-01
1.999703093609014770e+00
-2.727228137569407407e-01
1.494046374847850522e+00
4.218519768406866488e-01
-3.220780670915846855e+00
-9.286241744991496905e-02
7.918262876125735650e-01
-7.973075446513987474e-01
1.567792037036492392e+00
1.314844886635372134e+00
2.040944767347875333e-01
7.694038893285135572e-01
1.216320718838794779e+00
3.138753175209932689e+00
2.006863068638534475e+00
7.647006552599852069e-01
2.038841768587655423e+00
-1.780376241767664292e+00
-2.999803458102766385e+00
6.202905953277063622e-01
-9.433841710568025007e-01
-7.009894623181499584e-01
1.791630539106589204e+00
-3.446618445837171807e-01
-1.107004730772662482e+00
-6.955735169459884570e-01
-4.862933126559796371e-01
3.459157587349784846e-01
-1.219534694216356741e+00
-6.484794879397171030e-01
-7.489097857454952711e-01
-4.393424647689041507e+00
-1.916566068695011893e+00
5.274587937110770675e-01
-1.251929650254853588e+00
1.815533873445350554e+00
2.828303014758904332e+00
-6.145924355744425416e-02
4.478823818617307939e-01
5.013451303635541034e-01
5.823081446361346725e-01
9.736962287824805218e-01
3.179032757074115034e-01
1.616768139696720619e+00
-2.661527241698795621e-01
-1.960381062574532596e+00
1.827631993748218164e+00
1.262638571590974479e+00
5.809080059758073844e-01
4.023675558514515416e+00
1.602822402398993873e+00
-1.067699168438527968e+00
-2.573228748292433199e-01
-1.508972784060934380e+00
-1.429864484897129362e+00
-1.016516347757534522e+00
-7.595195151871559913e-01
-9.114633815839312536e-02
-2.654823557817870938e+00
-1.745882810267444407e+00
8.940446316116763548e-01
-1.351121625140936588e+00
5.632252892218974072e-01
2.502601299214235464e+00
-1.635012853412376899e+00
-1.808703998274701075e+00
-9.999999999999582556e-01
-2.313968667233911258e+00
-6.853986566288603477e-01
5.344554614160548223e-01
1.523454553462283423e+00
1.369642252476213740e+00
-3.601994032666319123e-01
1.924829117366522846e+00
1.881021508287717969e+00
8.117100345837080511e-02
3.458435654986352858e+00
2.121549146690553833e+00
-1.595800287157110642e+00
1.048569108875548883e-01
-7.851942016743604924e-01
-1.610527796255701638e+00
8.832609932957963261e-01
1.459684398563732888e+00
1.693433694272276968e+00
2.949169197966453604e-01
-7.225010311469312052e-01
5.732436250868306882e-01
-1.748425620076960341e+00
-1.426117054351682789e+00
1.357563387050130910e+00
-2.273413827735577541e+00
-3.036793893399157174e+00
-8.446457092427323010e-01
-2.907793196168800165e+00
-1.521954472694189819e+00
1.334565980362188542e+00
1.227193340074866690e+00
1.297125739939612110e+00
-7.874658258044742176e-02
-1.178564303874939379e-01
-7.916089396690639823e-02
-1.931443579180996739e+00
1.034751506926713471e+00
1.893220704739172700e+00
-1.394298025171709865e+00
9.181883095126266436e-01
1.276074488419016051e+00
-8.895864861753314257e-01
2.227153018324535161e+00
3.294972939254604771e+00
2.083234852951431737e+00
1.704557242018133634e+00
-5.440120425366790080e-02
-4.335115980265862312e-01
-1.757489483118864548e+00
-1.999999999999967137e+00
1.349145708648169073e+00
-3.696546997891453912e-01
-1.628537488067316907e+00
1.185904367885769251e+00
-1.358086350150906618e+00
-1.963138115088656210e+00
1.410684243646738389e+00
2.045272160189671729e-01
-5.795170063283057171e-01
-6.980933026850828504e-01
-2.211752364678333027e+00
-2.326198135567758563e+00
-2.965722488528156120e+00
-6.874377413528129921e-01
1.824547883694990436e+00
-3.583046047496512010e-01
1.301277328903441610e+00
2.382166713125668078e+00
-1.275579033196295731e+00
7.918405822651852777e-01
2.654747924318826779e+00
3.479574971335751554e-01
1.076510457109595364e+00
6.530695687866721055e-01
-8.042697094396897839e-01
-7.183269693295357694e-01
-4.974507022638308129e-01
2.293332065250307306e+00
2.375877186161048371e+00
6.754379507751842038e-01
2.770384256123529898e+00
2.026356541937668343e-01
-2.678362980398820703e+00
5.212087279642906301e-01
-4.948155209711868063e-01
-2.021301319998924928e+00
-1.286298803573133753e-01
-1.571138083775329042e+00
-2.462985188062923658e+00
-1.808825046317697582e+00
-7.856380256007232665e-01
1.383752818645769045e+00
1.991963821049837768e-01
3.291432091050439102e-01
1.331181354350580381e+00
-2.827914202394692822e+00
-2.344399219959339309e+00
6.651469032670007664e-01
-1.503736299048138214e+00
-1.550426453889031109e-13
1.987199239559262587e+00
-1.489948582544409206e-01
2.350705687812314482e-01
1.059882820809056714e+00
1.978080870140209280e+00
2.780379827039066498e+00
1.370930608371262016e+00
2.303862611109028347e+00
7.019888766275571568e-01
-2.930260167157808571e+00
-6.416601940698646311e-02
4.148414079380843278e-01
-1.366931504123893415e+00
2.008463692689619329e+00
1.533826742312354829e+00
-1.014584671786047831e+00
-4.417376184008914297e-02
-3.295201303713652941e-01
-1.195896872358068602e-01
-2.441136998467055008e-01
-9.061176890136865003e-01
-1.851025049719844384e-01
-3.209615396953922950e+00
-3.865962051463204485e+00
-2.471537007772572903e-01
-1.613833785810313337e+00
-5.473489586759077152e-01
3.049827504927320909e+00
3.273287825638688808e-01
-5.939874138113322433e-01
6.557094445253204285e-01
-4.171138198767361249e-01
2.238734097156540592e-01
4.670614120120392121e-01
8.878236606799724262e-01
8.320166652318345957e-01
-1.776332940397462368e+00
2.738374617922611498e-01
2.035850252721449483e+00
8.467759572223576559e-02
3.328122829123930426e+00
3.972467938275968002e+00
-1.933016816477729494e-01
3.771176687302059127e-01
-4.705677914003125739e-02
-1.757093952074747278e+00
-5.374920849549211788e-01
-2.999159037121390536e-01
1.046265773490931555e-01
-1.038841768587468017e+00
-2.319816941367428775e+00
2.917631259637775698e-01
-6.108848838095544131e-01
-1.087655744512496359e+00
2.581276701155189812e+00
-6.130924424825812125e-02
-2.665645324799397198e+00
-8.343825941588079997e-01
-2.625423733290660255e+00
-2.650474651183280628e+00
-1.049716126945257066e-01
4.174938862764071557e-01
1.034254175443005463e+00
-1.362663761330162870e-02
3.937210676847948676e-01
1.918670050084440692e+00
-1.087068866858895144e-01
1.828575412828955526e+00
3.653776365026809358e+00
-6.125742147772906820e-01
-3.226153029461427124e-01
6.229180976165106243e-01
-1.982756721898295549e+00
7.618524307229845860e-02
2.121320343559657484e+00
1.766480446091921008e+00
1.764672857298102748e+00
3.540586285419397017e-01
6.266826636443147969e-01
-2.216888236864499317e-01
-1.849762053157444130e+00
1.114036564490508807e+00
-1.220119335649470504e-01
-3.311804422656641655e+00
-8.701608745355325913e-01
-2.072073881623238023e+00
-3.405431651488004530e+00
3.920183807690521549e-01
9.725073812139715113e-01
5.542990984766213991e-01
6.272850100359353975e-01
-5.919677710264716897e-01
-5.476050566301839950e-01
-1.973821793641437505e+00
-1.153168698644989165e+00
1.737053869086818025e+00
-8.365897821227122888e-01
-6.484005156925045643e-01
1.844426820503956455e+00
-1.000000000000061728e+00
3.125000937720063821e-01
3.656469733123853150e+00
2.237663671880199434e+00
2.218038586086774622e+00
1.689481596120234741e+00
-4.121079898371049488e-02
-7.094915589356073360e-01
-1.819036631762905865e+00
4.395639049857837932e-01
1.275221028362563347e+00
-1.219975484375263708e+00
1.054434600809544431e+00
6.659182991898469073e-01
-2.492845530940918319e+00
6.689088875194105777e-01
1.303639526253725478e+00
-8.790808562284211369e-01
3.172304131367686963e-02
-1.328095037676260137e+00
-2.855498976634130770e+00
-3.015423111152257363e+00
-2.483540049113010628e+00
4.536347933402118393e-01
-9.387342755081462542e-03
-2.665894475959851295e-01
2.366205644492799465e+00
-5.659947383551905409e-01
-1.337233631868148587e+00
2.311570971086897686e+00
5.264696666082319121e-01
7.120183668647499242e-02
1.623011898036660128e+00
-5.173549426902407378e-01
-1.041991113626042686e+00
-4.672462667675643111e-01
9.307362500713536324e-01
2.813376830179260324e+00
1.530302837149173367e+00
2.618669394371523129e+00
2.599076128111569517e+00
-1.759639953123292022e+00
-2.215802814501214579e-01
1.102112901273083700e+00
-1.871427606575772451e+00
-1.138238036941671139e-01
1.822514913797425029e-01
-2.445290139602567692e+00
-1.777755673960520699e+00
-1.149735546138940911e+00
1.367287359972397254e-01
7.610618157671815709e-01
-5.614004512098857980e-02
1.305397579378963835e+00
-1.248539903747560631e+00
-3.789567021707893613e+00
-4.599203154088579160e-01
-1.334525182664368481e+00
-2.095688791980158339e+00
1.604308151971823637e+00
2.759708369913499437e-01
-1.003665332647129871e+00
7.982874627394316303e-01
9.511166674615025851e-01
1.980158342133150118e+00
2.014265197430042509e+00
1.961921978445823278e+00
2.132045170572385295e+00
-1.586405896658544368e+00
-1.295128562515406312e+00
1.184901265861469266e+00
-1.148623329162263840e+00
9.297496357088416152e-01
3.335225852502242017e+00
-2.466511109651225997e-02
9.716292825262207167e-02
8.557105841348588982e-01
-3.681130906350846832e-01
2.563986976408947349e-01
-1.072029082359439722e-01
-5.337842847218288167e-02
-1.414862110934130612e+00
-4.111757360891648894e+00
-1.619847388732186255e+00
-1.174816923396569734e+00
-2.354913442740290463e+00
1.922881085108569810e+00
1.537897104282704541e+00
-1.460186957293716059e+00
3.282122142484341643e-01
-4.469413216648265852e-01
-1.333373502995171656e+00
1.793867927313550492e-01
2.618222525778546306e-01
6.097133411970574457e-01
-9.524873031912526322e-01
-1.230222712264767981e+00
1.532296214288143554e+00
2.473745693819650593e-01
1.507133291502865902e+00
