5.000000000000000000e+00
1.441327357519175845e+00
1.666676874955672183e+00
1.926943370937350242e+00
-7.822377147403021258e-01
-5.118110830159388058e-01
-8.095655698127313116e-01
6.015979170148283428e-01
-1.007708254612178500e+00
9.108974140084469262e-01
2.020037442038353781e+00
-1.381549989057108796e+00
1.504523649031124455e+00
1.151433273740594121e-01
-1.063136242753757177e+00
5.584793563573152708e-01
4.105334223347464340e-01
9.966286202330639776e-01
-2.036204223343766051e-01
1.895699061034613386e+00
-5.659178370955024739e-01
-2.462994550441647057e+00
-2.394772096210031620e-01
-3.993593200636055940e+00
-2.923786673973398198e+00
-1.511376490626034963e+00
-1.651418771056428980e+00
-4.297858916283595621e-01
1.187488752692894556e-01
1.877287843086251851e+00
-1.071527755798395320e+00
2.455948047925125277e-01
4.051402461758994988e-01
-3.110409226106870761e+00
-1.460340193112837914e-01
-1.012701953489677509e+00
-1.296800561647571959e+00
-3.130749192472737086e-01
-1.796206802539462855e-01
-2.753349963870757033e-01
-2.289163566884686141e+00
4.410420021368056664e-01
-1.509208068006158365e+00
-1.650216704096523879e+00
2.194847684444656721e+00
2.908494367531059277e-01
2.140678482329178234e+00
2.898419839575764989e+00
2.310765684206474990e+00
1.142975680018577744e+00
1.367287359973202721e-01
1.110751666668533755e+00
-2.494500003110245778e+00
-1.990229688698330335e-01
9.060564814387490618e-01
-1.119135759718059120e+00
2.289061871087856304e+00
1.683919864757789320e+00
1.456189137433110847e+00
1.124235504278779052e+00
1.504187591005605729e+00
1.197304505835229849e+00
-7.320571150602661614e-01
2.821812690629803555e+00
7.560880667766092245e-01
4.004031281454989433e-01
2.715714593874044347e+00
-4.424266185325119727e-01
-4.444635612182151752e-01
-1.271096056180179623e+00
-1.396695929619350629e+00
-2.490767279079905361e+00
-1.775276186108194043e+00
1.134281282850676753e+00
-1.390635467402346226e+00
1.680803009968994566e+00
2.118556772013993061e+00
-6.734443143962857148e-01
7.525414232999529940e-01
-9.409961700634733583e-01
-1.521329555155048974e+00
-2.614545565067721178e+00
-1.124569406489317247e+00
-1.108000193888333929e+00
-2.824514514311530888e+00
8.866865317426573245e-01
-1.695847079479130493e+00
-2.137649683370475007e+00
-2.352909237477683324e-01
-2.147591799609206653e+00
-1.094027058557994536e+00
-6.345062710986113519e-01
1.342023754012944936e+00
3.043560264890747824e-01
1.019657950991886164e+00
2.820532420348111913e+00
-1.498750197336376155e+00
1.008244363681469746e-01
-6.189203067437651917e-01
-2.833035096286694809e+00
-9.999999999999885647e-01
-7.796426961722501270e-01
5.883395481737954125e-01
5.850054711074242908e-02
2.687260439794303402e+00
2.252990984899631677e+00
-2.091567812312000729e-02
3.170579336506514689e+00
3.091589395129226148e-01
2.473554184787328802e-01
1.977310151721523690e+00
9.793568625419160067e-01
1.481393871309331534e+00
9.005523303454850970e-01
2.221680055949615262e+00
-7.691387344399247539e-01
-7.132008672092635670e-01
8.817495368281040857e-01
-2.599471896898068124e+00
4.514428048214816913e-01
1.200266344331761381e+00
8.161225520130621636e-01
2.315864068343221671e+00
2.248747529158963143e+00
2.278607477925396640e+00
-7.071067811865439090e-01
7.960082581268890234e-01
-9.569437577692585517e-01
-3.335303557153618925e+00
1.284667182435260679e-01
-1.955639161989595198e+00
-1.313525288179784312e+00
-4.479582404230846721e-02
-5.721623933864233846e-01
-9.112851080349739785e-01
-1.833087998674344909e+00
2.812379824506969772e-01
-2.393317254549766293e+00
-9.311571480231064513e-01
1.487420551141129810e+00
-1.344822700510580837e+00
1.106491530590818950e+00
4.827753284789605415e-01
-9.696775266293108375e-01
-1.757801773685404356e+00
-2.197230685228676261e+00
-1.880752286852762634e+00
-4.098759686915965261e+00
-2.885599073666173520e-01
-3.629003561210454865e-01
-1.038841768587646541e+00
2.794858112632348401e+00
8.219020430665739951e-01
9.074823567945700109e-01
8.288574484988836533e-01
6.171901181716042961e-01
-1.896144036470912564e-01
-7.556678296841214948e-01
2.201580206068647794e+00
-6.566977454803555325e-01
7.639439991187261247e-01
2.190228110203113587e+00
-1.125773953734664490e+00
4.359322703812917865e-01
-1.532770930243585461e-01
-1.137639723502872346e-01
-1.477672459701644403e-01
1.590766372750325397e+00
3.138544665571716852e+00
9.548277350823334286e-01
4.328008052202386047e+00
2.408404787133708869e+00
1.710465061577765011e-02
1.599403201518429407e+00
-1.081264864626415134e+00
-1.167059861596013270e+00
-1.247522788319769482e+00
2.228485324827298442e-01
-2.919220592920094282e-01
-4.510554049995296744e-01
2.551971392400953054e+00
-1.055201881244617113e+00
3.457568924960230383e-02
9.436380250253089130e-01
-1.593119733051088671e+00
9.843113200342790137e-02
8.338930917949172184e-02
7.747692939298327364e-01
-5.955435617739834875e-01
3.656070174728145994e-01
1.429932164786645865e-01
-3.717381450810028021e+00
-1.044467118410415285e+00
-2.935033771345226139e+00
-3.789764805802725345e+00
-9.237159579817941779e-01
-1.148118738396469940e+00
1.472140079212641561e-01
1.415268487867258340e-01
1.987836702170131087e+00
-2.198241588757809950e-14
-1.136757030427902215e+00
1.144696417645870712e+00
-2.727690746966088930e+00
-1.180881853964064643e+00
1.670291953641727528e-02
-1.341482026727085053e+00
-2.421436723123493451e-02
-1.518673921325206511e-01
5.683131736464694939e-01
-1.736146062386738631e+00
-9.957375592192785341e-03
5.660754863611561216e-01
-1.771615956306580753e+00
2.523022891824520109e+00
1.821696846217172538e+00
1.703088901453586823e+00
3.248855178848101044e+00
2.118301605901757867e+00
1.365878255501032257e+00
-7.053103243845423309e-01
8.591081486952383273e-01
-1.537403567186051090e+00
-1.585136405091115863e+00
1.931357187797937858e+00
-6.099438529335963199e-01
1.630569109031763331e+00
2.489979943040413701e+00
1.289018360276399378e+00
1.219371418006973906e+00
7.215525533957745097e-01
1.621904597204639753e+00
-1.072770798551903493e+00
1.360449631765067169e+00
1.714704055983936382e+00
-1.047021893343615950e+00
1.851153546690724294e+00
-3.520978894636250800e-01
-1.585119024865666582e+00
-1.587328602721290949e+00
-1.925690081533077302e+00
-1.841436129277299605e+00
-2.516668043940970101e+00
1.305841390856906870e+00
-2.740323694096994389e-01
1.811865134193988980e-01
2.766657668332051845e+00
-8.850702459750916518e-01
-3.285931362467338079e-01
-1.000571448925053453e+00
-1.999999999999985789e+00
-2.559228036388196958e+00
-2.093458603373883342e+00
-1.721596638240363575e-01
-2.789195273837703937e+00
9.473213703393751350e-02
3.027927778156511152e-02
-2.610652694095110693e+00
1.258034109157255553e-01
-1.125956708680057705e+00
-7.854214733735765952e-01
-6.180502016462759152e-02
1.436685386390871733e+00
1.591992509537036193e+00
1.638805670385931057e-01
2.986344211476279042e+00
-5.760669728906184783e-01
-1.313051005030362983e+00
2.944811506476291418e-01
-2.521383122022510026e+00
-9.046418287411892578e-01
-7.920454647275410043e-02
1.284417120115842526e+00
1.075227783015802352e+00
2.113698175510378974e+00
3.687627390108820791e+00
-4.702744836936767481e-02
2.283291700238698319e+00
1.577061840984005148e+00
-6.658681456044633906e-01
1.790918063511724778e+00
9.513211513109447459e-01
1.214895894859445269e+00
4.121787079512183594e-01
1.409776917864911550e+00
4.477713997001586677e-02
-2.133025797136852475e+00
1.014279906708176027e+00
-1.729391283992271600e+00
-7.279831961222779091e-01
1.985327652499645712e+00
7.168783356629467862e-01
1.986216116285891786e+00
1.592421073902867690e+00
1.848678081710451337e+00
-1.003618492034379805e+00
-1.183597364785281547e+00
-3.940697723274132480e-01
-4.159856892741152556e+00
-1.027555050637488199e+00
-9.999999999999992228e-01
-2.067012413117577552e+00
1.232725700277792491e-02
-5.892313512396929465e-01
-4.957356002721715615e-01
-2.035844847078181807e+00
-4.817280214106685332e-02
-9.691013947371605042e-01
-2.075398190876786231e+00
1.917487228027793922e+00
-6.207585970690588928e-01
-4.374927177080684126e-02
9.024717740583394487e-01
-1.232561495496337978e+00
-1.662548935868155109e+00
-2.602964965758433280e+00
-1.165806836559105442e+00
-3.092675865801714608e+00
-8.815330322191896606e-01
1.737460578559426594e+00
-6.737769932546000540e-01
2.774473411365785847e+00
2.212626200473999827e+00
7.105524122475475046e-01
1.119226238439961385e+00
4.405173335906547027e-01
5.544627655606885197e-01
-1.141249699968694076e+00
1.855673314388044837e+00
7.614776053337384276e-01
-4.842256777968864112e-01
2.690988854971488209e+00
-4.484174186694193098e-01
-1.862705906232312580e-01
4.950198512344614055e-01
8.228501695119255777e-02
5.711238916692275014e-01
1.044503956910058040e+00
3.795028652451025053e+00
1.243388204780365269e+00
2.631159577981478037e+00
3.166670264008368818e+00
-1.112961052858995714e+00
4.194448283457520299e-01
-1.046615584499439588e+00
-1.929464448774028451e+00
-1.450043299309589973e+00
-4.578022048791358101e-01
5.272805858548319513e-01
-1.195699128379982046e+00
2.038841768587523529e+00
8.005306516932796101e-02
-1.499877351240174406e+00
1.142531582187660710e+00
-1.483857814248552121e+00
-7.128900121803192214e-01
-9.295669950038276674e-02
2.747833717952913313e-01
-4.660464337971034210e-01
-1.163773924634493806e+00
4.322468878396479308e-01
-3.687986069251220744e+00
-2.446051497565040478e+00
-1.542141843979874416e+00
-3.903281426825928158e+00
-7.128152116270957128e-01
-2.206653306144954474e-01
6.322640305474895861e-01
6.191983828357505715e-01
1.566645327070550486e+00
1.258748201203029105e+00
-1.921857972788387103e+00
8.494525267376386024e-01
-1.434861229958788176e+00
-2.257440254054447593e+00
7.071067811865643371e-01
-8.171754819977538054e-01
1.430574585691406497e-01
1.699869620727196828e-01
9.772687025317657872e-01
-5.033753835452843273e-01
-7.045628437122738452e-01
2.025069338104577454e+00
-9.418511739892749812e-01
1.845151305858783619e+00
3.315041944741238034e+00
1.400363388425544642e+00
3.034906768184251646e+00
1.895814774278918868e+00
1.221208655568057022e+00
-1.064734339050601442e+00
-1.900730244350615217e-01
-3.258878341946608304e-01
-2.475685181672512503e+00
1.871674151308880152e+00
6.571297125093269464e-01
6.773496613071103845e-01
2.897727557617527427e+00
1.200097710432733944e+00
1.062489987124140889e+00
2.797762022055394482e-14
1.233876112034335559e+00
-7.302623221777112539e-01
-5.505045882835016835e-01
2.119936048147101459e+00
-1.508258089745854180e+00
2.165720371549270107e-01
3.186697484946693359e-02
-2.430642907222638538e+00
-1.875466247429452338e+00
-2.301076518542098270e+00
-1.286024515374320165e+00
-2.433963774968670002e+00
6.572134560791598190e-01
1.278000280834262314e+00
-8.552075763435754707e-01
2.477261909047114852e+00
-2.964955882386231534e-01
-1.565557840413042134e+00
-1.031271024986078366e+00
-2.322452819250374834e+00
-2.228886222404093953e+00
-2.625319388303796408e+00
2.152908128466733961e-01
-1.591754672948337390e+00
-9.542604819636062441e-01
1.518932017282101032e+00
-2.067682227580935450e+00
-1.454279550738383220e-01
1.673492727136912661e-01
-4.814984695271070647e-01
5.888373588652909829e-01
1.291420904187749130e+00
2.591464459308972845e+00
4.321197573614499188e-02
2.104130705609549068e+00
8.230715599120481674e-01
-2.364020489063086039e+00
4.251289027758594630e-01
-1.519162251537294672e+00
-1.026422210415330660e+00
6.756587185035320964e-01
1.663676171854056252e+00
2.220215301324468982e+00
1.548875736855947594e+00
4.078696564778033995e+00
7.377978572298669047e-01
6.410403121883355704e-01
2.340645897320723368e+00
-1.031575955721120152e+00
8.632712640026940498e-01
1.021336401046684550e+00
7.043947908887854270e-01
2.233406797178059122e-01
2.238007364200484961e-01
6.960661357448280073e-01
-2.702043739427926194e+00
8.200999742480552523e-02
-3.251406561473469403e-01
-1.726233511446123803e+00
2.039981976771860772e+00
1.013275568101452695e+00
1.342936477885105173e+00
1.070410968845576072e+00
9.068034669599538411e-01
-8.537720326974460594e-01
-2.966831800007208475e+00
-5.506246606923973497e-01
-3.738337746937125061e+00
-2.562794211604738415e+00
-1.407998332859128343e-02
-2.070527846177015796e+00
-1.584071490674981986e-01
-2.683694035190909988e-01
-2.329109683721778956e-01
-1.566307046549206161e+00
-8.204806105688388085e-01
4.283854745798847397e-01
-2.333958270771294252e+00
1.322827678907342763e+00
7.490071124409607428e-01
-9.962205362167124711e-01
9.819100702386758250e-01
-1.044027246967649702e+00
-1.549170505428185241e+00
-2.497801674489887880e+00
-9.518978709756245049e-01
-1.355037947447424340e+00
-1.356090010556287195e+00
3.030683611943014277e+00
6.910741128682226231e-01
2.056495423948869750e+00
3.398572887637310469e+00
7.032133862234718480e-01
1.053318661440898918e+00
2.358924325626279295e-01
8.047753202459538846e-01
-8.697134611381212022e-01
7.553748646649096621e-01
2.118472127794110538e+00
-1.000000000000000000e+00
2.118472127794094106e+00
7.553748646648998921e-01
-8.697134611381340807e-01
8.047753202459058119e-01
2.358924325626035046e-01
1.053318661440878490e+00
7.032133862234350996e-01
3.398572887637318019e+00
2.056495423948894619e+00
6.910741128682525991e-01
3.030683611943062683e+00
-1.356090010556224135e+00
-1.355037947447385260e+00
-9.518978709756100720e-01
-2.497801674489865231e+00
-1.549170505428210109e+00
-1.044027246967688782e+00
9.819100702386573953e-01
-9.962205362167524392e-01
7.490071124409309888e-01
1.322827678907336546e+00
-2.333958270771293364e+00
4.283854745798787444e-01
-8.204806105688223772e-01
-1.566307046549175963e+00
-2.329109683721732327e-01
-2.683694035190538063e-01
-1.584071490674574534e-01
-2.070527846177002473e+00
-1.407998332857135493e-02
-2.562794211604826788e+00
-3.738337746936982953e+00
-5.506246606923541620e-01
-2.966831800007398989e+00
-8.537720326973132767e-01
9.068034669598783459e-01
1.070410968845580957e+00
1.342936477885011026e+00
1.013275568101676516e+00
2.039981976771921612e+00
-1.726233511446338076e+00
-3.251406561471287815e-01
8.200999742463610520e-02
-2.702043739427848923e+00
6.960661357448658659e-01
2.238007364200464977e-01
2.233406797178172920e-01
7.043947908887486786e-01
1.021336401046817555e+00
8.632712640025829165e-01
-1.031575955721121929e+00
2.340645897320900115e+00
6.410403121880308142e-01
7.377978572301429061e-01
4.078696564777925637e+00
1.548875736855873209e+00
2.220215301324509838e+00
1.663676171854088448e+00
6.756587185034039766e-01
-1.026422210415353753e+00
-1.519162251537117925e+00
4.251289027758143879e-01
-2.364020489063140662e+00
8.230715599118170189e-01
2.104130705609517094e+00
4.321197573598634101e-02
2.591464459308890689e+00
1.291420904187903229e+00
5.888373588652198176e-01
-4.814984695268695880e-01
1.673492727135369451e-01
-1.454279550737178628e-01
-2.067682227580948773e+00
1.518932017282108360e+00
-9.542604819635693847e-01
-1.591754672948287874e+00
2.152908128466727300e-01
-2.625319388303794188e+00
-2.228886222404178774e+00
-2.322452819250285572e+00
-1.031271024986147422e+00
-1.565557840412942214e+00
-2.964955882390965525e-01
2.477261909047266286e+00
-8.552075763433921729e-01
1.278000280834053370e+00
6.572134560793327918e-01
-2.433963774968445737e+00
-1.286024515374468269e+00
-2.301076518542064964e+00
-1.875466247429501188e+00
-2.430642907222607008e+00
3.186697484915140821e-02
2.165720371549052503e-01
-1.508258089745893926e+00
2.119936048147065932e+00
-5.505045882835203352e-01
-7.302623221777349016e-01
1.233876112034302253e+00
3.297362383136714925e-14
1.062489987124138446e+00
1.200097710432731724e+00
2.897727557617569616e+00
6.773496613072563788e-01
6.571297125092635527e-01
1.871674151308964529e+00
-2.475685181672488522e+00
-3.258878341946727097e-01
-1.900730244350866127e-01
-1.064734339050626311e+00
1.221208655568096990e+00
1.895814774278873127e+00
3.034906768184171266e+00
1.400363388425513556e+00
3.315041944741392133e+00
1.845151305858803825e+00
-9.418511739892453383e-01
2.025069338104666272e+00
-7.045628437123616639e-01
-5.033753835452543512e-01
9.772687025317068343e-01
1.699869620728644559e-01
1.430574585691543055e-01
-8.171754819978742646e-01
7.071067811866484920e-01
-2.257440254054539519e+00
-1.434861229958860784e+00
8.494525267375758748e-01
-1.921857972788377111e+00
1.258748201202978478e+00
1.566645327070661509e+00
6.191983828357746633e-01
6.322640305474893641e-01
-2.206653306144725768e-01
-7.128152116270043415e-01
-3.903281426825863765e+00
-1.542141843979858429e+00
-2.446051497565165711e+00
-3.687986069251130594e+00
4.322468878396006353e-01
-1.163773924634460721e+00
-4.660464337971933491e-01
2.747833717953854782e-01
-9.295669950040785778e-02
-7.128900121803227741e-01
-1.483857814248564999e+00
1.142531582187688688e+00
-1.499877351240135548e+00
8.005306516936644412e-02
2.038841768587513759e+00
-1.195699128380007359e+00
5.272805858549535207e-01
-4.578022048791872134e-01
-1.450043299309757394e+00
-1.929464448773854368e+00
-1.046615584499511087e+00
4.194448283455488591e-01
-1.112961052858892463e+00
3.166670264008618396e+00
2.631159577981372788e+00
1.243388204780566442e+00
3.795028652450892714e+00
1.044503956910065590e+00
5.711238916694008072e-01
8.228501695097178992e-02
4.950198512345110879e-01
-1.862705906231807429e-01
-4.484174186693780095e-01
2.690988854971533506e+00
-4.842256777969620174e-01
7.614776053339141759e-01
1.855673314387865869e+00
-1.141249699968735154e+00
5.544627655607263783e-01
4.405173335905701038e-01
1.119226238440096388e+00
7.105524122473919624e-01
2.212626200474253402e+00
2.774473411365668607e+00
-6.737769932545536467e-01
1.737460578559617330e+00
-8.815330322194103729e-01
-3.092675865801615576e+00
-1.165806836559100113e+00
-2.602964965758461258e+00
-1.662548935868091382e+00
-1.232561495496404369e+00
9.024717740581311709e-01
-4.374927177056209260e-02
-6.207585970691630317e-01
1.917487228027831447e+00
-2.075398190876611260e+00
-9.691013947372273396e-01
-4.817280214092209412e-02
-2.035844847078231545e+00
-4.957356002721349242e-01
-5.892313512396569752e-01
1.232725700273629155e-02
-2.067012413117542913e+00
-1.000000000000159428e+00
-1.027555050637085188e+00
-4.159856892741294665e+00
-3.940697723277732933e-01
-1.183597364784991557e+00
-1.003618492034561216e+00
1.848678081710237731e+00
1.592421073902945405e+00
1.986216116285991706e+00
7.168783356628624093e-01
1.985327652499721207e+00
-7.279831961221249204e-01
-1.729391283992328443e+00
1.014279906708277501e+00
-2.133025797136699264e+00
4.477713996970500432e-02
1.409776917865045887e+00
4.121787079511092799e-01
1.214895894859432168e+00
9.513211513109097739e-01
1.790918063511675262e+00
-6.658681456045207891e-01
1.577061840984096408e+00
2.283291700238603728e+00
-4.702744836932326589e-02
3.687627390108801251e+00
2.113698175510474009e+00
1.075227783015730854e+00
1.284417120116032152e+00
-7.920454647271923942e-02
-9.046418287411721604e-01
-2.521383122022408774e+00
2.944811506475892848e-01
-1.313051005030466900e+00
-5.760669728905488673e-01
2.986344211476184896e+00
1.638805670385024005e-01
1.591992509537134115e+00
1.436685386390984753e+00
-6.180502016482963823e-02
-7.854214733734118381e-01
-1.125956708680097007e+00
1.258034109158845393e-01
-2.610652694095123127e+00
3.027927778145952931e-02
9.473213703404242958e-02
-2.789195273837692390e+00
-1.721596638241463806e-01
-2.093458603373910876e+00
-2.559228036388092598e+00
-1.999999999999985789e+00
-1.000571448925158258e+00
-3.285931362466686378e-01
-8.850702459751943474e-01
2.766657668332041631e+00
1.811865134194275417e-01
-2.740323694096828966e-01
1.305841390856955275e+00
-2.516668043940915034e+00
-1.841436129277277178e+00
-1.925690081533165676e+00
-1.587328602721195914e+00
-1.585119024865831783e+00
-3.520978894637353251e-01
1.851153546690677887e+00
-1.047021893343627497e+00
1.714704055983975683e+00
1.360449631764935274e+00
-1.072770798551859084e+00
1.621904597204693266e+00
7.215525533956900217e-01
1.219371418007047403e+00
1.289018360276377617e+00
2.489979943040558030e+00
1.630569109031663855e+00
-6.099438529334590964e-01
1.931357187798001140e+00
-1.585136405091259082e+00
-1.537403567185952280e+00
8.591081486952767410e-01
-7.053103243844357495e-01
1.365878255500987404e+00
2.118301605901612206e+00
3.248855178848249814e+00
1.703088901453440052e+00
1.821696846217188526e+00
2.523022891824523661e+00
-1.771615956306639594e+00
5.660754863611718868e-01
-9.957375592143213883e-03
-1.736146062386755951e+00
5.683131736464674955e-01
-1.518673921325159881e-01
-2.421436723118208789e-02
-1.341482026727087717e+00
1.670291953630067411e-02
-1.180881853964063311e+00
-2.727690746966012547e+00
1.144696417645923781e+00
-1.136757030428009685e+00
8.798517470154365583e-14
1.987836702170185488e+00
1.415268487866975233e-01
1.472140079212560515e-01
-1.148118738396430194e+00
-9.237159579818473576e-01
-3.789764805802832370e+00
-2.935033771344915721e+00
-1.044467118410636663e+00
-3.717381450810028021e+00
1.429932164788927373e-01
3.656070174724903588e-01
-5.955435617738984444e-01
7.747692939298995718e-01
8.338930917945630572e-02
9.843113200338704516e-02
-1.593119733051014730e+00
9.436380250252233148e-01
3.457568924967802104e-02
-1.055201881244650197e+00
2.551971392400945504e+00
-4.510554049992053227e-01
-2.919220592920112045e-01
2.228485324826235681e-01
-1.247522788319561649e+00
-1.167059861596073667e+00
-1.081264864626629851e+00
1.599403201518497353e+00
1.710465061568422485e-02
2.408404787133249680e+00
4.328008052202641842e+00
9.548277350823817233e-01
3.138544665571592951e+00
1.590766372750565649e+00
-1.477672459701580010e-01
-1.137639723502189004e-01
-1.532770930244511387e-01
4.359322703813602873e-01
-1.125773953734723332e+00
2.190228110202975476e+00
7.639439991188288204e-01
-6.566977454804613368e-01
2.201580206068563861e+00
-7.556678296840588782e-01
-1.896144036471421046e-01
6.171901181715431228e-01
8.288574484988902036e-01
9.074823567944696467e-01
8.219020430666060806e-01
2.794858112632443881e+00
-1.038841768587648762e+00
-3.629003561209013240e-01
-2.885599073666300640e-01
-4.098759686915855127e+00
-1.880752286852799049e+00
-2.197230685228550584e+00
-1.757801773685741198e+00
-9.696775266291451922e-01
4.827753284787288379e-01
1.106491530590785421e+00
-1.344822700510537983e+00
1.487420551141075631e+00
-9.311571480229354769e-01
-2.393317254549844453e+00
2.812379824506665571e-01
-1.833087998674256536e+00
-9.112851080349282373e-01
-5.721623933864153910e-01
-4.479582404216044672e-02
-1.313525288179840711e+00
-1.955639161989608077e+00
1.284667182435453858e-01
-3.335303557153665555e+00
-9.569437577692088137e-01
7.960082581266642032e-01
-7.071067811864466535e-01
2.278607477925332248e+00
2.248747529158885428e+00
2.315864068343422399e+00
8.161225520133358335e-01
1.200266344331629043e+00
4.514428048216507783e-01
-2.599471896898056578e+00
8.817495368280465762e-01
-7.132008672092564616e-01
-7.691387344399281956e-01
2.221680055949655674e+00
9.005523303453881745e-01
1.481393871309313548e+00
9.793568625419319940e-01
1.977310151721492160e+00
2.473554184786399546e-01
3.091589395130149853e-01
3.170579336506445856e+00
-2.091567812314709673e-02
2.252990984899853277e+00
2.687260439794210587e+00
5.850054711085989068e-02
5.883395481738276089e-01
-7.796426961722070503e-01
-9.999999999997968292e-01
-2.833035096286993682e+00
-6.189203067435100625e-01
1.008244363679667854e-01
-1.498750197336488288e+00
2.820532420348034641e+00
1.019657950991990525e+00
3.043560264889643152e-01
1.342023754013020209e+00
-6.345062710986313359e-01
-1.094027058558002086e+00
-2.147591799609222196e+00
-2.352909237476593640e-01
-2.137649683370492326e+00
-1.695847079479042563e+00
8.866865317426093629e-01
-2.824514514311603719e+00
-1.108000193888175389e+00
-1.124569406489490442e+00
-2.614545565067652788e+00
-1.521329555155126023e+00
-9.409961700634034143e-01
7.525414232999458886e-01
-6.734443143963775302e-01
2.118556772014315026e+00
1.680803009968647732e+00
-1.390635467402124625e+00
1.134281282850756689e+00
-1.775276186108541543e+00
-2.490767279080006169e+00
-1.396695929619104160e+00
-1.271096056180304856e+00
-4.444635612182210593e-01
-4.424266185323486589e-01
2.715714593873969740e+00
4.004031281453644953e-01
7.560880667768249408e-01
2.821812690629649456e+00
-7.320571150602569466e-01
1.197304505835067534e+00
1.504187591005882618e+00
1.124235504278713105e+00
1.456189137433253622e+00
1.683919864757640106e+00
2.289061871088089894e+00
-1.119135759717902356e+00
9.060564814384709509e-01
-1.990229688694454546e-01
-2.494500003110404318e+00
1.110751666668393423e+00
1.367287359973529126e-01
1.142975680018480045e+00
2.310765684206324000e+00
2.898419839575789858e+00
2.140678482329322119e+00
2.908494367530390923e-01
2.194847684444822811e+00
-1.650216704096399534e+00
-1.509208068006147041e+00
4.410420021367792431e-01
-2.289163566884522272e+00
-2.753349963871453143e-01
-1.796206802540643022e-01
-3.130749192474869269e-01
-1.296800561647343031e+00
-1.012701953489816287e+00
-1.460340193112101836e-01
-3.110409226106815250e+00
4.051402461756810069e-01
2.455948047927077327e-01
-1.071527755798559856e+00
1.877287843086346664e+00
1.187488752693506289e-01
-4.297858916283552322e-01
-1.651418771056333501e+00
-1.511376490626052504e+00
-2.923786673973396866e+00
-3.993593200636038176e+00
-2.394772096210378010e-01
-2.462994550441827801e+00
-5.659178370954545123e-01
1.895699061034465949e+00
-2.036204223342102937e-01
9.966286202329058819e-01
4.105334223346431832e-01
5.584793563575634057e-01
-1.063136242753978777e+00
1.151433273741955254e-01
1.504523649031319632e+00
-1.381549989057044403e+00
2.020037442038159270e+00
9.108974140087020555e-01
-1.007708254612343479e+00
6.015979170148753052e-01
-8.095655698127561806e-01
-5.118110830159520175e-01
-7.822377147403465347e-01
1.926943370937205025e+00
1.666676874955687282e+00
1.441327357519092800e+00
