5.000000000000000000e+00
9.031428835994916859e-01
9.015360726765964117e-01
8.433229579669455633e-01
-8.386772797031992743e-01
1.000884318143857810e+00
5.970953737431236030e-01
1.243842601030760164e-01
-2.011569264574940341e+00
7.952280030047513826e-01
5.714940590228314576e-01
8.266611364693846609e-01
3.506684522117452296e+00
-1.376668036546410789e+00
-4.886017397772974835e-01
-4.357574177723791409e-01
-1.302483082422875471e+00
-4.024613267742115363e-01
-1.406134012144737433e+00
-2.092561074123637344e+00
-3.470655937760389609e+00
5.579306721737621322e-01
-3.133288078228100293e-01
5.377221646463342664e-02
1.635169951543921529e+00
-2.787891159997044621e+00
-4.958514729375180785e-01
-3.092012517545529304e-01
-8.413647418980924053e-01
-1.005485694687184850e+00
-1.797258880906015932e+00
-2.002992214801285531e+00
-2.169563551629688725e+00
2.413486250893547957e+00
3.905049685887378441e-01
9.299001746581057049e-01
1.898617313362126691e+00
-1.363077011497580759e+00
1.833290419684999506e+00
1.443875309426496223e+00
5.473230656981823428e-01
-5.826045275466406048e-01
-5.946281589808428691e-01
-4.160070589813127384e-01
8.832058514231444502e-02
4.015322064584863071e+00
5.231839585991101549e-01
1.457333228727121455e+00
2.093709424785801687e+00
-9.664652250743710482e-02
2.878107499419991999e+00
1.267889963409433385e+00
-1.930077561774646844e-01
-1.720655748931055218e+00
-6.132240776254216374e-01
-5.605119994279261775e-01
-1.765375449648409756e-02
2.646202125930366300e+00
-1.692377882607654538e+00
2.896845434304397560e-01
8.632510528441607045e-01
-5.450076623300696976e-01
1.505682841758686941e+00
-9.902432323035740280e-01
-2.318568647052839715e+00
-3.283114666344113530e+00
-9.346742524908937533e-01
-1.460476605503247871e+00
-9.484647788862787809e-01
7.947883825832214866e-01
-3.141541461859693296e+00
3.950400059779004547e-01
8.430370951671146695e-01
-1.785709913272372218e-01
8.050165725662216110e-01
-1.668487241961705170e+00
-2.170108383964047150e+00
-2.185529506201348671e+00
7.965574663973465919e-01
-8.392706508672018728e-01
-1.785625727172547028e-01
1.128965521402659045e+00
-1.701019218519333798e+00
2.869657591264949126e+00
2.452009339818511435e+00
1.236973102407464387e+00
1.225764076250672963e+00
-5.802771970032786220e-01
-4.099201445504881969e-01
-6.081838597895961041e-02
2.412751411808971458e+00
-6.665161294201498166e-01
4.522486835355508106e-01
1.529825852093054772e+00
-3.006281681201823375e-01
4.134267612423768945e+00
2.205572217958178260e+00
6.838659178955202034e-01
1.625074996297554697e-01
-6.085143238812178446e-01
-3.819660112500925520e-01
-3.117327476285141064e-01
1.100542445031474470e+00
-2.832897905575825437e+00
-5.736751889340979682e-01
4.225117919745657868e-01
-6.945386340259970259e-01
2.866545820994348404e+00
-2.035690212671950050e-01
-1.290099576893614541e+00
-1.470162140950626473e+00
-1.054417109826953913e+00
-1.306365063355040324e+00
-1.524353168145356152e+00
-7.803008863841833787e-01
-4.348831664035437861e+00
-4.308299471919886381e-01
3.312121705629929025e-01
-3.922569439301136218e-01
2.150552682675147764e+00
-1.081639006393029234e+00
-1.026212478575008635e+00
-5.648563613931528726e-01
5.054628698801418851e-01
-7.858723549697517186e-01
-1.000000000000039746e+00
-4.183267018923197966e-01
-2.944938428169996403e+00
2.118890723951917021e+00
1.867113771349505846e+00
1.074764909681778180e+00
2.655623274947203072e+00
-3.718104684080392186e-02
9.631176614190072316e-01
1.420299691964467925e+00
2.094223587268971176e+00
-5.960246544758225351e-01
-4.094579468621895590e-01
1.584394696600253116e-01
-1.474935822066951951e+00
3.554197359880253870e+00
1.626637512218277903e+00
7.431866916290919001e-01
1.764684150040706001e+00
-7.818026624280438597e-03
1.231315558423012657e+00
1.012866502667425506e+00
8.161848874315432711e-01
-2.737390328600151079e+00
-1.431257833741623964e+00
-8.392657308322729603e-01
-1.882589163848876979e+00
2.369758262689025674e+00
-8.534333603028619875e-01
-1.033909869306586238e+00
1.630546154207376530e-01
-5.144329227830669593e-01
3.571193774481780103e-01
-5.036906162672647458e-01
-1.105387427085185337e+00
-4.360446872640853400e+00
-1.389123636570657405e+00
-1.012546267138577427e+00
-1.723896421161288606e+00
1.632390899815442165e+00
-1.864021449087662541e+00
-6.099652525547086812e-01
9.651053335499497621e-01
9.279839588465040867e-01
8.460390692086806608e-01
-2.667328898152375727e-01
-7.260778483470540223e-01
-3.060995449712985206e+00
1.096218597323919797e+00
4.355071386622909602e-01
-2.945437707162241736e-01
2.227072242326600726e+00
-8.109601288191583546e-01
1.656411627131495479e+00
2.890006641216135819e+00
2.544499269889448190e+00
1.120063957813540956e+00
2.311730194524640458e-01
2.417697228856885427e-02
-1.606547949491362148e+00
2.578870354028988565e+00
1.916871885407332998e-01
-4.877787227084411370e-01
1.532920073628305069e+00
-6.743936525230056489e-01
2.230383220394545063e+00
2.406874325884960086e+00
1.371621737080942038e+00
-9.272330227950963399e-01
-8.392838319209365849e-01
-8.532583272160850774e-01
-2.122641269257224739e+00
1.378932726474346726e+00
-2.364947273933793337e+00
-2.142443013368214633e+00
5.317968287954499829e-14
-1.195021567972898602e+00
1.486776831048032710e+00
6.622500982444047279e-01
-5.102378895842492046e-01
-2.601400562255635762e+00
-9.576007991480771642e-01
-1.097317933940533896e+00
-2.219934300855008313e+00
5.351429441702962864e-01
-3.527474422385915354e+00
-1.634555233851775258e+00
7.336698098122210743e-01
1.665571591929627115e-01
2.027809625001315119e+00
6.712363947516926110e-01
-3.386479440386658268e-02
-1.376159790726927401e+00
1.395370021175135644e+00
2.676711471971646161e-01
-9.584467331529085143e-01
1.144567733943472998e+00
-2.503093693457974389e+00
8.358472578473014059e-01
2.631728609698535948e+00
1.847588780738429914e+00
2.476546052724937663e+00
1.126401642403187520e+00
9.767905760499665524e-01
7.572191129864569437e-02
2.866583870608243156e+00
2.777006080334022686e-02
-1.146273010833783745e+00
5.915179765919873489e-01
-2.303190188771852220e+00
1.662036989317768443e+00
2.115448924207329995e+00
8.318509001657569124e-01
6.256127736467304024e-01
5.700977126188122579e-02
3.206303325613045763e-01
-5.459213520750364479e-01
1.611389470382396771e+00
-2.597362130294227356e+00
-2.810550652813620598e+00
-9.134195877540444153e-01
-2.888504116675355782e+00
1.014716080019764544e+00
1.873379230543094076e-01
-9.481575984907837373e-01
-9.999999999999911182e-01
-1.791499518187820161e-01
1.097806430508661002e-01
-9.157942578920064136e-01
6.306340795704401536e-01
-3.921246743436746396e+00
-2.359695283365193852e+00
-2.894249224351753691e-01
-1.673290869266080172e+00
1.582548467542234771e+00
1.497999053907905775e-03
-3.119887876608941069e-01
2.343920211608240822e-01
2.074494035491749155e+00
1.491615178611407355e+00
1.393966680302763939e-01
1.230103515066008235e+00
-2.958400428542762306e+00
1.698974826682765338e-01
1.540558487995345116e+00
9.634898145298720351e-04
2.193897558688090221e+00
4.404100303715086095e-01
1.031197445856333994e+00
1.758065231665499883e+00
3.574671273192065790e+00
1.360201376487114366e+00
-8.965407555165183506e-02
8.092639842286609708e-01
-2.741268765458928502e+00
1.117524510439910079e+00
9.603218385338135876e-01
-9.192505982328768033e-01
5.468916107398995585e-01
-5.994805096381826681e-01
6.869836427675825030e-01
1.102866931978977227e+00
2.322673422653918962e+00
-1.225427513049948569e+00
-1.814759704032904652e+00
-6.632480667968742027e-01
-3.451205997758324706e+00
4.518362236451163860e-01
-1.179010261614279464e+00
-2.653203077763162554e+00
-1.015943722285889361e+00
-9.304665904747446703e-01
6.094339994771873492e-01
5.195209015847900291e-01
1.272367523901977160e+00
-2.618033988749852714e+00
-1.486771709121840201e+00
-1.460572031488658329e-01
-2.465425873997376893e+00
9.389143546632819914e-01
-1.599438476286002997e+00
-1.916177567534563142e+00
2.346306123400425103e-01
1.237725637114480470e+00
2.111106268848986112e+00
1.409900268122920242e+00
1.934870977828730521e+00
-1.647119295115643922e+00
1.026056949702019772e+00
1.617222140259087837e+00
-8.967284664222242574e-01
1.617353775579148056e+00
-1.225794543800928116e+00
-2.927834322290590041e-01
1.836617149195249210e+00
2.787770629467938299e+00
2.203313441164881148e+00
1.175351425319982823e+00
1.735623664053334902e+00
-1.357159275187484582e+00
2.027650791136036190e+00
9.831471038786520067e-01
-1.820738984708936581e+00
9.893076871925299276e-02
-2.286594465771884188e+00
-3.591918174734484159e-01
1.160547568147497710e+00
1.578327169387237161e+00
-2.155875639760518880e-01
-5.774415284753452449e-01
4.006810048702844629e-01
-2.151217415133196198e+00
1.288286569633742884e+00
-1.355962963164065505e+00
-3.611731824040355310e+00
-1.467564904393574565e+00
-2.772061107117413936e+00
-3.261221001592355950e-01
3.713763073464209086e-01
5.079145484556530921e-01
-1.556136914799681303e+00
-3.525004215742333358e-01
9.179430212520778287e-01
-1.380329010610784835e+00
1.643162808895347382e+00
-2.014836235417093224e+00
-2.889613169565011574e+00
-2.719532110859670948e-01
-7.633604613021651719e-01
1.278746898799751008e+00
1.092741235445870318e+00
1.289672288735751238e+00
-4.715493321649850134e-01
2.153420835532228406e+00
2.722926191934548434e+00
7.661039935371971588e-02
2.346338638440530922e+00
-1.724905498902737477e+00
-1.104251509535925324e+00
1.338908682640654213e+00
7.632718256877268903e-01
1.594326518800242010e+00
8.468133299711732009e-01
1.386866827120508239e+00
-9.979823650822616798e-03
3.227544409400640024e+00
2.155378021965585589e+00
-8.639315529138442695e-01
9.328107518348357496e-01
-2.832750054256758521e+00
-1.000000000000072387e+00
5.812554423476335996e-01
-4.642445597381040234e-01
-6.398386501116236635e-01
-9.385211796139689699e-01
2.845564074860936765e-01
-7.974593768383204662e-01
2.446549090829066575e+00
-2.583274332916834504e-01
-2.734556994252481665e+00
-6.519709288372977918e-01
-3.515128937034656342e+00
-9.568852018808432502e-01
-4.772810675706203876e-01
-1.610518570906935842e+00
-1.909483540166184046e+00
-8.319616613062261745e-01
9.045825003711427392e-01
-1.710450378275746308e-01
2.706814762428192633e+00
-1.043451419583073081e+00
-2.069342998736276584e+00
4.697826657573350717e-01
-1.731622788085160458e+00
6.527996830097111403e-01
4.862776847858185647e-14
-7.636850640200374407e-01
-7.005112122140584319e-01
1.643244353385654000e+00
2.861765462385950087e+00
1.227273492213197592e+00
3.483108137038785745e+00
-7.392051548001016270e-01
-1.735971298478234393e-01
2.072526211261769724e+00
-3.038455783275719746e-01
1.107066867638155649e+00
-3.354198314147716076e-01
-4.097604663222361721e-01
-5.638890015337699735e-02
2.776063300804639589e+00
2.490332871827308558e+00
3.190819772778534791e-01
2.244478134331377994e+00
-1.804273980666760924e+00
5.496202166278163492e-02
1.225599941974451657e+00
-1.622886005382679020e+00
-1.009370315950874453e+00
-2.232310440273360896e+00
-1.300687755958049419e+00
-8.269011000169536052e-01
1.955238688577122685e+00
1.446580313680898011e-01
-1.590252597212731489e+00
7.251460721880110816e-01
-2.611392439712059144e+00
6.407920356786023230e-02
-1.125190462353904408e-01
-2.924242259941181477e+00
-2.273359865777268229e+00
-2.336483390584019659e+00
-5.914010198495782689e-01
-3.481175951117486678e-01
2.130673045861379844e+00
-6.292018968470634022e-01
-9.595544518202366868e-01
1.857643731663481290e+00
-1.007603727380373737e+00
1.633038104071881325e+00
9.733429324466091881e-02
-2.101156498927110317e+00
-1.012309282532591670e+00
2.681000776195263668e-03
1.513296319392217759e+00
9.759944668296948178e-01
3.003065148275158247e+00
-1.805869478816274354e-01
1.059375893530164703e+00
3.543863544471808957e+00
3.515474782996971248e-01
2.191205113676653049e+00
-3.574347895093279437e-01
-1.575531101926401778e+00
-2.562678494807623109e-01
1.093703464490014099e+00
1.354890967678403779e+00
8.411479840595603719e-02
1.987695635918705683e+00
-1.074686891390808752e+00
1.430985731375582715e+00
2.714278787814688787e+00
-1.033056908168163313e+00
1.743277466000681120e-01
-2.400962365520865838e+00
-2.330277701639077659e+00
-1.078740663260965071e+00
1.435745188972205322e-01
-8.884174700348780318e-01
-1.884452770393698628e+00
6.016990835664166593e-01
-1.889977168008800668e+00
1.429052578015539643e+00
1.206419015090750335e+00
-2.476145355957518834e+00
-1.100008588922783082e+00
-2.769897865188556629e+00
-1.606126060732308902e+00
-8.282772275404689521e-01
1.480672901760253235e-01
-1.616838317693003235e+00
-1.324929498681308937e+00
1.820435261057649745e+00
-3.717414905009840398e-01
2.980863675183609729e+00
1.249684789278268315e+00
-1.681094387792402500e+00
1.906549347971998043e-01
-6.415751345523363902e-01
5.744138053023212231e-01
3.285552928716715115e-01
1.038789181682121754e+00
-9.925089396279926923e-01
7.722547274113239490e-01
3.679858335481409171e+00
1.000000000000000000e+00
3.679858335481133391e+00
7.722547274116294824e-01
-9.925089396282011922e-01
1.038789181682196805e+00
3.285552928717245802e-01
5.744138053023476465e-01
-6.415751345524192129e-01
1.906549347972146258e-01
-1.681094387792172462e+00
1.249684789277976993e+00
2.980863675183953898e+00
-3.717414905010746340e-01
1.820435261057466114e+00
-1.324929498681112872e+00
-1.616838317693189975e+00
1.480672901762426497e-01
-8.282772275404862716e-01
-1.606126060732235405e+00
-2.769897865188706731e+00
-1.100008588922559927e+00
-2.476145355957340755e+00
1.206419015090330005e+00
1.429052578015897357e+00
-1.889977168009031150e+00
6.016990835663239556e-01
-1.884452770393371557e+00
-8.884174700350750964e-01
1.435745188972331887e-01
-1.078740663261039012e+00
-2.330277701639017263e+00
-2.400962365520999064e+00
1.743277466003184673e-01
-1.033056908168106247e+00
2.714278787814621730e+00
1.430985731375380654e+00
-1.074686891390855603e+00
1.987695635918779402e+00
8.411479840600155633e-02
1.354890967678342273e+00
1.093703464490126898e+00
-2.562678494807213991e-01
-1.575531101926237021e+00
-3.574347895093450411e-01
2.191205113676899963e+00
3.515474782996413916e-01
3.543863544471496319e+00
1.059375893530274615e+00
-1.805869478817818119e-01
3.003065148275139151e+00
9.759944668296653969e-01
1.513296319392145373e+00
2.681000776129427443e-03
-1.012309282532571686e+00
-2.101156498927025051e+00
9.733429324461395638e-02
1.633038104071891539e+00
-1.007603727380416148e+00
1.857643731663539910e+00
-9.595544518199823347e-01
-6.292018968470245444e-01
2.130673045861576576e+00
-3.481175951116221023e-01
-5.914010198496254533e-01
-2.336483390584063180e+00
-2.273359865777329070e+00
-2.924242259941257860e+00
-1.125190462359776378e-01
6.407920356829255315e-02
-2.611392439712244773e+00
7.251460721878887350e-01
-1.590252597212278740e+00
1.446580313674540319e-01
1.955238688577487505e+00
-8.269011000169625980e-01
-1.300687755957958380e+00
-2.232310440273471031e+00
-1.009370315950635755e+00
-1.622886005382600194e+00
1.225599941974145235e+00
5.496202166337688100e-02
-1.804273980667217891e+00
2.244478134331347352e+00
3.190819772781861019e-01
2.490332871826728134e+00
2.776063300804813228e+00
-5.638890015349418139e-02
-4.097604663223107790e-01
-3.354198314149640092e-01
1.107066867638354601e+00
-3.038455783274417454e-01
2.072526211261371820e+00
-1.735971298471860602e-01
-7.392051548007435580e-01
3.483108137038874119e+00
1.227273492213381889e+00
2.861765462385561953e+00
1.643244353385786560e+00
-7.005112122140358943e-01
-7.636850640199428497e-01
-5.118128143521971651e-14
6.527996830099100922e-01
-1.731622788085342979e+00
4.697826657572489184e-01
-2.069342998735806738e+00
-1.043451419583358408e+00
2.706814762428411125e+00
-1.710450378275931715e-01
9.045825003709948575e-01
-8.319616613061200372e-01
-1.909483540166247106e+00
-1.610518570906727565e+00
-4.772810675707981343e-01
-9.568852018807703086e-01
-3.515128937034902368e+00
-6.519709288373153333e-01
-2.734556994252097972e+00
-2.583274332922171346e-01
2.446549090829397421e+00
-7.974593768382175485e-01
2.845564074859365800e-01
-9.385211796138519524e-01
-6.398386501117356850e-01
-4.642445597381242850e-01
5.812554423473175191e-01
-9.999999999998477884e-01
-2.832750054256861549e+00
9.328107518348710547e-01
-8.639315529137858718e-01
2.155378021965185908e+00
3.227544409400696868e+00
-9.979823650911434640e-03
1.386866827120488255e+00
8.468133299712250484e-01
1.594326518800180281e+00
7.632718256878520124e-01
1.338908682640506553e+00
-1.104251509535506548e+00
-1.724905498903138934e+00
2.346338638440759183e+00
7.661039935399305278e-02
2.722926191934072371e+00
2.153420835532559252e+00
-4.715493321649718572e-01
1.289672288735618011e+00
1.092741235445888748e+00
1.278746898799815845e+00
-7.633604613021438556e-01
-2.719532110861518359e-01
-2.889613169564868578e+00
-2.014836235417442278e+00
1.643162808895499261e+00
-1.380329010610669815e+00
9.179430212519354981e-01
-3.525004215738546387e-01
-1.556136914799701287e+00
5.079145484558189594e-01
3.713763073464525499e-01
-3.261221001593059832e-01
-2.772061107117691492e+00
-1.467564904393543701e+00
-3.611731824040118610e+00
-1.355962963164085489e+00
1.288286569633936729e+00
-2.151217415133319211e+00
4.006810048701442417e-01
-5.774415284753405819e-01
-2.155875639760490015e-01
1.578327169387334861e+00
1.160547568147400455e+00
-3.591918174736047353e-01
-2.286594465771966789e+00
9.893076871919170845e-02
-1.820738984708613062e+00
9.831471038784022065e-01
2.027650791135979791e+00
-1.357159275187538316e+00
1.735623664053275839e+00
1.175351425320176446e+00
2.203313441164958864e+00
2.787770629467851258e+00
1.836617149195192367e+00
-2.927834322290803204e-01
-1.225794543800881486e+00
1.617353775579306152e+00
-8.967284664221968349e-01
1.617222140258940843e+00
1.026056949701976695e+00
-1.647119295115951676e+00
1.934870977828627270e+00
1.409900268123179590e+00
2.111106268848869760e+00
1.237725637114694965e+00
2.346306123400692945e-01
-1.916177567534134596e+00
-1.599438476286550781e+00
9.389143546635427828e-01
-2.465425873997210804e+00
-1.460572031493457823e-01
-1.486771709121158969e+00
-2.618033988750251506e+00
1.272367523901846376e+00
5.195209015849980849e-01
6.094339994771788005e-01
-9.304665904746532989e-01
-1.015943722286019923e+00
-2.653203077762865458e+00
-1.179010261614951371e+00
4.518362236454006586e-01
-3.451205997758374444e+00
-6.632480667971858423e-01
-1.814759704032304466e+00
-1.225427513050450390e+00
2.322673422654043307e+00
1.102866931979189058e+00
6.869836427675887203e-01
-5.994805096384073773e-01
5.468916107397946424e-01
-9.192505982325948066e-01
9.603218385335610119e-01
1.117524510440244923e+00
-2.741268765458947598e+00
8.092639842285030971e-01
-8.965407555155990860e-02
1.360201376486865232e+00
3.574671273192106646e+00
1.758065231665380868e+00
1.031197445856363748e+00
4.404100303713990305e-01
2.193897558688058691e+00
9.634898147715120764e-04
1.540558487994915238e+00
1.698974826687725814e-01
-2.958400428542975469e+00
1.230103515066020226e+00
1.393966680306993888e-01
1.491615178611269688e+00
2.074494035491786015e+00
2.343920211608981341e-01
-3.119887876608442578e-01
1.497999053797105518e-03
1.582548467542350679e+00
-1.673290869265941616e+00
-2.894249224356663097e-01
-2.359695283364918073e+00
-3.921246743437020399e+00
6.306340795705008828e-01
-9.157942578917868115e-01
1.097806430507327624e-01
-1.791499518185901141e-01
-1.000000000000140110e+00
-9.481575984907558707e-01
1.873379230540853646e-01
1.014716080019922417e+00
-2.888504116675504108e+00
-9.134195877542059527e-01
-2.810550652813124106e+00
-2.597362130294440075e+00
1.611389470382454503e+00
-5.459213520750314519e-01
3.206303325610367905e-01
5.700977126194572975e-02
6.256127736466474687e-01
8.318509001658942470e-01
2.115448924206957404e+00
1.662036989317868807e+00
-2.303190188771947255e+00
5.915179765919219568e-01
-1.146273010833613215e+00
2.777006080313486336e-02
2.866583870608285345e+00
7.572191129874794591e-02
9.767905760498432066e-01
1.126401642403239478e+00
2.476546052724975411e+00
1.847588780738296022e+00
2.631728609698363641e+00
8.358472578474904768e-01
-2.503093693458082747e+00
1.144567733943512078e+00
-9.584467331527424250e-01
2.676711471968423739e-01
1.395370021175458941e+00
-1.376159790726755094e+00
-3.386479440382483830e-02
6.712363947517787643e-01
2.027809625001402161e+00
1.665571591929627671e-01
7.336698098119098788e-01
-1.634555233851400891e+00
-3.527474422386023711e+00
5.351429441702836298e-01
-2.219934300854694342e+00
-1.097317933940981982e+00
-9.576007991481170212e-01
-2.601400562255642424e+00
-5.102378895842377693e-01
6.622500982444268214e-01
1.486776831048112424e+00
-1.195021567972954557e+00
-2.133293541817238292e-13
-2.142443013368328764e+00
-2.364947273933753813e+00
1.378932726474390247e+00
-2.122641269257232288e+00
-8.532583272160285670e-01
-8.392838319209384723e-01
-9.272330227951900428e-01
1.371621737081211823e+00
2.406874325885024479e+00
2.230383220394506871e+00
-6.743936525232642198e-01
1.532920073628059487e+00
-4.877787227077772236e-01
1.916871885400360798e-01
2.578870354029132894e+00
-1.606547949491205607e+00
2.417697228810000709e-02
2.311730194528305304e-01
1.120063957813540290e+00
2.544499269889563653e+00
2.890006641215904004e+00
1.656411627131897601e+00
-8.109601288193976076e-01
2.227072242326487927e+00
-2.945437707155665885e-01
4.355071386619988605e-01
1.096218597324340127e+00
-3.060995449712878180e+00
-7.260778483471973521e-01
-2.667328898151025696e-01
8.460390692086814379e-01
9.279839588465976785e-01
9.651053335495950458e-01
-6.099652525544214665e-01
-1.864021449087876370e+00
1.632390899815408858e+00
-1.723896421160807879e+00
-1.012546267139063039e+00
-1.389123636570295472e+00
-4.360446872640977745e+00
-1.105387427085185337e+00
-5.036906162671400677e-01
3.571193774480831973e-01
-5.144329227828993156e-01
1.630546154207147547e-01
-1.033909869306286478e+00
-8.534333603033797955e-01
2.369758262689136252e+00
-1.882589163848681135e+00
-8.392657308326841870e-01
-1.431257833741156782e+00
-2.737390328600615597e+00
8.161848874313563096e-01
1.012866502667432833e+00
1.231315558423001333e+00
-7.818026624135443470e-03
1.764684150040694455e+00
7.431866916294473935e-01
1.626637512217659953e+00
3.554197359880270302e+00
-1.474935822066845814e+00
1.584394696598182550e-01
-4.094579468616881823e-01
-5.960246544758148746e-01
2.094223587268962739e+00
1.420299691964529876e+00
9.631176614190366525e-01
-3.718104684104517332e-02
2.655623274947235046e+00
1.074764909682132341e+00
1.867113771348969387e+00
2.118890723952061794e+00
-2.944938428169984856e+00
-4.183267018926031255e-01
-9.999999999999505951e-01
-7.858723549697457234e-01
5.054628698802761111e-01
-5.648563613932287009e-01
-1.026212478574977549e+00
-1.081639006393158020e+00
2.150552682675146876e+00
-3.922569439297173277e-01
3.312121705628804924e-01
-4.308299471918016765e-01
-4.348831664035513356e+00
-7.803008863843180487e-01
-1.524353168145129889e+00
-1.306365063355197975e+00
-1.054417109826921717e+00
-1.470162140950916463e+00
-1.290099576893565470e+00
-2.035690212672357502e-01
2.866545820994410576e+00
-6.945386340260589764e-01
4.225117919742475414e-01
-5.736751889338581600e-01
-2.832897905575999520e+00
1.100542445031413186e+00
-3.117327476283978660e-01
-3.819660112502535343e-01
-6.085143238810899469e-01
1.625074996297825036e-01
6.838659178956556506e-01
2.205572217958077896e+00
4.134267612423841776e+00
-3.006281681203144540e-01
1.529825852092828509e+00
4.522486835360236546e-01
-6.665161294200636632e-01
2.412751411808831126e+00
-6.081838597891209286e-02
-4.099201445506418517e-01
-5.802771970033155924e-01
1.225764076250850376e+00
1.236973102407696645e+00
2.452009339818225886e+00
2.869657591264933139e+00
-1.701019218519423504e+00
1.128965521402568450e+00
-1.785625727168559940e-01
-8.392706508671462506e-01
7.965574663972823100e-01
-2.185529506201521421e+00
-2.170108383964054255e+00
-1.668487241961670975e+00
8.050165725663043226e-01
-1.785709913270424054e-01
8.430370951672223612e-01
3.950400059779701767e-01
-3.141541461859701734e+00
7.947883825830672766e-01
-9.484647788862574647e-01
-1.460476605503405079e+00
-9.346742524908588923e-01
-3.283114666344178367e+00
-2.318568647052710041e+00
-9.902432323035026407e-01
1.505682841758769985e+00
-5.450076623299889844e-01
8.632510528437031816e-01
2.896845434311605127e-01
-1.692377882607869699e+00
2.646202125930158022e+00
-1.765375449589778878e-02
-5.605119994285743257e-01
-6.132240776254496151e-01
-1.720655748931156026e+00
-1.930077561775130901e-01
1.267889963409208010e+00
2.878107499420234472e+00
-9.664652250721472715e-02
2.093709424785192841e+00
1.457333228727444752e+00
5.231839585987227981e-01
4.015322064584896822e+00
8.832058514265461735e-02
-4.160070589814802711e-01
-5.946281589807402845e-01
-5.826045275467639506e-01
5.473230656984767739e-01
1.443875309426405629e+00
1.833290419685341233e+00
-1.363077011497598301e+00
1.898617313361641745e+00
9.299001746585514594e-01
3.905049685883976718e-01
2.413486250893668306e+00
-2.169563551629453801e+00
-2.002992214801529780e+00
-1.797258880905748146e+00
-1.005485694687258791e+00
-8.413647418981258230e-01
-3.092012517546001149e-01
-4.958514729372659469e-01
-2.787891159997168966e+00
1.635169951543715250e+00
5.377221646488405948e-02
-3.133288078232232543e-01
5.579306721741068564e-01
-3.470655937760142251e+00
-2.092561074123907794e+00
-1.406134012144585999e+00
-4.024613267744230338e-01
-1.302483082423111282e+00
-4.357574177727361886e-01
-4.886017397770056059e-01
-1.376668036546644380e+00
3.506684522117412772e+00
8.266611364698821518e-01
5.714940590224566463e-01
7.952280030048251014e-01
-2.011569264574867510e+00
1.243842601028970485e-01
5.970953737431609065e-01
1.000884318143834717e+00
-8.386772797032795435e-01
8.433229579666254860e-01
9.015360726768977262e-01
9.031428835994507187e-01
