5.000000000000000000e+00
1.433073493729821735e+00
6.887629803258830119e-01
9.045883885359004006e-01
-8.826631068030658112e-01
-4.796494421301014111e-01
-9.599148252353422173e-01
1.860264447861275983e+00
3.000894258500310663e-01
-1.612707534143046351e+00
1.260511814754214033e+00
-8.264224759149958466e-01
-4.551263242366145323e-01
7.192569823050835032e-01
9.247058222230828406e-01
4.264277539653892335e-01
-3.129751674205638601e+00
-1.319412023442101400e+00
-2.498200158593983033e+00
-3.970834741090325082e+00
-1.516510242043345169e-02
1.871688029343339110e-01
7.503743207486325284e-01
-2.067779095855649396e-01
1.399125938044492035e-01
7.600735106701019816e-01
-2.324331289726921934e+00
8.827825752716653707e-01
1.372950471604329703e+00
-7.549755957475997592e-01
1.450815841790282779e-01
-7.267108668541072403e-01
2.906894674865692640e-01
-8.030877920577517148e-01
1.403628842107897512e+00
4.512041914087558503e+00
1.296074719822338350e+00
2.324542819229324930e+00
1.626961126973049732e+00
-6.179516680588224009e-01
-8.332803779728447102e-01
-1.040818825932424030e+00
1.762261252034852621e+00
-4.555204536005338367e-01
-5.346193923576533225e-01
1.628484887312115381e+00
-1.495860643881675722e+00
-5.203532514127457986e-01
3.989620749303857683e-01
1.131210730564311762e+00
5.000000000000006661e-01
-1.853688511465348299e+00
-1.255745192649937447e-02
-3.258616361497067793e+00
-4.109402070220088632e+00
-7.002287451701987298e-01
-9.628040326237877755e-01
3.986843397105893638e-01
2.316055784128073780e-02
1.120691424726101504e+00
2.753741880243059104e-01
-2.418456386590894347e+00
1.253207080077943125e+00
4.110687342947593748e-01
-5.300072711603910358e-01
7.633789161543556023e-01
-3.027825444127280052e-01
-8.086434587398572127e-02
-1.783444051684109244e+00
1.277624938460869553e+00
3.179819567652672596e+00
9.889823151074171870e-01
3.677004902874932757e+00
2.246124589904011426e+00
8.164323633456807561e-02
-7.212317420824775338e-01
-8.743676233433755884e-01
1.171306883797063492e+00
-1.260271675114132073e+00
5.725000852221358016e-01
1.688836155426155283e+00
-1.711644774329275975e+00
-2.861057254106095238e-01
-3.526677878807293887e-02
8.728876577124118352e-01
2.071113294894552093e-01
-4.928565804115465632e-01
1.074555367347715951e+00
-3.447179759616103123e+00
-3.456281611618321481e+00
-1.428822209968747980e+00
-2.244856925745918108e+00
-3.016912843787770138e-01
3.565912737438214908e-02
1.790388634095902098e+00
-1.220285251034764484e-01
-1.824756757143852326e+00
1.429112513098048209e+00
-7.435683458351354247e-01
-3.278094739639162980e-01
1.118033988749887353e+00
1.626044018565504512e-01
-1.914791601063566828e-01
-2.052973671019268753e+00
1.144643222815554973e+00
1.358019189772550206e+00
5.922075994510165309e-01
4.387997835715229833e+00
2.547092605180702130e+00
1.077096681379900112e+00
-1.083177717810869800e-01
-3.789580481553037616e-01
3.442399862137068833e-01
-1.914387226996780322e+00
1.400289864741968149e+00
1.314873374967369557e+00
-1.475194471420409048e+00
2.235467185942568991e-01
-3.992205944273323759e-01
3.585143920326709921e-01
-3.190862816888459519e-01
6.316548507898404052e-01
1.643562730073441225e+00
-3.075206869322833825e+00
-2.144838035072211824e+00
-1.999999999999996669e+00
-3.299983441916707783e+00
-1.189225797537116325e+00
-2.804926130987528410e-01
1.887037573371294741e+00
-4.446673207474253209e-01
-6.918348678899108872e-01
1.441243100304390179e+00
-1.730989528542150602e+00
-1.245288551783849673e-01
1.064206907838753491e+00
4.588820004112836304e-01
-1.267043786942712025e-01
-1.633063503262109251e+00
1.061660001620559513e+00
-4.830804009525807574e-01
2.483455193932364580e-01
4.274939439566370680e+00
2.395730617428903475e+00
2.117092621473928737e+00
8.606394154428922416e-01
4.318194653890777279e-01
-3.917818726276350860e-01
-2.190847538672977102e+00
1.765738371598258638e+00
5.000000000000173195e-01
-9.218926371180130586e-01
8.444124514605639842e-01
-5.694664321831066633e-01
-1.497006770595784575e-01
-8.582776304728225725e-01
1.317390640048443196e+00
1.544161888846587338e+00
-2.291593318341362817e+00
-5.044894164068481901e-01
-2.280380793098910175e+00
-3.806327729568875551e+00
-2.024108405197579952e+00
-8.988165210680452155e-01
1.305953922721219351e+00
-7.563960187139693314e-01
6.471748879654776188e-01
1.296756956080439060e+00
-2.235159470983770102e+00
1.385096393396537673e-01
6.171825654681548645e-01
4.720114488626113158e-01
-2.455244893341546053e-02
-7.457366942377148256e-01
1.019828986646164726e+00
-1.896802246667402159e+00
1.067753161011894686e-01
3.380662488157502477e+00
1.799537187567212815e+00
2.919745592773953291e+00
1.904971588155300211e+00
1.428278549516751372e+00
-7.545649841210599895e-01
-1.911346691115880070e+00
1.656927560355752060e+00
-6.057152957029868778e-01
-2.544266897911273695e-01
1.330228455537723287e+00
-5.230658175491113004e-01
-4.375335351975699894e-01
-1.182563066818563158e+00
1.520111385754900457e+00
8.289734292686385952e-01
-1.316368972676707827e+00
1.031513767897436207e+00
-2.241255230721769021e+00
-3.587719057640252895e+00
-2.569330515148037009e+00
-1.659622647183347510e+00
1.461535769422989128e-01
-1.118033988749891128e+00
1.773097950178727622e+00
9.690005998703234980e-01
-2.092930115685970982e+00
5.016132693303358980e-01
-6.017096369189700589e-02
2.249387986859500699e-01
-6.978931701767027151e-03
2.703789611864432230e-01
9.464037951076236244e-01
-2.585893738060551783e+00
2.562798652429777446e-01
1.952235457362782922e+00
9.192428796315955664e-01
3.265203388880753899e+00
2.702387809155525122e+00
2.389083525204463765e+00
-6.023643623552535908e-01
-1.022482044019329184e+00
1.216552598975234378e+00
-1.714471387597483076e+00
3.378130977209630181e-01
1.448330836944226041e+00
-3.330780201175856381e-01
-4.146022002336295920e-01
-1.142039521920194867e+00
1.335722559919442887e+00
-2.570381004723056861e-01
-3.633769122277340502e-01
2.055826687847572387e+00
-1.952331424677725025e+00
-2.676722817951416644e+00
-2.673902551695535035e+00
-2.326658426713600569e+00
-1.309539732835641956e+00
-1.538146747492038280e+00
2.312012433848632753e+00
4.188058040636126189e-01
-1.351892756416703367e+00
9.381599769549178180e-01
-7.237175878747548197e-01
-1.376812994267201384e-01
-1.239247939940649190e-01
1.077517114186890890e+00
7.420741383540980785e-01
-2.475702898986636313e+00
6.742614963309799814e-01
3.586845175012719489e-01
2.312389127986358428e-02
3.065751995164146759e+00
3.000000000000000000e+00
3.065751995164196053e+00
2.312389127988873083e-02
3.586845175012450815e-01
6.742614963310046283e-01
-2.475702898986653189e+00
7.420741383540323532e-01
1.077517114186908431e+00
-1.239247939940293919e-01
-1.376812994266914947e-01
-7.237175878747434954e-01
9.381599769549326950e-01
-1.351892756416707364e+00
4.188058040635281309e-01
2.312012433848653181e+00
-1.538146747491992983e+00
-1.309539732835659054e+00
-2.326658426713673844e+00
-2.673902551695454211e+00
-2.676722817951401101e+00
-1.952331424677678839e+00
2.055826687847569723e+00
-3.633769122277271668e-01
-2.570381004721551399e-01
1.335722559919462427e+00
-1.142039521920226841e+00
-4.146022002336036127e-01
-3.330780201175705946e-01
1.448330836944305089e+00
3.378130977208474439e-01
-1.714471387597463092e+00
1.216552598975278343e+00
-1.022482044019246139e+00
-6.023643623554369997e-01
2.389083525204500180e+00
2.702387809155501586e+00
3.265203388880767221e+00
9.192428796317199113e-01
1.952235457362812010e+00
2.562798652431541035e-01
-2.585893738060637936e+00
9.464037951075308097e-01
2.703789611865340392e-01
-6.978931701863644310e-03
2.249387986859963107e-01
-6.017096369191676786e-02
5.016132693303787526e-01
-2.092930115685977199e+00
9.690005998702502232e-01
1.773097950178793125e+00
-1.118033988749893570e+00
1.461535769422803721e-01
-1.659622647183283783e+00
-2.569330515148004590e+00
-3.587719057640275100e+00
-2.241255230721844072e+00
1.031513767897452194e+00
-1.316368972676698945e+00
8.289734292685619899e-01
1.520111385754973954e+00
-1.182563066818536512e+00
-4.375335351975885301e-01
-5.230658175491820217e-01
1.330228455537691312e+00
-2.544266897911622305e-01
-6.057152957030206286e-01
1.656927560355782258e+00
-1.911346691115822338e+00
-7.545649841210813058e-01
1.428278549516724505e+00
1.904971588155335294e+00
2.919745592773960841e+00
1.799537187567214813e+00
3.380662488157543333e+00
1.067753161012434115e-01
-1.896802246667422587e+00
1.019828986646084346e+00
-7.457366942376801866e-01
-2.455244893346131274e-02
4.720114488625475335e-01
6.171825654682299156e-01
1.385096393396484382e-01
-2.235159470983773211e+00
1.296756956080484358e+00
6.471748879654072306e-01
-7.563960187139170399e-01
1.305953922721197369e+00
-8.988165210680620909e-01
-2.024108405197536875e+00
-3.806327729568896867e+00
-2.280380793098877756e+00
-5.044894164069056997e-01
-2.291593318341351715e+00
1.544161888846669273e+00
1.317390640048619943e+00
-8.582776304727945949e-01
-1.497006770595606939e-01
-5.694664321831653941e-01
8.444124514605250154e-01
-9.218926371179330115e-01
4.999999999999127365e-01
1.765738371598390311e+00
-2.190847538672861194e+00
-3.917818726277222385e-01
4.318194653890907730e-01
8.606394154428034238e-01
2.117092621473851466e+00
2.395730617428802667e+00
4.274939439566383115e+00
2.483455193933917227e-01
-4.830804009526356024e-01
1.061660001620528426e+00
-1.633063503262033755e+00
-1.267043786943076178e-01
4.588820004112974527e-01
1.064206907838861405e+00
-1.245288551782764985e-01
-1.730989528542201672e+00
1.441243100304397728e+00
-6.918348678898714743e-01
-4.446673207475714262e-01
1.887037573371217025e+00
-2.804926130986987731e-01
-1.189225797537092788e+00
-3.299983441916763738e+00
-2.000000000000010214e+00
-2.144838035072095916e+00
-3.075206869322890668e+00
1.643562730073369504e+00
6.316548507899790721e-01
-3.190862816887646836e-01
3.585143920326248068e-01
-3.992205944273620188e-01
2.235467185942744406e-01
-1.475194471420455899e+00
1.314873374967318265e+00
1.400289864741959711e+00
-1.914387226996750790e+00
3.442399862137209832e-01
-3.789580481553264102e-01
-1.083177717810709650e-01
1.077096681379873022e+00
2.547092605180679925e+00
4.387997835715258255e+00
5.922075994510231922e-01
1.358019189772578628e+00
1.144643222815580508e+00
-2.052973671019282964e+00
-1.914791601063849935e-01
1.626044018565120375e-01
1.118033988749925767e+00
-3.278094739639544342e-01
-7.435683458351478592e-01
1.429112513098072856e+00
-1.824756757143848551e+00
-1.220285251034812779e-01
1.790388634095855247e+00
3.565912737452348047e-02
-3.016912843787095122e-01
-2.244856925745811971e+00
-1.428822209968853452e+00
-3.456281611618128746e+00
-3.447179759616199490e+00
1.074555367347645340e+00
-4.928565804115045967e-01
2.071113294893766055e-01
8.728876577125614933e-01
-3.526677878798589738e-02
-2.861057254106155190e-01
-1.711644774329313723e+00
1.688836155426089558e+00
5.725000852222220660e-01
-1.260271675114211565e+00
1.171306883797115894e+00
-8.743676233433614886e-01
-7.212317420824779779e-01
8.164323633458477059e-02
2.246124589903867985e+00
3.677004902874974057e+00
9.889823151074182972e-01
3.179819567652739654e+00
1.277624938460877546e+00
-1.783444051684146547e+00
-8.086434587395863183e-02
-3.027825444127379972e-01
7.633789161543784729e-01
-5.300072711604149056e-01
4.110687342948085576e-01
1.253207080077982649e+00
-2.418456386590872143e+00
2.753741880242195905e-01
1.120691424726028451e+00
2.316055784131831885e-02
3.986843397105844788e-01
-9.628040326237349289e-01
-7.002287451702170484e-01
-4.109402070220002479e+00
-3.258616361496962543e+00
-1.255745192655333131e-02
-1.853688511465389155e+00
5.000000000000078826e-01
1.131210730564373046e+00
3.989620749303027236e-01
-5.203532514127973130e-01
-1.495860643881671059e+00
1.628484887312110274e+00
-5.346193923576796347e-01
-4.555204536005846849e-01
1.762261252034939218e+00
-1.040818825932452008e+00
-8.332803779728016336e-01
-6.179516680588101885e-01
1.626961126973009319e+00
2.324542819229349355e+00
1.296074719822395416e+00
4.512041914087634886e+00
1.403628842107787600e+00
-8.030877920576972029e-01
2.906894674865687644e-01
-7.267108668541180094e-01
1.450815841789977467e-01
-7.549755957476057544e-01
1.372950471604192701e+00
8.827825752719091756e-01
-2.324331289726867755e+00
7.600735106700433619e-01
1.399125938045123752e-01
-2.067779095856388527e-01
7.503743207486709421e-01
1.871688029342853943e-01
-1.516510242030000288e-02
-3.970834741090295328e+00
-2.498200158594070519e+00
-1.319412023442034565e+00
-3.129751674205725198e+00
4.264277539652947535e-01
9.247058222230288838e-01
7.192569823051824240e-01
-4.551263242365489736e-01
-8.264224759150706756e-01
1.260511814754194049e+00
-1.612707534142968857e+00
3.000894258500197420e-01
1.860264447861256887e+00
-9.599148252353069122e-01
-4.796494421301057409e-01
-8.826631068030064142e-01
9.045883885357814957e-01
6.887629803258203953e-01
1.433073493729794645e+00
5.000000000000000000e+00
1.433073493729924985e+00
6.887629803258195071e-01
9.045883885357803855e-01
-8.826631068029914262e-01
-4.796494421301362721e-01
-9.599148252354091637e-01
1.860264447861241566e+00
3.000894258501696776e-01
-1.612707534142948651e+00
1.260511814754199378e+00
-8.264224759150018418e-01
-4.551263242366053730e-01
7.192569823050831701e-01
9.247058222230046809e-01
4.264277539653961169e-01
-3.129751674205676348e+00
-1.319412023442072757e+00
-2.498200158593986586e+00
-3.970834741090369491e+00
-1.516510242039292855e-02
1.871688029342973847e-01
7.503743207487174605e-01
-2.067779095855896976e-01
1.399125938044949446e-01
7.600735106701244082e-01
-2.324331289726942806e+00
8.827825752717415320e-01
1.372950471604227118e+00
-7.549755957475585699e-01
1.450815841790084049e-01
-7.267108668541070182e-01
2.906894674865709849e-01
-8.030877920578985973e-01
1.403628842108005426e+00
4.512041914087538075e+00
1.296074719822324584e+00
2.324542819229364454e+00
1.626961126973019978e+00
-6.179516680587039401e-01
-8.332803779728975568e-01
-1.040818825932458669e+00
1.762261252034853509e+00
-4.555204536005880156e-01
-5.346193923576207929e-01
1.628484887312047658e+00
-1.495860643881702590e+00
-5.203532514126617547e-01
3.989620749303603442e-01
1.131210730564314648e+00
4.999999999999599209e-01
-1.853688511465380717e+00
-1.255745192643520358e-02
-3.258616361497200575e+00
-4.109402070220008696e+00
-7.002287451702156051e-01
-9.628040326237181645e-01
3.986843397107041609e-01
2.316055784122245109e-02
1.120691424726248497e+00
2.753741880241972195e-01
-2.418456386590897900e+00
1.253207080078061253e+00
4.110687342951217516e-01
-5.300072711603677211e-01
7.633789161543854673e-01
-3.027825444126887033e-01
-8.086434587396185147e-02
-1.783444051683995557e+00
1.277624938460448778e+00
3.179819567652707679e+00
9.889823151073836582e-01
3.677004902874854153e+00
2.246124589904201496e+00
8.164323633451670004e-02
-7.212317420824653214e-01
-8.743676233434980460e-01
1.171306883797063492e+00
-1.260271675114053247e+00
5.725000852219674918e-01
1.688836155426436836e+00
-1.711644774329207586e+00
-2.861057254106418313e-01
-3.526677878803297084e-02
8.728876577123356739e-01
2.071113294895799983e-01
-4.928565804116323279e-01
1.074555367347795221e+00
-3.447179759616013861e+00
-3.456281611618397420e+00
-1.428822209968736878e+00
-2.244856925746041565e+00
-3.016912843788064347e-01
3.565912737431120583e-02
1.790388634095929632e+00
-1.220285251033464968e-01
-1.824756757143906283e+00
1.429112513097978043e+00
-7.435683458350687003e-01
-3.278094739639574318e-01
1.118033988749856933e+00
1.626044018565301341e-01
-1.914791601063426940e-01
-2.052973671019209689e+00
1.144643222815408867e+00
1.358019189772484703e+00
5.922075994509592434e-01
4.387997835715188977e+00
2.547092605180828251e+00
1.077096681379880350e+00
-1.083177717809971907e-01
-3.789580481552594637e-01
3.442399862137243138e-01
-1.914387226996808966e+00
1.400289864741855572e+00
1.314873374967580943e+00
-1.475194471420444131e+00
2.235467185942602297e-01
-3.992205944273476970e-01
3.585143920326725464e-01
-3.190862816887535258e-01
6.316548507897618014e-01
1.643562730073487188e+00
-3.075206869322804959e+00
-2.144838035072154980e+00
-1.999999999999982903e+00
-3.299983441916821469e+00
-1.189225797537166507e+00
-2.804926130987740462e-01
1.887037573371321386e+00
-4.446673207474463041e-01
-6.918348678899178816e-01
1.441243100304427927e+00
-1.730989528542186795e+00
-1.245288551783854114e-01
1.064206907838667782e+00
4.588820004113414175e-01
-1.267043786942702033e-01
-1.633063503262116578e+00
1.061660001620488680e+00
-4.830804009526889486e-01
2.483455193933462035e-01
4.274939439566327160e+00
2.395730617428884823e+00
2.117092621473959824e+00
8.606394154428449461e-01
4.318194653891864743e-01
-3.917818726276863783e-01
-2.190847538672981099e+00
1.765738371598295497e+00
5.000000000000003331e-01
-9.218926371179810841e-01
8.444124514605422238e-01
-5.694664321830908982e-01
-1.497006770595120662e-01
-8.582776304728301220e-01
1.317390640048470063e+00
1.544161888846584230e+00
-2.291593318341362817e+00
-5.044894164067680320e-01
-2.280380793098954140e+00
-3.806327729568853790e+00
-2.024108405197613259e+00
-8.988165210679689432e-01
1.305953922721294624e+00
-7.563960187140819080e-01
6.471748879655520037e-01
1.296756956080393763e+00
-2.235159470983781205e+00
1.385096393395962577e-01
6.171825654679767847e-01
4.720114488626754312e-01
-2.455244893355557068e-02
-7.457366942376536523e-01
1.019828986646099001e+00
-1.896802246667391056e+00
1.067753161015143615e-01
3.380662488157387457e+00
1.799537187567182839e+00
2.919745592774011911e+00
1.904971588155359496e+00
1.428278549516814877e+00
-7.545649841213132314e-01
-1.911346691115755947e+00
1.656927560355785811e+00
-6.057152957031206597e-01
-2.544266897910191227e-01
1.330228455537632026e+00
-5.230658175490964235e-01
-4.375335351975373488e-01
-1.182563066818650199e+00
1.520111385754748357e+00
8.289734292689400208e-01
-1.316368972676880134e+00
1.031513767897426659e+00
-2.241255230721489244e+00
-3.587719057640280873e+00
-2.569330515148094740e+00
-1.659622647183460753e+00
1.461535769423730757e-01
-1.118033988750017915e+00
1.773097950178622373e+00
9.690005998706516799e-01
-2.092930115685971426e+00
5.016132693301439405e-01
-6.017096369190300109e-02
2.249387986860789668e-01
-6.978931701875135118e-03
2.703789611863696152e-01
9.464037951077859390e-01
-2.585893738060430103e+00
2.562798652426844237e-01
1.952235457362744064e+00
9.192428796316408635e-01
3.265203388880615343e+00
2.702387809155519793e+00
2.389083525204516611e+00
-6.023643623550899440e-01
-1.022482044019464187e+00
1.216552598975249033e+00
-1.714471387597409802e+00
3.378130977206983410e-01
1.448330836944355271e+00
-3.330780201174178279e-01
-4.146022002336465784e-01
-1.142039521920311440e+00
1.335722559919487740e+00
-2.570381004720915796e-01
-3.633769122280041675e-01
2.055826687847611467e+00
-1.952331424677465455e+00
-2.676722817951387778e+00
-2.673902551695528818e+00
-2.326658426713632100e+00
-1.309539732835522496e+00
-1.538146747492104005e+00
2.312012433848678494e+00
4.188058040637483992e-01
-1.351892756416689600e+00
9.381599769548604195e-01
-7.237175878747226232e-01
-1.376812994268440393e-01
-1.239247939942194066e-01
1.077517114186862690e+00
7.420741383541835656e-01
-2.475702898986659406e+00
6.742614963308570797e-01
3.586845175014374831e-01
2.312389127991876236e-02
3.065751995164013977e+00
3.000000000000000000e+00
3.065751995164269772e+00
2.312389127993769167e-02
3.586845175012781106e-01
6.742614963310332721e-01
-2.475702898986657630e+00
7.420741383538865810e-01
1.077517114186913094e+00
-1.239247939939817078e-01
-1.376812994268344914e-01
-7.237175878748165481e-01
9.381599769550104106e-01
-1.351892756416657626e+00
4.188058040634155543e-01
2.312012433848733117e+00
-1.538146747491857980e+00
-1.309539732835594439e+00
-2.326658426713671179e+00
-2.673902551695380048e+00
-2.676722817951389999e+00
-1.952331424677772320e+00
2.055826687847626566e+00
-3.633769122277432650e-01
-2.570381004721976614e-01
1.335722559919467756e+00
-1.142039521920132250e+00
-4.146022002337356183e-01
-3.330780201177161448e-01
1.448330836944349276e+00
3.378130977209422570e-01
-1.714471387597523933e+00
1.216552598975211952e+00
-1.022482044019202396e+00
-6.023643623551935278e-01
2.389083525204252823e+00
2.702387809155555765e+00
3.265203388880792090e+00
9.192428796315640360e-01
1.952235457362700322e+00
2.562798652429645885e-01
-2.585893738060524694e+00
9.464037951074979471e-01
2.703789611864683140e-01
-6.978931701739687909e-03
2.249387986860240662e-01
-6.017096369186825111e-02
5.016132693304010681e-01
-2.092930115686040704e+00
9.690005998703417056e-01
1.773097950178740723e+00
-1.118033988749909780e+00
1.461535769422359632e-01
-1.659622647183383481e+00
-2.569330515147871363e+00
-3.587719057640344822e+00
-2.241255230721781011e+00
1.031513767897521472e+00
-1.316368972676746463e+00
8.289734292687476191e-01
1.520111385754854716e+00
-1.182563066818419939e+00
-4.375335351976640252e-01
-5.230658175492524098e-01
1.330228455537863397e+00
-2.544266897909291392e-01
-6.057152957030997875e-01
1.656927560355882179e+00
-1.911346691115671348e+00
-7.545649841213426523e-01
1.428278549516794893e+00
1.904971588155058626e+00
2.919745592774045218e+00
1.799537187567326058e+00
3.380662488157626377e+00
1.067753161013863528e-01
-1.896802246667424807e+00
1.019828986646034163e+00
-7.457366942377469110e-01
-2.455244893363472958e-02
4.720114488627915605e-01
6.171825654680654916e-01
1.385096393397919901e-01
-2.235159470983686614e+00
1.296756956080144629e+00
6.471748879652696740e-01
-7.563960187139771030e-01
1.305953922721230676e+00
-8.988165210678922268e-01
-2.024108405197565297e+00
-3.806327729568784957e+00
-2.280380793099040293e+00
-5.044894164068428610e-01
-2.291593318341416108e+00
1.544161888846431907e+00
1.317390640048806461e+00
-8.582776304729915484e-01
-1.497006770595737946e-01
-5.694664321831736098e-01
8.444124514605191312e-01
-9.218926371180345969e-01
4.999999999999519829e-01
1.765738371598378098e+00
-2.190847538672898942e+00
-3.917818726276546260e-01
4.318194653892064583e-01
8.606394154424997778e-01
2.117092621474057523e+00
2.395730617428856846e+00
4.274939439566477262e+00
2.483455193932593286e-01
-4.830804009524503617e-01
1.061660001620491345e+00
-1.633063503262214500e+00
-1.267043786943754524e-01
4.588820004113627338e-01
1.064206907838710858e+00
-1.245288551782293140e-01
-1.730989528542137279e+00
1.441243100304327784e+00
-6.918348678897674464e-01
-4.446673207473446632e-01
1.887037573371145083e+00
-2.804926130986975519e-01
-1.189225797537103002e+00
-3.299983441916709115e+00
-2.000000000000023981e+00
-2.144838035072200277e+00
-3.075206869322900882e+00
1.643562730073381051e+00
6.316548507900022758e-01
-3.190862816889372677e-01
3.585143920326043232e-01
-3.992205944272663176e-01
2.235467185941932833e-01
-1.475194471420539610e+00
1.314873374967456154e+00
1.400289864741893542e+00
-1.914387226996752567e+00
3.442399862138095790e-01
-3.789580481552050628e-01
-1.083177717813096630e-01
1.077096681380046661e+00
2.547092605180638625e+00
4.387997835715209405e+00
5.922075994509151675e-01
1.358019189772755153e+00
1.144643222815473260e+00
-2.052973671019287405e+00
-1.914791601064275151e-01
1.626044018564841709e-01
1.118033988749813412e+00
-3.278094739638393595e-01
-7.435683458350955677e-01
1.429112513098063975e+00
-1.824756757143786601e+00
-1.220285251032496299e-01
1.790388634095672948e+00
3.565912737440934954e-02
-3.016912843787445953e-01
-2.244856925745930099e+00
-1.428822209968727552e+00
-3.456281611618385874e+00
-3.447179759616119554e+00
1.074555367347726609e+00
-4.928565804115401239e-01
2.071113294894031398e-01
8.728876577126994940e-01
-3.526677878784545417e-02
-2.861057254106975645e-01
-1.711644774329310170e+00
1.688836155426278518e+00
5.725000852219334080e-01
-1.260271675114051693e+00
1.171306883797168519e+00
-8.743676233433732570e-01
-7.212317420824979619e-01
8.164323633477083009e-02
2.246124589903954583e+00
3.677004902874768000e+00
9.889823151073712237e-01
3.179819567652945267e+00
1.277624938460556692e+00
-1.783444051684028420e+00
-8.086434587404234264e-02
-3.027825444128254828e-01
7.633789161543382829e-01
-5.300072711603571740e-01
4.110687342948410872e-01
1.253207080078165614e+00
-2.418456386590820628e+00
2.753741880240090922e-01
1.120691424726160124e+00
2.316055784119153138e-02
3.986843397106710762e-01
-9.628040326237670143e-01
-7.002287451702132737e-01
-4.109402070219682734e+00
-3.258616361497601144e+00
-1.255745192660773224e-02
-1.853688511465344524e+00
4.999999999998702149e-01
1.131210730564391476e+00
3.989620749304340630e-01
-5.203532514126079089e-01
-1.495860643881863794e+00
1.628484887311940632e+00
-5.346193923573798745e-01
-4.555204536009358485e-01
1.762261252035076886e+00
-1.040818825932203762e+00
-8.332803779727135929e-01
-6.179516680589876021e-01
1.626961126972989113e+00
2.324542819229400870e+00
1.296074719822216892e+00
4.512041914087522088e+00
1.403628842108226804e+00
-8.030877920578468609e-01
2.906894674866379313e-01
-7.267108668541448768e-01
1.450815841789749872e-01
-7.549755957477767288e-01
1.372950471604390987e+00
8.827825752718123642e-01
-2.324331289726817129e+00
7.600735106699810784e-01
1.399125938044647466e-01
-2.067779095857361638e-01
7.503743207486962552e-01
1.871688029342658544e-01
-1.516510242037694134e-02
-3.970834741090076392e+00
-2.498200158594339193e+00
-1.319412023442205317e+00
-3.129751674205667022e+00
4.264277539652603366e-01
9.247058222231147040e-01
7.192569823051386813e-01
-4.551263242365843897e-01
-8.264224759151311828e-01
1.260511814754239346e+00
-1.612707534142979071e+00
3.000894258496724643e-01
1.860264447861503800e+00
-9.599148252353149058e-01
-4.796494421299838384e-01
-8.826631068032354532e-01
9.045883885360209709e-01
6.887629803258706884e-01
1.433073493729701386e+00
