5.000000000000000000e+00
1.054472299721362472e+00
3.485385780827606750e-01
4.930917951104658026e-01
7.678538964309611359e-01
7.151443911275772169e-01
-7.400333309442559404e-01
1.395546021606645759e+00
-1.579143394388497601e+00
6.241716037544835505e-01
3.038323638784830472e+00
2.151992942281598431e+00
6.470477900599364007e-01
-1.110911494330099059e+00
2.079398317723285317e+00
-5.944864992733907005e-01
-5.658226090548967857e-01
-4.747997140588716691e-01
-2.109805763442267335e+00
-9.529675244811549595e-01
-2.498281658849621500e-01
2.955757131297208851e+00
-8.672867085072581972e-01
-1.156034503065447527e+00
7.533939506088396243e-01
-2.416553217713705015e-01
-3.031622411124275107e-01
-2.566192172318778386e+00
-1.114377956037697848e+00
-3.404995941143099447e+00
-1.482448927853098120e+00
1.394291209526148601e+00
-9.487613628157857137e-01
-1.006584294867755691e+00
-1.386102900154347450e+00
1.799826690005269736e+00
-6.757989998401290332e-01
-1.702949598406495069e+00
-9.601489853798478302e-01
-3.412492383689855746e+00
-1.421891187202731111e+00
-8.780559749009011483e-01
1.019568491148947986e+00
-1.800242655670364345e+00
-1.327930984370339740e+00
2.377640467981591232e+00
5.062681208280216394e-01
6.518608522560512819e-01
-1.323229373303963508e+00
-4.608087246983378349e-01
-1.760073510670100205e+00
-7.689071094787431893e-01
1.928820737634484139e+00
-1.511452455626898894e+00
-2.655615635690941057e-01
9.164310608674595127e-01
3.409754792191894701e+00
1.552170207916069744e+00
-3.120733155713883988e-02
1.634064846093564949e+00
-1.223208109564728474e+00
7.296636335147825836e-01
7.856180282459030995e-01
7.146407951116591217e-01
-9.574400610188699146e-01
-1.426470135201591827e-01
4.335017277056983254e+00
1.617652093966728710e+00
1.821516063962015597e+00
8.878560442481839843e-01
1.024431292545952887e+00
5.666444698691376347e-01
1.104936102046452095e-01
1.897706620545337453e+00
-2.322676077700815966e+00
-5.559007129279837089e-01
1.604479994501016193e+00
2.452523635194025164e+00
1.278030883229101633e+00
-3.272826505014722054e-01
2.197551788550040186e+00
-6.098053832345571301e-01
6.681624872838255458e-01
3.372948670123814274e-01
-1.733016007350360654e+00
-2.250203535040503411e+00
-1.528825734149024118e+00
2.519632921624594957e+00
-7.631177659008619996e-01
-4.639744675943068275e-01
3.354916398845240733e-01
-7.317745341835207862e-02
3.899197590803081814e-01
-1.073357822437859932e+00
-1.416316991764507982e-01
-4.183519321395664292e+00
-2.368073460742678993e+00
3.064290771964046645e-01
-8.119451540257708322e-01
-1.066493055182807570e+00
-1.881966011250110871e+00
1.405313627495914819e+00
-6.288037110196772472e-01
4.062837792518275704e-02
1.090335559777267926e-01
-3.085094504292886342e+00
-2.274830590458711388e+00
-1.703201170536174480e+00
1.041372740478142100e+00
-2.228210695341063197e+00
-1.715931172987874120e+00
1.036550212907522583e+00
2.431953787532553646e-01
1.599389397450709627e+00
2.624446934720159330e-02
4.827427326978694921e-01
-2.386687397457850857e+00
-9.149727915496426167e-01
1.706175187062559218e+00
-1.372607049735382390e+00
-8.555557774533140147e-01
-6.242693443109974538e-01
2.602505930602639683e+00
1.458137503781295585e+00
1.492214162701618108e+00
2.414213562373128674e+00
-1.097598562059738603e+00
6.938527497197208849e-01
9.139963009834756180e-01
1.518518602128127171e+00
-1.471332274351533576e+00
-1.117278966289303899e+00
2.720726153258074209e+00
1.116570643552299735e+00
2.689943734761236716e+00
1.551121651693561532e+00
1.572203194385210834e+00
2.676786412030702778e-01
9.239695624912176442e-01
2.832644807564884459e+00
-1.894362452693711063e+00
-1.089830609631211145e+00
-1.244282619700430859e-01
1.778348241485004921e+00
1.139492570582334885e+00
4.803203473166147708e-01
2.291047835638399199e+00
-8.651074829232968666e-01
1.392990553665347520e+00
1.362933038613545200e+00
-2.787682579175482234e-01
-2.505602636128406946e+00
-2.455749468043738837e+00
1.396228724933391341e+00
-1.207750736825961457e+00
5.111786277777130572e-02
-7.580407240722197848e-02
-3.218008832526856322e-01
1.967557165996502988e-01
2.019209525053501375e-01
1.439097199573182273e+00
-3.693474575356938239e+00
-2.588429096833314791e+00
-9.394710696221471036e-01
-9.961616669440620520e-01
-1.215853651618274522e+00
-2.126992882818083075e+00
5.457934774747230655e-01
-1.529417776837624254e+00
9.346649790748242648e-01
1.289859003054670605e+00
-1.727712995341492919e+00
-2.366811598297352770e+00
-2.258288451636842442e+00
8.516792278536324812e-01
-2.407130299749753455e+00
-1.648404916242215634e+00
-3.937106929615936668e-01
-8.596856633755696198e-01
1.281325327374522427e+00
1.027941496293464319e+00
1.862028542764154304e+00
-2.254125021670621010e+00
-7.875328738193989597e-01
1.387977420722462440e+00
-8.229638684824341910e-01
-7.786833366821152014e-01
-1.629795349686385730e+00
1.203972719177852646e+00
1.893080446598143229e-01
2.195788379503861076e+00
3.145430341603529634e+00
-4.438496335170996621e-01
6.953663014932244257e-01
9.683166742701464491e-01
2.508721387296049876e+00
-1.077691356549531632e+00
-1.123314907243489147e+00
1.067901980095412373e+00
-1.790849656572029991e-01
2.499999999999994671e+00
1.972228878480801750e+00
2.238403902032073844e+00
-1.187180917503237454e-01
1.377582462470425817e+00
3.585795566176869897e+00
-5.993020504924966296e-01
-5.146409691094366856e-01
-1.183451155473949523e+00
6.978171171433689146e-01
1.786025145885188348e-01
9.620201181644270072e-01
2.313036156735973403e+00
-1.218019120486778739e+00
1.357602150791962003e+00
1.877952753409640074e+00
1.524254812810352799e+00
-1.657392366233218173e+00
-2.315477355080257205e+00
2.948758782100205922e-01
-2.013730669792585637e+00
2.357840990452899632e-01
-3.477526480133218412e-01
-6.661415866255621099e-01
-8.311133398335289746e-01
5.895985537835135570e-01
2.690616188516202989e+00
-2.329376738569217231e+00
-1.811153886868955620e+00
-1.712219304751552373e+00
-1.282767995202096722e+00
-1.478268023509672346e+00
-1.933339723503961105e+00
-2.171730583748814336e-01
-2.952512791597619923e+00
6.083716757697008592e-01
1.694053787478509099e+00
-8.278374165464522094e-02
-1.709021816268316840e+00
-2.180740581112057264e+00
5.915446376726845035e-01
-2.428235218485454983e+00
-1.033088578389321999e+00
-1.222666990335687043e+00
-2.070947870004617997e+00
-1.814878191556809073e-01
1.026967317307689420e+00
2.868625196456259907e+00
-1.622553495956470915e+00
-2.869863952503000637e-01
1.000000000000039968e+00
-1.860115987973133267e-01
-1.537194016704944710e-01
-1.555453684950321769e+00
1.281780895367821138e-01
-1.678065152620774825e+00
1.795367288635189240e+00
3.212569024298469689e+00
3.674494893432626030e-01
7.531791384012415103e-01
8.663926171700917500e-01
3.166195264208508942e+00
-2.150335269037205732e-01
7.403376314706638928e-03
2.656563172901249548e-01
-1.459930258900026701e+00
1.395588188463636303e+00
1.805153855670602603e+00
2.739152594931288043e+00
-4.908606455487024567e-01
1.408349034260630184e+00
3.621948394244869363e+00
7.822748193058972621e-01
9.063053841506714114e-01
-9.886272249268004408e-01
2.843543496635903001e-02
-1.163204460687704334e+00
9.914159170153202805e-01
2.188216342745111120e+00
-1.431594065160305185e+00
7.388826902951978193e-01
1.503934624922793173e+00
2.739491574924252326e+00
-3.419760123330088941e-01
-1.002571800230793064e+00
-1.253393933217458178e-01
-2.708267767034168827e+00
1.042678875103411062e-01
-4.355684414280623917e-01
-7.363073484174925687e-01
-2.162831917217333810e+00
1.500664028286574636e-02
2.830516350730877040e+00
-9.772413217388817852e-01
-3.421058138381567471e-01
-1.648629243919430110e+00
-1.352450382704015075e+00
-1.830335653822725783e+00
-1.341637469852099862e+00
-4.473438564577929544e-01
-4.118033988749878915e+00
-5.804732253865172442e-01
9.094015093805211114e-01
9.476125141419002862e-01
-8.165052534397603257e-01
-1.437067797338150932e+00
4.189899373554356599e-01
-2.423213135878939717e+00
-1.261888914229348790e-01
-1.147956428391332828e+00
-2.570551008675398652e+00
-2.009519986029737915e+00
3.174650700270797987e-02
2.865514575867071922e+00
-1.041528604687774529e+00
4.482012393108928405e-01
6.094964924897074976e-01
2.174943488791530044e-01
5.262781872850791354e-01
-4.747219311385435514e-01
4.371209366452599721e-02
-3.175521937364005343e+00
6.839832702739383485e-01
2.371014182437544804e+00
8.888467251985219253e-01
7.890963110000356329e-01
6.732057941692207725e-01
3.155054883816747591e+00
4.177578527242172823e-01
1.752845075108143469e+00
6.473073192026643774e-01
-1.876072843405531820e+00
3.753548598929412616e-02
1.101271717782139392e+00
2.839816640244603452e+00
-7.683757510105740929e-01
1.221874436690964849e+00
2.816938784929954309e+00
1.474677863856826754e+00
2.342808959114940137e+00
3.135161605145775354e-01
3.197620600743530384e-01
-2.196124095166187118e+00
7.458151030967217210e-01
1.874614575540184847e+00
-1.325965842275078632e+00
1.194077071095611675e-02
4.442349697982819201e-01
2.781023798433346350e+00
5.112848356074505274e-01
8.968022466672018744e-01
3.390559249761498362e-01
-2.816061908084076748e+00
-1.637715846397909125e-01
-3.813187461450379123e-01
-3.547393082579871626e-01
-3.108621239640532607e+00
-9.725353700580208205e-01
1.712409059265844524e+00
-4.670939935029034817e-01
1.042803869563575292e+00
-8.729347027963335615e-01
-9.993499278311204215e-01
-2.191733984375257460e+00
-5.867485112887851351e-01
-9.318439685057611221e-02
-4.364999814845488935e+00
-1.782209732598369234e+00
-7.308241192953951471e-01
8.416983849198839129e-01
-3.882206974247383036e-01
-3.633731952837258583e-01
3.991752105225341296e-01
-2.470125647346860909e+00
6.246005680121754500e-01
-4.142135623730061056e-01
-1.965212156749122752e+00
-3.234410401408262192e+00
-1.289334419096899609e+00
1.779414751155602659e+00
-1.003997194323143605e+00
1.097026468366059992e+00
2.837268469001176241e-01
2.493337025035993748e-01
7.116313173736595887e-01
9.751945221448133916e-01
9.592102137494770142e-01
-3.523444740622843518e+00
-3.185757440933060236e-01
9.231598918610950388e-01
8.643725898576343214e-01
6.712860922071821612e-01
5.466080568174244148e-01
2.509014041963538943e+00
3.057019214002753005e-01
3.210675543351400929e+00
1.800695533515653812e+00
-1.069507445488246722e+00
-7.942676433988683504e-01
2.966753360934432093e-01
2.500000000000030198e+00
-9.278247453383579035e-01
1.137219484415521009e+00
1.534034617535375844e+00
1.172263494627614921e+00
2.908671341898275475e+00
1.940442202309209385e+00
1.497372042282130833e+00
-2.389288137646794485e+00
5.948604659978823372e-01
1.417121720203385671e+00
-8.866911486478311621e-01
-3.506334670752988547e-01
-6.421652063168968860e-01
1.754538503895813450e+00
2.659741324116179362e-01
2.445839764776750247e+00
1.309770328244699300e+00
-2.160044778132262699e+00
-3.316024810961388791e-01
-2.603854662928032360e-01
3.524147302681494009e-01
-3.227084628802057154e+00
-1.555757203014037637e+00
-7.959497247811203602e-02
-1.062133275822031209e+00
1.563117886657261479e+00
7.959686893053319334e-02
-2.861960033062823650e-01
-2.460841079858449021e+00
4.722229741171055789e-02
4.994505673776429289e-01
-3.549362898347800055e+00
-2.187690618906632967e+00
-2.337543363844958311e+00
-2.321156156515485902e-01
-8.627718803508943601e-01
5.210784310688814092e-01
4.501011979349320846e-01
-2.549875574884890028e+00
8.484454803931857914e-01
3.634090671185434829e-01
-5.388311933828967559e-01
-3.280017042301561325e+00
-2.022448180566428277e+00
1.552225290906172894e-01
-1.628635046420450205e+00
1.335750062525498105e+00
4.848275184146000338e-02
9.348918434993302995e-03
1.420395219202870152e-01
1.985693746721163944e+00
2.219995805484118456e+00
-2.600914597829188324e+00
-4.811360410613328975e-01
-4.404741457243378511e-01
3.865231200395742306e-01
3.083603648220838434e-01
6.274967041078828300e-01
1.590879732327407314e+00
-5.623382154262762667e-01
3.638205153436826489e+00
2.837616700687592974e+00
5.891983654300450013e-01
-6.748666164018912728e-01
-4.721332991758042663e-02
1.907785912734051070e+00
-9.927840836987977813e-01
1.372775582659877092e+00
4.045192936068184864e-01
2.076009483555207036e-01
2.209185975028097548e+00
2.954841650769339800e+00
2.891466502708770481e+00
-1.691155559408676901e+00
8.596893105210670072e-01
9.485950129806122177e-01
-2.670368513531784505e-01
-1.615923590556715972e-01
-1.046028041803917619e+00
3.754092049435964196e-01
-1.016161144577234277e+00
2.915618634869306280e+00
2.062780511354910473e+00
-9.911019940793528438e-01
-2.570720838566785682e-01
-1.196882129549690088e-01
1.035531128990211158e+00
-2.571103133231908977e+00
-1.166538259185222026e+00
-1.580386383941764894e+00
-2.299227683839055292e+00
9.135043053426057380e-01
5.943560123559796793e-01
4.644527495750204182e-01
-2.574697362903961562e+00
3.872915104133366482e-01
8.200797163956023983e-01
-2.124811475709914355e+00
-1.527470293768695031e+00
-3.000000000000000000e+00
-1.527470293768859122e+00
-2.124811475709768249e+00
8.200797163953243984e-01
3.872915104137925058e-01
-2.574697362904127651e+00
4.644527495749354307e-01
5.943560123559331609e-01
9.135043053425186965e-01
-2.299227683838739544e+00
-1.580386383942092188e+00
-1.166538259184996429e+00
-2.571103133232162108e+00
1.035531128990212935e+00
-1.196882129547492957e-01
-2.570720838567721600e-01
-9.911019940791967464e-01
2.062780511354461055e+00
2.915618634869598047e+00
-1.016161144577272246e+00
3.754092049435681089e-01
-1.046028041803845010e+00
-1.615923590559718015e-01
-2.670368513529511323e-01
9.485950129803969455e-01
8.596893105214282738e-01
-1.691155559408804798e+00
2.891466502708545327e+00
2.954841650769508554e+00
2.209185975027971871e+00
2.076009483558374225e-01
4.045192936064767597e-01
1.372775582659952587e+00
-9.927840836988475193e-01
1.907785912734165201e+00
-4.721332991740612162e-02
-6.748666164019738734e-01
5.891983654302219708e-01
2.837616700687564553e+00
3.638205153436828709e+00
-5.623382154261633570e-01
1.590879732327365570e+00
6.274967041079048125e-01
3.083603648219598314e-01
3.865231200396439526e-01
-4.404741457243730451e-01
-4.811360410612846028e-01
-2.600914597829222075e+00
2.219995805484075824e+00
1.985693746721217900e+00
1.420395219202078840e-01
9.348918435093889201e-03
4.848275184132044835e-02
1.335750062525304038e+00
-1.628635046420430443e+00
1.552225290905695498e-01
-2.022448180566396303e+00
-3.280017042301627939e+00
-5.388311933828840994e-01
3.634090671184595500e-01
8.484454803933113576e-01
-2.549875574884715057e+00
4.501011979347211422e-01
5.210784310693360455e-01
-8.627718803513523271e-01
-2.321156156510022495e-01
-2.337543363844940991e+00
-2.187690618906682261e+00
-3.549362898347646400e+00
4.994505673770271437e-01
4.722229741245558693e-02
-2.460841079858701264e+00
-2.861960033061142772e-01
7.959686893037654087e-02
1.563117886657198419e+00
-1.062133275821698586e+00
-7.959497247820618293e-02
-1.555757203013706125e+00
-3.227084628802492805e+00
3.524147302681309712e-01
-2.603854662927278518e-01
-3.316024810960193081e-01
-2.160044778132087728e+00
1.309770328244114435e+00
2.445839764776968739e+00
2.659741324114933692e-01
1.754538503896066803e+00
-6.421652063167654356e-01
-3.506334670757417227e-01
-8.866911486476168891e-01
1.417121720202870527e+00
5.948604659985631260e-01
-2.389288137647090249e+00
1.497372042281927662e+00
1.940442202309167197e+00
2.908671341898137364e+00
1.172263494627934222e+00
1.534034617535099398e+00
1.137219484415751491e+00
-9.278247453385628507e-01
2.499999999999954703e+00
2.966753360937214312e-01
-7.942676433989785956e-01
-1.069507445488081299e+00
1.800695533515314972e+00
3.210675543351711791e+00
3.057019214003303675e-01
2.509014041963512742e+00
5.466080568176172605e-01
6.712860922068462077e-01
8.643725898578724642e-01
9.231598918608604487e-01
-3.185757440929064543e-01
-3.523444740622918570e+00
9.592102137492571901e-01
9.751945221450446510e-01
7.116313173735026032e-01
2.493337025037664356e-01
2.837268468999630811e-01
1.097026468366123941e+00
-1.003997194323237308e+00
1.779414751155492969e+00
-1.289334419096647144e+00
-3.234410401408409186e+00
-1.965212156749158945e+00
-4.142135623731966199e-01
6.246005680124108173e-01
-2.470125647346698372e+00
3.991752105222639013e-01
-3.633731952833427759e-01
-3.882206974252730425e-01
8.416983849202168688e-01
-7.308241192955581278e-01
-1.782209732598205587e+00
-4.364999814845489823e+00
-9.318439685088564239e-02
-5.867485112884154308e-01
-2.191733984375383582e+00
-9.993499278308827227e-01
-8.729347027964973194e-01
1.042803869563529995e+00
-4.670939935028352030e-01
1.712409059265700417e+00
-9.725353700575745108e-01
-3.108621239640851464e+00
-3.547393082579759493e-01
-3.813187461451388316e-01
-1.637715846397328479e-01
-2.816061908083795640e+00
3.390559249757949534e-01
8.968022466674762105e-01
5.112848356071377776e-01
2.781023798433523542e+00
4.442349697983097867e-01
1.194077071086641073e-02
-1.325965842275220741e+00
1.874614575539908401e+00
7.458151030967630213e-01
-2.196124095166229750e+00
3.197620600744809360e-01
3.135161605144578534e-01
2.342808959114878853e+00
1.474677863856952875e+00
2.816938784929951201e+00
1.221874436690945975e+00
-7.683757510108153443e-01
2.839816640244666512e+00
1.101271717782151605e+00
3.753548598919265178e-02
-1.876072843405310886e+00
6.473073192024803024e-01
1.752845075108279138e+00
4.177578527241623263e-01
3.155054883816970079e+00
6.732057941692787262e-01
7.890963109998155867e-01
8.888467251986522655e-01
2.371014182437331641e+00
6.839832702740356041e-01
-3.175521937364026215e+00
4.371209366454209544e-02
-4.747219311385106333e-01
5.262781872849769949e-01
2.174943488794245372e-01
6.094964924895918124e-01
4.482012393109414683e-01
-1.041528604687870896e+00
2.865514575867061264e+00
3.174650700319980867e-02
-2.009519986029785432e+00
-2.570551008675328042e+00
-1.147956428391799122e+00
-1.261888914225104408e-01
-2.423213135878962809e+00
4.189899373552554707e-01
-1.437067797337648001e+00
-8.165052534404273477e-01
9.476125141421268827e-01
9.094015093802654270e-01
-5.804732253859345992e-01
-4.118033988749999708e+00
-4.473438564582468135e-01
-1.341637469851661324e+00
-1.830335653823109476e+00
-1.352450382703553888e+00
-1.648629243919780940e+00
-3.421058138380025371e-01
-9.772413217390351070e-01
2.830516350730601260e+00
1.500664028360665370e-02
-2.162831917217665989e+00
-7.363073484174480487e-01
-4.355684414283663708e-01
1.042678875105729208e-01
-2.708267767033987639e+00
-1.253393933220506851e-01
-1.002571800230341870e+00
-3.419760123335985336e-01
2.739491574924349138e+00
1.503934624922761198e+00
7.388826902953576914e-01
-1.431594065160419538e+00
2.188216342744785159e+00
9.914159170156129353e-01
-1.163204460687802477e+00
2.843543496640699164e-02
-9.886272249268639456e-01
9.063053841505970265e-01
7.822748193058772781e-01
3.621948394244763669e+00
1.408349034261022981e+00
-4.908606455491116294e-01
2.739152594931253404e+00
1.805153855670535101e+00
1.395588188463634083e+00
-1.459930258899757138e+00
2.656563172897006275e-01
7.403376315194970525e-03
-2.150335269041571129e-01
3.166195264208680360e+00
8.663926171702998058e-01
7.531791384011876644e-01
3.674494893432852516e-01
3.212569024298103759e+00
1.795367288635679293e+00
-1.678065152620891176e+00
1.281780895368064277e-01
-1.555453684950259818e+00
-1.537194016706882049e-01
-1.860115987971360241e-01
9.999999999998020472e-01
-2.869863952498296622e-01
-1.622553495956764014e+00
2.868625196456116022e+00
1.026967317307892813e+00
-1.814878191557688369e-01
-2.070947870004446578e+00
-1.222666990336055637e+00
-1.033088578389064427e+00
-2.428235218485639280e+00
5.915446376727228062e-01
-2.180740581111784593e+00
-1.709021816268444960e+00
-8.278374165474455815e-02
1.694053787478348561e+00
6.083716757700381450e-01
-2.952512791597691866e+00
-2.171730583750345334e-01
-1.933339723503754382e+00
-1.478268023509962115e+00
-1.282767995201775202e+00
-1.712219304751740445e+00
-1.811153886868698937e+00
-2.329376738569358452e+00
2.690616188516069318e+00
5.895985537838613899e-01
-8.311133398337204881e-01
-6.661415866253963536e-01
-3.477526480136241549e-01
2.357840990454067587e-01
-2.013730669792614503e+00
2.948758782099544229e-01
-2.315477355079941013e+00
-1.657392366233588987e+00
1.524254812810517556e+00
1.877952753409503295e+00
1.357602150792175388e+00
-1.218019120486798057e+00
2.313036156735710058e+00
9.620201181645575694e-01
1.786025145882967069e-01
6.978171171435151310e-01
-1.183451155474009031e+00
-5.146409691094467886e-01
-5.993020504925803404e-01
3.585795566176793070e+00
1.377582462470758662e+00
-1.187180917503720401e-01
2.238403902032063630e+00
1.972228878480701386e+00
2.500000000000022649e+00
-1.790849656572263138e-01
1.067901980095315562e+00
-1.123314907243372351e+00
-1.077691356549598023e+00
2.508721387296051653e+00
9.683166742703073204e-01
6.953663014933152420e-01
-4.438496335171022711e-01
3.145430341603491442e+00
2.195788379503920140e+00
1.893080446597831257e-01
1.203972719177835771e+00
-1.629795349686247619e+00
-7.786833366822829561e-01
-8.229638684822196959e-01
1.387977420722170674e+00
-7.875328738186673228e-01
-2.254125021671023354e+00
1.862028542764132322e+00
1.027941496293436785e+00
1.281325327374460255e+00
-8.596856633750771248e-01
-3.937106929619285101e-01
-1.648404916241924756e+00
-2.407130299750180669e+00
8.516792278537910210e-01
-2.258288451636591532e+00
-2.366811598297495323e+00
-1.727712995341351920e+00
1.289859003054236508e+00
9.346649790751448972e-01
-1.529417776837690424e+00
5.457934774747960072e-01
-2.126992882818126596e+00
-1.215853651618618025e+00
-9.961616669438149163e-01
-9.394710696222454693e-01
-2.588429096833023912e+00
-3.693474575357146072e+00
1.439097199573103891e+00
2.019209525054526111e-01
1.967557165995016399e-01
-3.218008832524489327e-01
-7.580407240751746434e-02
5.111786277770147269e-02
-1.207750736826076920e+00
1.396228724933510801e+00
-2.455749468043501249e+00
-2.505602636128625438e+00
-2.787682579175383424e-01
1.362933038613349801e+00
1.392990553665490738e+00
-8.651074829232726637e-01
2.291047835638330366e+00
4.803203473166800519e-01
1.139492570581639663e+00
1.778348241485716574e+00
-1.244282619703407922e-01
-1.089830609630927594e+00
-1.894362452693832299e+00
2.832644807564592249e+00
9.239695624916509642e-01
2.676786412027296613e-01
1.572203194385680236e+00
1.551121651693174286e+00
2.689943734761352623e+00
1.116570643552363018e+00
2.720726153258027580e+00
-1.117278966288856257e+00
-1.471332274352121772e+00
1.518518602128368311e+00
9.139963009832920982e-01
6.938527497198939686e-01
-1.097598562059519445e+00
2.414213562372790278e+00
1.492214162701956948e+00
1.458137503780907451e+00
2.602505930603010054e+00
-6.242693443111736462e-01
-8.555557774534592319e-01
-1.372607049735405482e+00
1.706175187062270560e+00
-9.149727915491806529e-01
-2.386687397458020055e+00
4.827427326980942013e-01
2.624446934699309342e-02
1.599389397450652339e+00
2.431953787535170441e-01
1.036550212907259905e+00
-1.715931172987656073e+00
-2.228210695341303893e+00
1.041372740478249792e+00
-1.703201170536105202e+00
-2.274830590458628787e+00
-3.085094504292694495e+00
1.090335559773883967e-01
4.062837792537035697e-02
-6.288037110197710611e-01
1.405313627496069584e+00
-1.881966011250160165e+00
-1.066493055182944349e+00
-8.119451540255885336e-01
3.064290771961715731e-01
-2.368073460742363689e+00
-4.183519321395711366e+00
-1.416316991764821065e-01
-1.073357822437964959e+00
3.899197590802970792e-01
-7.317745341809850368e-02
3.354916398844034475e-01
-4.639744675942841234e-01
-7.631177659009712455e-01
2.519632921624632260e+00
-1.528825734149073856e+00
-2.250203535040586011e+00
-1.733016007350185905e+00
3.372948670121485581e-01
6.681624872838868301e-01
-6.098053832343456326e-01
2.197551788550114349e+00
-3.272826505015808962e-01
1.278030883229017256e+00
2.452523635194059359e+00
1.604479994500978224e+00
-5.559007129280858495e-01
-2.322676077700779107e+00
1.897706620545377865e+00
1.104936102045659396e-01
5.666444698693624549e-01
1.024431292546129191e+00
8.878560442481669979e-01
1.821516063961876597e+00
1.617652093966780225e+00
4.335017277056884666e+00
-1.426470135199483513e-01
-9.574400610192503880e-01
7.146407951120464785e-01
7.856180282456254327e-01
7.296636335151172048e-01
-1.223208109564734691e+00
1.634064846093470802e+00
-3.120733155686206128e-02
1.552170207915650968e+00
3.409754792192138062e+00
9.164310608674258729e-01
-2.655615635688944876e-01
-1.511452455627157576e+00
1.928820737634234561e+00
-7.689071094783019866e-01
-1.760073510670219443e+00
-4.608087246981673046e-01
-1.323229373304052103e+00
6.518608522560153107e-01
5.062681208279878886e-01
2.377640467981581462e+00
-1.327930984369994682e+00
-1.800242655670658110e+00
1.019568491148841183e+00
-8.780559749008953752e-01
-1.421891187202503737e+00
-3.412492383689563091e+00
-9.601489853804298091e-01
-1.702949598405921305e+00
-6.757989998407932797e-01
1.799826690005719376e+00
-1.386102900154338791e+00
-1.006584294867884477e+00
-9.487613628156217338e-01
1.394291209525727604e+00
-1.482448927852314302e+00
-3.404995941143466265e+00
-1.114377956037491124e+00
-2.566192172318987996e+00
-3.031622411126432270e-01
-2.416553217710204482e-01
7.533939506085054472e-01
-1.156034503064898189e+00
-8.672867085078426186e-01
2.955757131297351403e+00
-2.498281658848049425e-01
-9.529675244813964330e-01
-2.109805763441991999e+00
-4.747997140594490961e-01
-5.658226090545646070e-01
-5.944864992736701437e-01
2.079398317723545109e+00
-1.110911494329965166e+00
6.470477900595885679e-01
2.151992942281780952e+00
3.038323638784529379e+00
6.241716037549573937e-01
-1.579143394388808463e+00
1.395546021606662412e+00
-7.400333309442742591e-01
7.151443911273602794e-01
7.678538964314132187e-01
4.930917951102827268e-01
3.485385780829152180e-01
1.054472299721053385e+00
