5.000000000000000000e+00
1.391805064858776531e+00
1.185823926762123559e+00
1.626767507608860130e+00
-1.822374094488952156e+00
-1.141693637087087598e+00
-9.889235748540796678e-01
-1.989057729046515011e-01
-4.565584066467592850e-02
7.915655345924904607e-01
2.462147261432267253e+00
-9.449688498713192386e-01
3.258650462568953299e-01
1.560087416774945668e-01
-3.623410148389421437e+00
-7.545202071917195275e-01
-1.435805106454681956e+00
-2.290492816495749206e+00
-2.140464261300227822e-01
-6.369887275809129612e-01
-3.354040999533259848e-01
-1.203556909644767359e+00
3.239567086527843642e-01
4.594854239717394151e-02
-1.380679496395420980e+00
2.407130299749870694e+00
3.487689094079817198e-01
-1.953596803211543609e-01
2.392508093278707282e+00
-8.173778411537157007e-01
-3.505616097293262623e-01
4.027664829476061970e-01
8.766939338159807082e-03
9.186041965973075207e-01
1.438323731537004102e+00
3.555286370472431123e+00
1.357215915022611075e+00
1.450621388438582127e+00
2.193425704676043253e+00
-2.647114942170143426e+00
-1.139723861651802617e+00
-1.075115168182759984e+00
-3.094080979347273441e+00
9.866485237349875703e-02
4.363353953644031336e-01
8.345157688354998271e-01
7.882833552413711642e-01
6.022983555634725539e-01
-1.171991376720867839e-01
-3.348472435264620017e+00
-1.278768257917505036e+00
-2.352726053027702768e+00
-3.626998092171928700e+00
9.237102206780303248e-01
-4.464625408438640530e-01
1.172962805612387804e-01
2.246597876084053702e+00
4.575232316433626156e-01
5.065287513534266761e-01
-7.623265829561498563e-02
7.160028192374805478e-01
-2.348470184316264753e-01
-2.502931601560681729e-01
2.635706913775234916e+00
-3.673708262560987370e-01
8.643650061955862052e-01
2.445063242954101490e+00
-1.001098062306026604e+00
1.193264390298506505e+00
1.346976370326556705e+00
3.479296165413681696e-01
1.267002378619477954e+00
8.840080204902369676e-01
9.149784323650417273e-01
-1.679713129262689675e+00
-8.596893105212737307e-01
-1.156503333552109547e+00
-3.977045382148861385e+00
-2.226404539439097441e-02
-5.280271189707986812e-01
-1.132408538690442112e+00
2.222075103819908470e+00
2.545749421205241170e-01
-3.451314777110356946e-01
-8.904436919125553462e-01
-1.824967855340349221e+00
-2.442324988251435958e+00
-3.075215611693337792e+00
3.565327562507185633e-01
-4.755725741997652856e-01
6.533466787279527122e-01
4.254525553055628073e+00
8.388791256549742448e-01
1.680538415427056176e+00
1.917586402203619755e+00
-1.171990608326129779e+00
-2.556143844358456096e-01
-3.246104878047638698e-01
4.534121764778921704e-01
3.313925596882076330e-01
1.500000000000024869e+00
2.874089705508948711e+00
-3.348881201358427928e-01
1.698194020091448708e+00
1.039014875857002140e+00
-2.196968650459226069e+00
7.949509146220145039e-01
-6.685589371526652336e-01
-1.484602634521853259e+00
-7.492329928197272171e-02
-1.025586543979320364e+00
-1.113944006633882822e+00
-2.183729082506353780e+00
-4.732532674460286914e-01
-1.123819784371225428e+00
-1.871764369374133707e+00
1.996701998592212091e+00
-5.176478399710080502e-01
-4.201230122463447958e-01
1.549101451774578697e+00
-1.987636821999208436e+00
-1.296256751108384009e+00
-9.404434211178578362e-01
-1.078989422805794351e+00
1.120716475715444194e-02
1.121320343559633059e+00
3.578284943681535601e+00
1.600431897792082614e+00
2.625695734207578624e+00
2.983552155114935545e+00
-1.669256248374098028e+00
2.394576962987772228e-01
-5.088656673712748102e-01
-2.260112960608569033e+00
8.531858347857315117e-01
9.026938484044826350e-01
1.545236080265144585e+00
1.493335740279704060e+00
1.642602147869535401e+00
6.440195992029290606e-01
-2.384667778656140769e+00
-2.880045262398761574e-01
-2.337423372536696853e+00
-3.405491011977582527e+00
4.856191797669791033e-01
-1.706278552822993344e+00
-8.448860283342931599e-01
8.066928257492406162e-01
-8.688034237144496297e-01
-5.120764061762672625e-01
-8.579604780798144592e-01
2.335041423086145485e-01
-9.019901679619155566e-01
-4.366338115573669687e-01
1.976036076918312290e+00
-1.375616924438268773e+00
4.013494389397535000e-01
1.342005724175348913e+00
-1.678976959396071944e+00
1.195613445438836964e+00
1.367032018177489539e+00
1.153864618379061069e+00
2.387293553228892584e+00
2.314933663691800536e+00
2.255477615388215895e+00
-4.721493920326983451e-01
4.814814281753271863e-01
-6.939120543163993515e-01
-3.299306715020117409e+00
6.695103182827661925e-01
-4.861063987752031190e-01
-3.959119353880246606e-01
2.795881530414630056e+00
6.663967060895424899e-01
3.224346441693579646e-01
-5.895985537835193302e-01
-1.694190688289217039e+00
-2.919831535413790036e+00
-3.663500519453289250e+00
-6.664958998518401012e-01
-2.166804475277483100e+00
-4.584567628272109285e-01
2.701780735682526746e+00
-5.970791973642730621e-01
1.100274424895291592e+00
1.077958453737356548e+00
-1.514344683408092251e+00
-3.582218663324816532e-01
-5.354689429556125368e-01
2.468150531346339771e-01
-1.104797368244753303e-01
1.381149469495373650e+00
2.391235001965668516e+00
-4.376920893252376210e-01
2.383250435878268458e+00
1.451526351945409576e+00
-8.291346222420157286e-01
2.491694560540517855e+00
6.723094551950414832e-01
2.121163161769597516e-01
1.118033988749872698e+00
-1.973327765692004521e-01
-7.081271653219360918e-01
-1.997641240422444842e+00
-2.905821831260270161e-01
-1.419297875008394882e+00
-1.520194159043158466e+00
2.219809321363470644e+00
-6.678348711233876855e-01
2.698116497789355972e-02
1.219510555789687256e+00
-2.642108605444073444e+00
-2.002707161851507323e+00
-2.316221637690380142e+00
-2.510160043442244415e+00
-1.599135811337354607e+00
-1.601817938619638504e-01
2.344128868961212753e+00
5.835415720638441606e-01
2.511605719458924746e+00
2.526968194675238699e+00
-1.626188227808811337e+00
7.352028332650750730e-01
-6.452821368748504760e-01
-1.942895966411510855e+00
1.062133275821936618e+00
9.424505423405025173e-01
1.873287487612975255e+00
1.951496802613179371e+00
2.612239737726853583e+00
1.565316414097185138e+00
-8.564755823455355577e-01
1.459593875531263407e+00
-1.225285483259205943e+00
-1.837981807739448303e+00
1.334454489768691632e+00
-1.588213108477386948e+00
-6.007498758321943022e-01
3.273755974781141775e-01
-1.384073558750907207e+00
-9.710181776014250588e-01
-1.198469746276977554e+00
2.777181562317365682e-02
-1.327854475689016267e+00
-4.437109051300287543e-01
1.281026130552460174e+00
-2.439822096028494869e+00
-4.208236180457577968e-01
-4.320128416197226984e-01
-3.185354876636289134e+00
-3.219646771412953967e-14
5.634759378902765015e-02
5.789332250280978531e-01
2.143889157292736769e+00
2.571528233419347664e+00
2.605316304666847049e+00
9.229314066941984862e-02
1.352768589929735032e+00
-5.002543873694473842e-01
-2.638047405311320315e+00
1.290150511108763665e+00
-3.490254417594585434e-01
5.493150654187275439e-01
3.606213946879246013e+00
1.601324087562513210e+00
1.700668986592746901e+00
6.835217011177971980e-01
-3.695214983451111657e-01
-2.056516666534636606e+00
-2.809483758134265319e+00
-4.307370427592914774e-01
-2.681803503784896403e+00
-6.718814365728295046e-01
1.648211616978362937e+00
-1.666970941409756657e+00
5.559007129279368575e-01
9.800946197407606197e-02
-2.032116122008971626e+00
-7.858272297633592807e-01
-1.099962911523134856e+00
-4.509969510823916838e-01
-1.148224198844666866e+00
4.592799662343861611e-01
8.451772842661553486e-01
-1.663290912652651610e+00
1.698413286249663701e+00
4.976133558451150685e-01
-6.485778740862517822e-01
3.060877668214553537e+00
1.262020664466128483e+00
1.470177022918250032e+00
2.144774684980144563e+00
7.751065097242685331e-01
-1.418517639550920251e-05
-1.327732328542024831e+00
3.687434255482224810e-01
-1.144956568806365205e+00
-4.907511298039786696e-01
3.080363707705415344e+00
9.129406686398700010e-02
1.499999999999941824e+00
1.994549258420692528e+00
-1.972602906107861376e+00
-1.460884108222747502e+00
-2.522300640382791670e+00
-2.978876755364312068e+00
-2.558137593656129471e+00
-1.110451946678991275e+00
1.026412357645668294e+00
-6.982675241447129366e-01
1.854094764632911341e+00
1.364315954171450240e+00
-2.210286250164007704e+00
4.427643713898894440e-01
-1.536572871825577113e+00
-2.379109997380892239e+00
3.384781256692439566e-01
6.463304453172558084e-03
1.081259170079184484e+00
1.250346181651133648e+00
2.410075834855944343e+00
1.422129085330857023e+00
-8.343064115568943340e-02
2.630313114040751188e+00
-2.462963802541514591e-01
-2.843543496629463707e-02
2.599478530584868885e+00
-6.992961178441599035e-01
4.816168516959975499e-01
7.081468209132832925e-01
-9.834861731048680777e-01
-5.818932716597379207e-01
-6.540513566672342405e-01
6.754834587010641878e-01
-7.827648603354029344e-01
5.760663066597009330e-01
1.559156422176825707e+00
-2.415008648253051060e+00
-3.805895632541781426e-01
-1.575864027369030973e+00
-4.259913986424751720e+00
-1.242613156722263135e+00
-1.599172236816805981e+00
-6.512643269732554252e-01
9.955784814080117506e-01
1.819792702185727862e+00
1.873418928820922424e+00
-3.018478038285684617e-01
1.240051296216969634e+00
-1.204492102920128538e+00
-2.760073510670183250e+00
9.704182991912504441e-01
-1.062883808591057022e+00
6.298125165015115989e-01
3.510251871538045076e+00
1.855778225325604325e+00
2.563337899666776387e+00
1.767517933223396787e+00
1.105198887440947964e+00
-6.791698630536132653e-01
-1.092919181870290579e+00
7.826559696395647414e-01
-1.986853530854384875e+00
2.911862848855230057e-01
1.627649468172863934e+00
-1.664289666076807839e+00
8.616968208873343471e-01
-9.443593434535335618e-02
-1.750944316626980468e+00
-5.050421928842633301e-01
-9.330071430047049974e-01
-5.194562153599002752e-01
-1.632640565163375523e+00
-1.575404089145286401e-01
-7.154561668884243941e-01
-3.121320343559678800e+00
3.019256530410943107e-01
-1.407268091231522966e+00
-1.571728130013426261e+00
2.287854480124595025e+00
6.214414081201369289e-01
1.562625753648100968e+00
2.128771833505979316e+00
9.012873687318928573e-01
-3.065726480189012726e-02
-1.240972457468100032e+00
4.223726882947059780e-01
-1.361532917252843422e+00
1.363605332612618515e-01
3.535379124135728635e+00
7.840675609526480683e-01
3.099855823701648028e+00
3.168252659111526093e+00
-4.680812073442659482e-01
1.106989848957918854e-01
-1.457757742218883656e+00
-2.092754976206046003e+00
-2.188703374247624289e+00
-8.472738538266780806e-01
6.663051586092132439e-01
-1.118033988749952190e+00
1.779672450803414518e+00
6.341742101199630000e-01
-2.340885823987997494e+00
3.859634466219462601e-01
-2.188059679107126954e+00
-2.663965661771707794e+00
-4.884640839678940916e-01
-1.201153812182084391e+00
-3.094183506259473582e-01
-3.101606694755287830e-01
1.048332713869416510e+00
-5.294593253627100093e-02
-6.441675827320859637e-01
2.382626381301931495e+00
-4.222562392024949984e-01
8.403223378695876544e-01
3.064891305810570898e+00
-2.394742085499403927e-01
1.242853644811153124e+00
8.988839443102547566e-01
-6.322362062427295815e-01
-2.054642926704786099e-01
1.499696747940071351e-02
1.528720549311592070e+00
2.416553217714020874e-01
2.288922019714076050e+00
2.724652149176790772e+00
-1.125712460923696812e+00
9.611290175982195594e-01
-1.340726234462527700e+00
-3.932398653510704278e+00
-1.378683289794758071e+00
-2.327706254319879431e+00
-1.257472770506851578e+00
1.856244593306922985e-01
1.190785915536930251e+00
1.068143801146343996e+00
-7.923448667032175763e-01
8.512184770782779131e-01
-2.208455768928640151e+00
-3.232992310066848063e+00
-4.755901427746955790e-03
-2.507000201904729941e+00
-2.781778539460275645e-01
2.159579381200514625e+00
8.141332217719590147e-01
2.034114928046599324e+00
1.577179382916225281e+00
1.477338656522074523e+00
-1.031977533325506569e-01
1.603807544562046994e-01
1.739910421712723254e+00
-1.163676029382877175e+00
1.495283836379255105e+00
1.919155846884977423e+00
-1.140954703033535633e+00
1.619797349556292287e+00
2.854781082624231470e-01
-7.452358955723291656e-01
5.933434628599139060e-01
2.722674525327084538e-01
5.678619679474421478e-01
-7.961126903510817865e-01
5.045700418947782762e-01
-1.104867886390089371e+00
-3.512958516168733780e+00
-4.674864670847058701e-01
-2.934404206297790196e+00
-2.416696664341519529e+00
1.190464875822156099e+00
-4.362750874395249223e-01
1.062094230398390682e+00
1.447110424351961466e+00
3.560405451495154416e-01
-7.890963109999646896e-01
-1.893536861668584148e+00
-4.535984407204483038e-01
-2.549568062788027945e+00
-3.385050671519856391e-01
2.706051448790957270e+00
3.483410891090614747e-01
3.585582440384532887e+00
3.433874258606179009e+00
5.325070779503513485e-01
1.438502674383217883e+00
-2.378115170399853762e-01
-7.698528804944071435e-01
-1.152291549620440669e+00
2.066293980203806058e-01
1.093053049574898017e+00
-6.359757724677981283e-01
2.489047778604098315e+00
7.251528214025244612e-01
-1.505801369522467459e+00
1.223810007125714971e+00
-1.765025711673127606e+00
-1.830716664768629709e+00
-2.893782850109641314e-01
-1.438759376602825713e+00
-1.000000000000000000e+00
-1.438759376602981810e+00
-2.893782850108936877e-01
-1.830716664768787139e+00
-1.765025711673194664e+00
1.223810007125729626e+00
-1.505801369522502320e+00
7.251528214026062846e-01
2.489047778604077887e+00
-6.359757724676748936e-01
1.093053049574889135e+00
2.066293980202912328e-01
-1.152291549620328981e+00
-7.698528804945001802e-01
-2.378115170400514344e-01
1.438502674383266733e+00
5.325070779502781848e-01
3.433874258606207430e+00
3.585582440384546210e+00
3.483410891091442974e-01
2.706051448790941283e+00
-3.385050671519774235e-01
-2.549568062787900047e+00
-4.535984407204467495e-01
-1.893536861668537519e+00
-7.890963109999162839e-01
3.560405451494415563e-01
1.447110424352136882e+00
1.062094230398341832e+00
-4.362750874394758505e-01
1.190464875822326185e+00
-2.416696664341534184e+00
-2.934404206297580586e+00
-4.674864670847066472e-01
-3.512958516168788403e+00
-1.104867886389965248e+00
5.045700418946902355e-01
-7.961126903509760933e-01
5.678619679473191351e-01
2.722674525326328476e-01
5.933434628600134930e-01
-7.452358955723763501e-01
2.854781082625660327e-01
1.619797349556345356e+00
-1.140954703033506767e+00
1.919155846885133521e+00
1.495283836378976883e+00
-1.163676029382906041e+00
1.739910421712673294e+00
1.603807544559756604e-01
-1.031977533324818785e-01
1.477338656522070304e+00
1.577179382916206851e+00
2.034114928046689030e+00
8.141332217719801090e-01
2.159579381200591008e+00
-2.781778539462530508e-01
-2.507000201904697967e+00
-4.755901427776487722e-03
-3.232992310067125175e+00
-2.208455768928566876e+00
8.512184770782231791e-01
-7.923448667033735626e-01
1.068143801146117955e+00
1.190785915536982653e+00
1.856244593308153945e-01
-1.257472770506714799e+00
-2.327706254319934942e+00
-1.378683289794609523e+00
-3.932398653510642106e+00
-1.340726234463009758e+00
9.611290175982860617e-01
-1.125712460923814051e+00
2.724652149176345350e+00
2.288922019714216383e+00
2.416553217713323098e-01
1.528720549311399779e+00
1.499696747956946741e-02
-2.054642926703956762e-01
-6.322362062426474250e-01
8.988839443101639404e-01
1.242853644811309222e+00
-2.394742085500168871e-01
3.064891305810327093e+00
8.403223378697984858e-01
-4.222562392026815159e-01
2.382626381301882645e+00
-6.441675827318324998e-01
-5.294593253639989783e-02
1.048332713869480681e+00
-3.101606694752941373e-01
-3.094183506259045036e-01
-1.201153812182115921e+00
-4.884640839677001911e-01
-2.663965661771860560e+00
-2.188059679107088318e+00
3.859634466220180915e-01
-2.340885823988039238e+00
6.341742101200273929e-01
1.779672450803329919e+00
-1.118033988749813190e+00
6.663051586092221257e-01
-8.472738538267432507e-01
-2.188703374247405797e+00
-2.092754976206235185e+00
-1.457757742218885211e+00
1.106989848959070155e-01
-4.680812073444587940e-01
3.168252659111574943e+00
3.099855823701714641e+00
7.840675609526740475e-01
3.535379124135753059e+00
1.363605332611637078e-01
-1.361532917252723074e+00
4.223726882946184924e-01
-1.240972457468110024e+00
-3.065726480187702663e-02
9.012873687317242144e-01
2.128771833505993527e+00
1.562625753648007931e+00
6.214414081200726470e-01
2.287854480124688727e+00
-1.571728130013485769e+00
-1.407268091231410612e+00
3.019256530411316142e-01
-3.121320343559673027e+00
-7.154561668885576209e-01
-1.575404089145212572e-01
-1.632640565163462121e+00
-5.194562153601034460e-01
-9.330071430048119119e-01
-5.050421928842626640e-01
-1.750944316626948716e+00
-9.443593434538377629e-02
8.616968208873946322e-01
-1.664289666076726348e+00
1.627649468172780001e+00
2.911862848855816255e-01
-1.986853530854417071e+00
7.826559696393368126e-01
-1.092919181870302348e+00
-6.791698630536801007e-01
1.105198887440734357e+00
1.767517933223397675e+00
2.563337899666820796e+00
1.855778225325708464e+00
3.510251871538134338e+00
6.298125165016046356e-01
-1.062883808590976864e+00
9.704182991912722045e-01
-2.760073510670135732e+00
-1.204492102920128094e+00
1.240051296216941434e+00
-3.018478038285457021e-01
1.873418928820866913e+00
1.819792702185761613e+00
9.955784814080809175e-01
-6.512643269733542351e-01
-1.599172236816714499e+00
-1.242613156722158108e+00
-4.259913986424793464e+00
-1.575864027368753195e+00
-3.805895632541863582e-01
-2.415008648253024415e+00
1.559156422176901646e+00
5.760663066595991255e-01
-7.827648603354117052e-01
6.754834587009919122e-01
-6.540513566673139545e-01
-5.818932716595951460e-01
-9.834861731049036049e-01
7.081468209133914282e-01
4.816168516960069867e-01
-6.992961178441164938e-01
2.599478530584872882e+00
-2.843543496644496127e-02
-2.462963802540664160e-01
2.630313114040676581e+00
-8.343064115583198603e-02
1.422129085330910092e+00
2.410075834855941235e+00
1.250346181651102340e+00
1.081259170079119869e+00
6.463304453167340036e-03
3.384781256691219986e-01
-2.379109997381057884e+00
-1.536572871825472753e+00
4.427643713898131717e-01
-2.210286250164026800e+00
1.364315954171156697e+00
1.854094764633167136e+00
-6.982675241447269254e-01
1.026412357645533291e+00
-1.110451946678767232e+00
-2.558137593656180098e+00
-2.978876755364428419e+00
-2.522300640382906245e+00
-1.460884108222684663e+00
-1.972602906107993714e+00
1.994549258420448057e+00
1.500000000000155653e+00
9.129406686385432845e-02
3.080363707705337628e+00
-4.907511298037205982e-01
-1.144956568806398067e+00
3.687434255481994994e-01
-1.327732328541934015e+00
-1.418517651774475752e-05
7.751065097240690260e-01
2.144774684980111701e+00
1.470177022918262466e+00
1.262020664465981934e+00
3.060877668214700087e+00
-6.485778740860456137e-01
4.976133558450019367e-01
1.698413286249945031e+00
-1.663290912652480191e+00
8.451772842661183782e-01
4.592799662346173650e-01
-1.148224198844657096e+00
-4.509969510825206918e-01
-1.099962911523192588e+00
-7.858272297634082415e-01
-2.032116122009028025e+00
9.800946197407095495e-02
5.559007129281697823e-01
-1.666970941409728013e+00
1.648211616978409788e+00
-6.718814365725891413e-01
-2.681803503784913723e+00
-4.307370427593815165e-01
-2.809483758134395437e+00
-2.056516666534721871e+00
-3.695214983451947655e-01
6.835217011176694113e-01
1.700668986592767329e+00
1.601324087562443488e+00
3.606213946879242016e+00
5.493150654188596604e-01
-3.490254417595476943e-01
1.290150511108817177e+00
-2.638047405311187976e+00
-5.002543873695295407e-01
1.352768589929734588e+00
9.229314066932559069e-02
2.605316304666767113e+00
2.571528233419299703e+00
2.143889157292758085e+00
5.789332250280254666e-01
5.634759378908515970e-02
4.651834473179405904e-14
-3.185354876636468546e+00
-4.320128416194853327e-01
-4.208236180459353770e-01
-2.439822096028346099e+00
1.281026130552318287e+00
-4.437109051301530993e-01
-1.327854475688863944e+00
2.777181562285890859e-02
-1.198469746276848991e+00
-9.710181776013621091e-01
-1.384073558751137689e+00
3.273755974784152145e-01
-6.007498758323405186e-01
-1.588213108477272595e+00
1.334454489768809315e+00
-1.837981807739714091e+00
-1.225285483258938379e+00
1.459593875531043583e+00
-8.564755823455176831e-01
1.565316414097380093e+00
2.612239737726650635e+00
1.951496802613451154e+00
1.873287487612916191e+00
9.424505423404906379e-01
1.062133275822090717e+00
-1.942895966411696484e+00
-6.452821368745881303e-01
7.352028332650000220e-01
-1.626188227808804232e+00
2.526968194675426549e+00
2.511605719458778641e+00
5.835415720640586557e-01
2.344128868961218970e+00
-1.601817938619505277e-01
-1.599135811337080604e+00
-2.510160043442374977e+00
-2.316221637690224266e+00
-2.002707161851479345e+00
-2.642108605444164038e+00
1.219510555789879547e+00
2.698116497766110677e-02
-6.678348711232441337e-01
2.219809321363392041e+00
-1.520194159043102955e+00
-1.419297875008142418e+00
-2.905821831262397903e-01
-1.997641240422304731e+00
-7.081271653218969009e-01
-1.973327765692788338e-01
1.118033988749983276e+00
2.121163161765644012e-01
6.723094551952067954e-01
2.491694560540389958e+00
-8.291346222422693035e-01
1.451526351945795712e+00
2.383250435877998896e+00
-4.376920893249988120e-01
2.391235001965815066e+00
1.381149469495120741e+00
-1.104797368243136263e-01
2.468150531343186183e-01
-5.354689429555752334e-01
-3.582218663324269192e-01
-1.514344683408358261e+00
1.077958453737314137e+00
1.100274424895424819e+00
-5.970791973644289374e-01
2.701780735682582701e+00
-4.584567628270317940e-01
-2.166804475277336106e+00
-6.664958998519472377e-01
-3.663500519453104953e+00
-2.919831535413832668e+00
-1.694190688289364921e+00
-5.895985537833949852e-01
3.224346441693771714e-01
6.663967060892019845e-01
2.795881530414643823e+00
-3.959119353880631298e-01
-4.861063987752568538e-01
6.695103182828846533e-01
-3.299306715020013048e+00
-6.939120543163286303e-01
4.814814281754964953e-01
-4.721493920325918747e-01
2.255477615388078227e+00
2.314933663691703281e+00
2.387293553228897025e+00
1.153864618378896756e+00
1.367032018177388952e+00
1.195613445439043909e+00
-1.678976959395964919e+00
1.342005724175563852e+00
4.013494389400737994e-01
-1.375616924438233468e+00
1.976036076918250561e+00
-4.366338115572698797e-01
-9.019901679621337154e-01
2.335041423084299184e-01
-8.579604780797012165e-01
-5.120764061762158592e-01
-8.688034237143076322e-01
8.066928257493886090e-01
-8.448860283339802990e-01
-1.706278552823002670e+00
4.856191797670256216e-01
-3.405491011977602067e+00
-2.337423372536976185e+00
-2.880045262400330319e-01
-2.384667778656104353e+00
6.440195992029182914e-01
1.642602147869579365e+00
1.493335740279851942e+00
1.545236080265166123e+00
9.026938484045634592e-01
8.531858347856742242e-01
-2.260112960608720911e+00
-5.088656673714000434e-01
2.394576962986045277e-01
-1.669256248374153984e+00
2.983552155114928439e+00
2.625695734207618592e+00
1.600431897792231162e+00
3.578284943681530272e+00
1.121320343559696564e+00
1.120716475719607530e-02
-1.078989422806008402e+00
-9.404434211178732683e-01
-1.296256751108388894e+00
-1.987636821999342995e+00
1.549101451774747229e+00
-4.201230122463373018e-01
-5.176478399710155998e-01
1.996701998592190108e+00
-1.871764369374163017e+00
-1.123819784371201447e+00
-4.732532674461927824e-01
-2.183729082506303154e+00
-1.113944006633848627e+00
-1.025586543979318144e+00
-7.492329928182717147e-02
-1.484602634521784648e+00
-6.685589371526978741e-01
7.949509146220210543e-01
-2.196968650459366401e+00
1.039014875857002362e+00
1.698194020091407408e+00
-3.348881201358318016e-01
2.874089705509080606e+00
1.500000000000112355e+00
3.313925596884557678e-01
4.534121764779153185e-01
-3.246104878046309761e-01
-2.556143844358738093e-01
-1.171990608326236138e+00
1.917586402203639517e+00
1.680538415426917176e+00
8.388791256550321984e-01
4.254525553055724885e+00
6.533466787280785004e-01
-4.755725741995919797e-01
3.565327562508476822e-01
-3.075215611693186801e+00
-2.442324988251447504e+00
-1.824967855340433154e+00
-8.904436919124865124e-01
-3.451314777111414989e-01
2.545749421205396601e-01
2.222075103819824538e+00
-1.132408538690476529e+00
-5.280271189704924817e-01
-2.226404539446824593e-02
-3.977045382148814312e+00
-1.156503333552014068e+00
-8.596893105214956643e-01
-1.679713129262597526e+00
9.149784323648813000e-01
8.840080204901522576e-01
1.267002378619440872e+00
3.479296165413233721e-01
1.346976370326735672e+00
1.193264390298371724e+00
-1.001098062305987302e+00
2.445063242954183202e+00
8.643650061953119801e-01
-3.673708262560698712e-01
2.635706913775131000e+00
-2.502931601559480468e-01
-2.348470184319523257e-01
7.160028192372611677e-01
-7.623265829566649998e-02
5.065287513534084685e-01
4.575232316433547330e-01
2.246597876084259315e+00
1.172962805615744009e-01
-4.464625408439963916e-01
9.237102206782569214e-01
-3.626998092171871413e+00
-2.352726053028161513e+00
-1.278768257917579199e+00
-3.348472435264747471e+00
-1.171991376721566169e-01
6.022983555635531561e-01
7.882833552414747480e-01
8.345157688356881209e-01
4.363353953644892869e-01
9.866485237366651173e-02
-3.094080979347273885e+00
-1.075115168183055525e+00
-1.139723861651716241e+00
-2.647114942170309071e+00
2.193425704675917132e+00
1.450621388438748660e+00
1.357215915022579100e+00
3.555286370472555468e+00
1.438323731537154648e+00
9.186041965973705814e-01
8.766939338167800688e-03
4.027664829476469421e-01
-3.505616097292159061e-01
-8.173778411537790944e-01
2.392508093278864933e+00
-1.953596803209864952e-01
3.487689094078987306e-01
2.407130299749886682e+00
-1.380679496395289529e+00
4.594854239701162690e-02
3.239567086527327389e-01
-1.203556909644568629e+00
-3.354040999533272061e-01
-6.369887275807878391e-01
-2.140464261297402304e-01
-2.290492816495634187e+00
-1.435805106454681734e+00
-7.545202071917737063e-01
-3.623410148389587082e+00
1.560087416772519830e-01
3.258650462568138950e-01
-9.449688498714244878e-01
2.462147261432196199e+00
7.915655345926534414e-01
-4.565584066442818223e-02
-1.989057729046061485e-01
-9.889235748539761950e-01
-1.141693637087142221e+00
-1.822374094489138230e+00
1.626767507608670060e+00
1.185823926761918168e+00
1.391805064858580909e+00
