5.000000000000000000e+00
1.087785842233871092e+00
9.097088540463952322e-01
6.236904530541410585e-01
1.462309635163878685e+00
5.207532117783482128e-01
4.476739815658888344e-01
1.117500942847872158e+00
-2.946183952090522418e+00
-4.096736355500969484e-01
3.786561753850744561e-01
1.750496850087142509e+00
-1.141856278642156441e+00
3.774483457404036457e-01
7.408370183199828318e-01
-2.807596013731475937e-01
2.292477017155899244e+00
1.160473005074080355e+00
2.699581236655519412e-01
-2.947223138700152401e+00
7.304381648861630882e-01
-5.558168143378410253e-01
-1.460050580605223303e+00
-1.669394305444149573e+00
-2.431264355253395237e+00
-2.429848292776000562e+00
-2.499052206739930337e+00
1.662771273462533284e+00
-1.682365167100599024e+00
-1.425398974435471811e+00
-1.074376598396699967e+00
1.014642983645623886e+00
1.946931465554698759e-01
2.045201686109043848e-01
1.083699990846594297e+00
-2.748579752245647434e+00
-7.804348385609316541e-01
-3.685349449377284259e-01
8.139289155015800858e-01
-2.898308969329072671e+00
-1.491238513038564362e+00
-7.865561431385722502e-01
-1.329098814963336705e+00
1.159539882330069549e+00
9.173462539588076448e-01
1.023872738061284648e+00
-1.553577243812370501e+00
3.009205119764671643e+00
2.443045557287539804e+00
1.724486164361913154e+00
1.087785252292483351e+00
7.259953376345918974e-01
3.884879447753616377e-01
-4.663519263262706493e-01
3.017367058592823614e+00
-6.838106755010601168e-01
-9.655588163866437590e-01
-9.199895976500411798e-01
1.769895514943523152e+00
8.474092089197975408e-01
9.814808008586795030e-01
2.413129786237582231e+00
-4.963358204311383859e-01
1.562567139297970531e+00
2.117814279541878619e+00
3.498159197806201881e+00
-9.032980795961856879e-01
-2.621782981691989090e-02
2.197110385742361283e-01
-9.104627654712922347e-01
8.499625628314777526e-02
-7.739155239272939024e-01
-1.006634756165605715e+00
-4.057837784247084301e+00
4.565299516088551224e-01
2.068367989624656511e-01
-2.327754438231449674e-01
-9.107618819409932787e-01
-2.154060567773982970e-01
-1.401257339999673057e-02
-8.502586860881168329e-01
2.498102671378855888e+00
-1.127496758729090498e+00
-1.870609659301872618e+00
-2.511123396595475565e+00
1.179272722309037125e-01
-1.635244449625794516e+00
-2.220932853344373736e+00
-9.968739407922627693e-01
-3.348514102794166281e+00
-1.273512821052462218e+00
-2.972488742070427126e-01
2.057786632630163925e+00
-1.791916975599794348e+00
-1.126512287222125597e-01
1.096372278891412311e+00
8.217732610015344719e-01
1.465674896319234310e+00
7.590360305830872178e-01
6.436458108823468471e-01
-2.809016994374956333e+00
1.206684491635233059e+00
6.789771268856955588e-01
-8.435751581247530329e-02
-1.423481221820864784e+00
-1.306312020284935982e-01
5.448256040065726502e-01
-1.420355492803115904e-02
3.689748359608517880e+00
1.054668537817053053e+00
9.283585926518707065e-01
5.694579097335311646e-01
3.930822172291032590e+00
1.976950123163875972e+00
8.366128089649936816e-01
1.510721592696281146e+00
-9.351411585678076621e-01
9.469409035810993913e-02
1.134906338394920944e-01
2.044329574396773985e+00
-2.437762971224164410e+00
-1.054764731404682854e+00
3.343708402359508169e-01
6.260450871565799158e-01
9.623399392824135701e-01
7.071067811865431318e-01
1.278569701162864503e+00
-1.916078251522981502e+00
1.975197862214065125e+00
1.374139319662807113e+00
2.580770492707389341e-01
-2.204449828132554412e+00
-1.194554451558746955e+00
-1.095012163898293478e+00
-2.564021332095155259e+00
2.111766538719731523e-01
-2.405369612042798089e+00
-2.535658077875832639e+00
-2.925339094370963622e+00
1.264390985827362979e+00
-2.157862373706795345e-01
-9.381557044079141816e-01
2.918999919048462788e-01
-9.759430994484026289e-01
1.580763001756522179e-01
4.183199772160839380e-02
2.071280223677324450e+00
-2.745438562470788213e+00
-1.845789889631119340e+00
-7.754524917997454025e-01
-4.510565162952642204e-01
-9.604050177863681093e-01
-1.215375130818626026e+00
-6.045030423889719007e-02
-2.664225207177463250e+00
1.655805750139945687e+00
1.937874849130526655e+00
1.795288477086141032e+00
-3.856829009663015340e-01
1.606006661167806993e+00
2.286099815744497388e+00
7.549316872331113260e-01
2.905225973498083647e+00
2.665936965979589512e-01
-2.744009121918941085e-01
-1.520989338259620904e+00
2.410147295293989522e+00
4.418028444522194009e-01
-7.296915989304801897e-01
3.391090842155995988e-01
-4.788202869804603079e-02
1.257144737482069674e+00
1.305335407357933519e+00
3.968153759640027367e+00
-3.962019412849223654e-01
6.244170765924049737e-01
1.706398015271081592e+00
2.168606927655697181e+00
5.384154837230551438e-01
-4.901077788616554631e-01
1.528830119857864656e-01
-3.124268327193639117e+00
8.790187003801885890e-02
-2.069580686788455859e-01
-5.130826575334200834e-01
-3.233162001383728779e+00
-7.909349420722068258e-01
4.544322382779198422e-01
-7.136204326594123293e-01
1.406573903476605825e+00
-4.298462242941671896e-01
-4.957590642032806416e-01
-1.942194546618323914e+00
2.023867988104298465e+00
-3.162109209752524963e-01
-2.172757078944020037e+00
-1.911004103386717778e+00
-2.192821432513163415e+00
-1.510028542134652874e+00
-2.067020531501913450e+00
6.909830056250767516e-01
-3.231453715708455743e+00
-1.780031279166344405e+00
-3.335574627149534566e-02
1.679095514696826053e+00
3.459107046931625407e-01
-2.970695684438579010e-02
1.484720549752341689e+00
-1.190679355180902288e+00
1.713585063179839274e+00
1.242491034038313957e+00
8.768354591538098930e-01
-2.629469104169242399e+00
-3.799677133855428601e-01
7.469935565534597810e-01
-6.227168752479582681e-01
9.739507383702352694e-01
-2.148909271224652695e-01
4.628123649592690292e-01
-6.254453036189487891e-01
4.100347819671026350e+00
2.438635711558999830e+00
9.856394508731618487e-01
1.270903079678885161e+00
1.678385418092842585e+00
1.992832268327157985e+00
5.733789224317541455e-01
2.689041922055474654e+00
-1.731497077805201013e+00
-1.120728105772887062e+00
-1.732214240938853012e-01
1.470497554814776064e+00
-5.869711922708507057e-01
-1.103243956420989491e+00
8.644372907634728653e-01
-1.129615757283239263e+00
1.745035320545255564e+00
1.562131729424652615e+00
1.767443790511894264e+00
-1.955329126095048720e+00
2.837993348574028851e-01
1.201545638749339950e+00
-7.342084128469019699e-01
-4.798177520071900126e-01
-2.102248731533390647e+00
-1.835655728097075112e+00
-3.748750416294984955e+00
5.859471455566540588e-01
-1.094006438952671800e+00
-2.392124735066232688e+00
-1.999999999999928946e+00
-3.778452196482794401e-01
5.322593050052066843e-01
-6.032703324292262304e-01
2.025320278502095839e+00
-1.662654227838963106e+00
-9.465581624490817525e-01
-2.835949679759417474e-01
1.492806987187328405e+00
-1.332735177428834072e+00
-2.410205897485094617e+00
-6.036016715540204469e-01
-2.417170780103024885e+00
-2.248764978796913283e-02
-1.319224434828452086e-01
8.829024500820585875e-01
-2.368742786191748273e+00
7.421805428474732569e-01
2.638883031295435000e+00
1.576827385789974389e+00
1.822832032762742971e+00
9.001543571569948776e-01
1.644421795016527188e+00
-6.239424917176257246e-01
3.195886764511376210e+00
1.084851268848040950e+00
-7.475543808875227958e-01
-1.259558712785762147e+00
4.920459151136392650e-01
1.114864004107659845e+00
-4.105681373260557931e-01
2.293379758829775295e+00
-5.962685568254459945e-01
5.819708023751087866e-01
1.447700715832867635e+00
3.987864543961656238e+00
1.114455498607721085e+00
-8.781211805954949878e-02
1.615070034226671059e+00
-2.324921051131835226e-01
9.918245669097038864e-01
-1.576315125262770511e-01
3.557407987974144925e-01
-3.785013816401372466e+00
-1.297788927163037398e+00
2.869344017951014347e-01
-7.430356637197901293e-01
-1.000693515622335106e+00
-1.331950735472402059e+00
2.479247195198676090e-01
-1.690983005625126268e+00
2.318920240449215520e+00
6.109727117336604119e-01
-9.796048681030711247e-01
-1.982179908843741512e+00
-7.396284504129643778e-02
4.658384214897848263e-02
-2.394105906778352111e+00
-4.548587906012224735e-01
-3.327767237881371631e+00
-2.394420725751620793e+00
-1.904714506657445572e+00
1.181448246579450911e+00
-1.387036012117399464e+00
-2.011275660029360868e+00
5.809988021764023181e-01
7.879879687941393485e-02
1.604317663473608491e+00
7.826337656873201265e-01
2.016533287562555454e+00
-2.011531375556034895e+00
2.942500257774692818e-01
1.588547644351066657e+00
3.787228588884078428e-01
-8.966457252758455176e-01
-1.350959604597857133e+00
4.336960460211177759e-01
-1.585419464865957861e+00
2.339203701110871059e+00
1.196723561736936059e+00
4.494977456317177378e-01
-2.388281517908502072e-01
2.732127168173029919e+00
3.406930514497821694e+00
1.007241859645824800e+00
2.749314734347700018e+00
1.847616231185081892e-01
7.351374866572204514e-01
1.732864771297177864e-01
2.734183354294322132e+00
-7.025815218430232489e-01
-2.099577586331561552e+00
-2.545088808013273862e-02
-2.820455926891574094e-01
7.648509422587077555e-01
-1.949186276068761714e-01
1.704086562366124546e+00
-1.820052782540856118e+00
7.640921563476473777e-01
2.276038369145066298e+00
1.451056516295087251e+00
-5.018401920853443610e-01
-1.152217846990525096e+00
4.367892736131694376e-01
-2.344835602326629242e+00
3.817160181841228184e-01
-1.409118160415708143e+00
-2.444418250288594052e+00
-3.871356670801859856e+00
-7.046565831802128477e-01
1.687231569990949032e-01
-2.048372478845828404e+00
-5.001762268813569889e-02
-1.406100790300639058e+00
-5.886552288676782929e-02
-4.798042732523911114e-01
2.638305266132799698e+00
-6.282183114306024718e-01
-2.122713512849490058e+00
-3.829566293173862213e-01
-4.781720560987152147e-01
-2.497919076834229646e-01
-1.928013193833522099e+00
2.691867984842977179e-02
-3.344746165641545588e+00
-7.071067811866829089e-01
1.103836525196380425e+00
1.263114484517839475e+00
-3.815555086162915055e-01
-6.958268057469740864e-02
2.657857978052013515e+00
5.430768830530541269e-01
3.203777330568595705e+00
1.628536384971100981e+00
8.608572245300667447e-01
-1.242093973315824273e+00
1.627622325964351857e+00
1.964808745012627478e+00
-9.554654552319906680e-01
2.145235832849221591e-01
-8.812955122801773289e-01
5.881437497707459050e-01
-1.102916807113418773e-01
3.434564904664839879e+00
7.062162562338278882e-01
-2.929168138773250440e-01
1.697036600470264389e+00
2.393006804670028576e+00
2.319030609735782900e+00
7.060819225011372158e-02
1.809016994374968768e+00
-1.959279162240935790e+00
-3.077530561123501540e-01
4.148281904607816761e-01
1.383653838096838562e-01
-2.557259401424598177e+00
-2.590074562666874858e+00
2.786740912029209705e-01
-1.646652843583715775e+00
7.908197993706360673e-01
-3.100054728489238798e-01
-1.406009387334503646e-01
-2.081638509835258333e+00
1.219201670088960743e+00
1.724883738699301894e+00
-1.346252668318984380e+00
-9.062657583441244835e-01
-1.978123699648329126e+00
-8.749388105134856541e-01
-2.598383603803569919e+00
4.486429691543596388e-01
-2.439855725818690146e+00
-3.429133051691735101e+00
-1.471972412833102872e+00
1.952813390868680665e-01
5.197057290430500132e-01
-1.266282241604081538e+00
1.510507997702801974e+00
-1.120328371908442033e+00
9.697732770113139944e-01
1.773652107287290391e+00
2.018197805102226017e+00
-1.090246674299279794e+00
-1.371141764977995781e+00
1.337581940250015533e+00
-8.459959985988068087e-01
6.843963225595770528e-01
-6.299633654582017517e-01
2.850800651090323878e-02
-1.914989183056727384e+00
1.842786149186848910e+00
2.976117093165064009e+00
6.271578222760529897e-01
1.290227516324229828e+00
1.235185895212983276e+00
2.930530599486102616e+00
8.758169536377713449e-01
3.638778226942376293e+00
5.105678856258827336e-01
-9.778950465819411519e-01
-8.778525229242846450e-02
1.259042831826477915e+00
6.689364573512336376e-01
-1.975155857870758869e+00
6.175173928353299146e-01
-1.656717844549352225e+00
4.101496300482626589e-01
1.140753384319197261e+00
2.164037371346764438e+00
-7.693974075149671021e-01
-7.430770879094541481e-01
2.253965615288407776e+00
2.004701544409123182e-01
8.363147763826431769e-01
-1.081014216600081568e+00
-6.165679164683667279e-01
-3.505351445049603498e+00
-5.716000438636550385e-01
-6.123695468914436280e-02
-2.682577438856502017e+00
-2.615403083948114382e+00
-2.128100741231322424e+00
2.046798011138974971e-01
-1.674115640355597456e+00
1.568221169534397053e+00
-6.478352443990053056e-01
-1.338001331690006346e+00
-3.957051248935140597e-01
1.547125863393692846e+00
7.763905629538208064e-01
-2.380048773554992447e+00
-1.001018019047039687e-01
-2.321869962690183531e+00
-7.994095915006653730e-01
-7.881715217274439800e-01
5.274729085741709511e-01
-2.353949895382037028e+00
-1.917092425377350917e+00
1.791583268233202242e+00
8.084339475619678472e-01
1.747750387242513970e+00
5.408631742297315137e-01
2.187585377749823756e+00
-3.540882228646019536e-01
2.601132912416409315e+00
2.977556744157912050e+00
2.611205026288145881e-01
-6.063672661813973574e-01
-3.479617200989594261e-01
1.682184112480540783e+00
-1.000000000000000000e+00
1.682184112480590299e+00
-3.479617200986793168e-01
-6.063672661816802423e-01
2.611205026289504239e-01
2.977556744157590085e+00
2.601132912416745047e+00
-3.540882228646371477e-01
2.187585377749942772e+00
5.408631742295904044e-01
1.747750387242315684e+00
8.084339475621805660e-01
1.791583268233113202e+00
-1.917092425377019849e+00
-2.353949895382390523e+00
5.274729085742783097e-01
-7.881715217276535901e-01
-7.994095915004263420e-01
-2.321869962690068512e+00
-1.001018019048051100e-01
-2.380048773554969355e+00
7.763905629535285957e-01
1.547125863394043011e+00
-3.957051248936441223e-01
-1.338001331689723017e+00
-6.478352443993123932e-01
1.568221169534379955e+00
-1.674115640355609447e+00
2.046798011139697726e-01
-2.128100741231087500e+00
-2.615403083948415031e+00
-2.682577438856383445e+00
-6.123695468937705166e-02
-5.716000438634825098e-01
-3.505351445049455616e+00
-6.165679164682068558e-01
-1.081014216600162392e+00
8.363147763824572145e-01
2.004701544412108571e-01
2.253965615288411772e+00
-7.430770879093651082e-01
-7.693974075150453729e-01
2.164037371346935412e+00
1.140753384318851094e+00
4.101496300482666557e-01
-1.656717844549162599e+00
6.175173928352024610e-01
-1.975155857870747100e+00
6.689364573510685474e-01
1.259042831826668429e+00
-8.778525229253386630e-02
-9.778950465818176951e-01
5.105678856256805620e-01
3.638778226942430916e+00
8.758169536377720110e-01
2.930530599486365517e+00
1.235185895212999263e+00
1.290227516323914525e+00
6.271578222761401422e-01
2.976117093164982741e+00
1.842786149186973699e+00
-1.914989183056674094e+00
2.850800651102769478e-02
-6.299633654584986253e-01
6.843963225593684419e-01
-8.459959985985057163e-01
1.337581940250002432e+00
-1.371141764977499733e+00
-1.090246674299910179e+00
2.018197805102522224e+00
1.773652107286905366e+00
9.697732770116050949e-01
-1.120328371908367648e+00
1.510507997702673855e+00
-1.266282241603895908e+00
5.197057290425837195e-01
1.952813390872829569e-01
-1.471972412833117305e+00
-3.429133051691253709e+00
-2.439855725819442434e+00
4.486429691546137688e-01
-2.598383603803511299e+00
-8.749388105133630855e-01
-1.978123699648107969e+00
-9.062657583445246079e-01
-1.346252668318847379e+00
1.724883738698935520e+00
1.219201670089498535e+00
-2.081638509835458617e+00
-1.406009387333074789e-01
-3.100054728491946632e-01
7.908197993707137829e-01
-1.646652843583637615e+00
2.786740912027023676e-01
-2.590074562666516478e+00
-2.557259401424966327e+00
1.383653838097372302e-01
4.148281904605201076e-01
-3.077530561121525343e-01
-1.959279162240836980e+00
1.809016994374851528e+00
7.060819225000569688e-02
2.319030609735646564e+00
2.393006804670508192e+00
1.697036600469956857e+00
-2.929168138770907315e-01
7.062162562333902383e-01
3.434564904664958895e+00
-1.102916807113774045e-01
5.881437497709535167e-01
-8.812955122800725238e-01
2.145235832846339452e-01
-9.554654552319323813e-01
1.964808745012381452e+00
1.627622325964763306e+00
-1.242093973315933297e+00
8.608572245302265058e-01
1.628536384970854289e+00
3.203777330568548631e+00
5.430768830532028968e-01
2.657857978051989534e+00
-6.958268057437827503e-02
-3.815555086166322329e-01
1.263114484517903424e+00
1.103836525196263851e+00
-7.071067811862686847e-01
-3.344746165641697466e+00
2.691867984829598992e-02
-1.928013193833475691e+00
-2.497919076836101482e-01
-4.781720560982063994e-01
-3.829566293176247527e-01
-2.122713512849300432e+00
-6.282183114309279892e-01
2.638305266132913385e+00
-4.798042732525272247e-01
-5.886552288644542053e-02
-1.406100790300530257e+00
-5.001762268841836168e-02
-2.048372478845778666e+00
1.687231569988715263e-01
-7.046565831796919310e-01
-3.871356670801908262e+00
-2.444418250288468819e+00
-1.409118160415980148e+00
3.817160181841232625e-01
-2.344835602326431623e+00
4.367892736132449327e-01
-1.152217846990328365e+00
-5.018401920857253895e-01
1.451056516295286647e+00
2.276038369144798068e+00
7.640921563478880740e-01
-1.820052782540983571e+00
1.704086562365933588e+00
-1.949186276068929358e-01
7.648509422584883755e-01
-2.820455926890169662e-01
-2.545088808017376136e-02
-2.099577586331436763e+00
-7.025815218432811537e-01
2.734183354294487778e+00
1.732864771298145978e-01
7.351374866575445255e-01
1.847616231187283464e-01
2.749314734347377609e+00
1.007241859645811477e+00
3.406930514498037965e+00
2.732127168173045018e+00
-2.388281517909802698e-01
4.494977456318207665e-01
1.196723561736741104e+00
2.339203701110706302e+00
-1.585419464865887029e+00
4.336960460212530566e-01
-1.350959604597831598e+00
-8.966457252761041996e-01
3.787228588887910918e-01
1.588547644351079757e+00
2.942500257775239603e-01
-2.011531375556008694e+00
2.016533287562670473e+00
7.826337656871629189e-01
1.604317663473589173e+00
7.879879687956403700e-02
5.809988021762115817e-01
-2.011275660029307133e+00
-1.387036012117740746e+00
1.181448246579792194e+00
-1.904714506657353201e+00
-2.394420725751345458e+00
-3.327767237881573248e+00
-4.548587906014335269e-01
-2.394105906778183801e+00
4.658384214864053074e-02
-7.396284504072456190e-02
-1.982179908844064364e+00
-9.796048681028997063e-01
6.109727117331609225e-01
2.318920240449397596e+00
-1.690983005624936197e+00
2.479247195198742704e-01
-1.331950735472211989e+00
-1.000693515622896879e+00
-7.430356637194697189e-01
2.869344017948851633e-01
-1.297788927162417449e+00
-3.785013816401686881e+00
3.557407987972593943e-01
-1.576315125263658690e-01
9.918245669096725781e-01
-2.324921051128149285e-01
1.615070034226438800e+00
-8.781211805911923185e-02
1.114455498606892414e+00
3.987864543961932462e+00
1.447700715832887397e+00
5.819708023754501802e-01
-5.962685568256362867e-01
2.293379758829581228e+00
-4.105681373260028355e-01
1.114864004107418705e+00
4.920459151140357257e-01
-1.259558712785897816e+00
-7.475543808873443830e-01
1.084851268847742745e+00
3.195886764511441491e+00
-6.239424917175251384e-01
1.644421795016667076e+00
9.001543571570671531e-01
1.822832032762427890e+00
1.576827385790259495e+00
2.638883031295353732e+00
7.421805428475776178e-01
-2.368742786192037819e+00
8.829024500819933063e-01
-1.319224434830211790e-01
-2.248764978798378777e-02
-2.417170780102786853e+00
-6.036016715542746880e-01
-2.410205897485050208e+00
-1.332735177429383633e+00
1.492806987187608625e+00
-2.835949679758324460e-01
-9.465581624487527934e-01
-1.662654227839037269e+00
2.025320278501903548e+00
-6.032703324291208702e-01
5.322593050052311092e-01
-3.778452196478016001e-01
-2.000000000000042633e+00
-2.392124735066023078e+00
-1.094006438953035065e+00
5.859471455567418774e-01
-3.748750416294894361e+00
-1.835655728097147055e+00
-2.102248731533250758e+00
-4.798177520074328184e-01
-7.342084128469400506e-01
1.201545638749098144e+00
2.837993348575486574e-01
-1.955329126095404213e+00
1.767443790512060353e+00
1.562131729424528714e+00
1.745035320545240243e+00
-1.129615757283039423e+00
8.644372907632026370e-01
-1.103243956421108507e+00
-5.869711922707809837e-01
1.470497554815140662e+00
-1.732214240938322880e-01
-1.120728105772636374e+00
-1.731497077805213447e+00
2.689041922055341427e+00
5.733789224318135425e-01
1.992832268327258571e+00
1.678385418093358616e+00
1.270903079678659564e+00
9.856394508730124127e-01
2.438635711558681418e+00
4.100347819671077865e+00
-6.254453036189897563e-01
4.628123649593037792e-01
-2.148909271223596873e-01
9.739507383699632648e-01
-6.227168752479048663e-01
7.469935565532545008e-01
-3.799677133852779054e-01
-2.629469104169607441e+00
8.768354591538761733e-01
1.242491034038293307e+00
1.713585063179985823e+00
-1.190679355180644716e+00
1.484720549752163832e+00
-2.970695684445134876e-02
3.459107046930942619e-01
1.679095514697241054e+00
-3.335574627155019067e-02
-1.780031279166195191e+00
-3.231453715708393126e+00
6.909830056249564034e-01
-2.067020531501995606e+00
-1.510028542134529417e+00
-2.192821432512648716e+00
-1.911004103386973574e+00
-2.172757078944146159e+00
-3.162109209754118133e-01
2.023867988104315785e+00
-1.942194546618448037e+00
-4.957590642031552974e-01
-4.298462242941836209e-01
1.406573903476313614e+00
-7.136204326593551528e-01
4.544322382777878921e-01
-7.909349420713427392e-01
-3.233162001384095152e+00
-5.130826575336346895e-01
-2.069580686790738477e-01
8.790187003836491542e-02
-3.124268327193405970e+00
1.528830119853686886e-01
-4.901077788615309516e-01
5.384154837223682488e-01
2.168606927656091532e+00
1.706398015270729873e+00
6.244170765927443689e-01
-3.962019412851559563e-01
3.968153759639874600e+00
1.305335407358108046e+00
1.257144737481948660e+00
-4.788202869761504221e-02
3.391090842154133034e-01
-7.296915989302306116e-01
4.418028444519536690e-01
2.410147295294428726e+00
-1.520989338259577384e+00
-2.744009121919235294e-01
2.665936965978891182e-01
2.905225973497868264e+00
7.549316872335488648e-01
2.286099815744238040e+00
1.606006661168069671e+00
-3.856829009667498975e-01
1.795288477086111945e+00
1.937874849130281296e+00
1.655805750140310728e+00
-2.664225207177358445e+00
-6.045030423919617313e-02
-1.215375130818554306e+00
-9.604050177868649341e-01
-4.510565162949488616e-01
-7.754524917996172828e-01
-1.845789889630688130e+00
-2.745438562471195443e+00
2.071280223677152588e+00
4.183199772159817975e-02
1.580763001757681252e-01
-9.759430994479402210e-01
2.918999919045546787e-01
-9.381557044076008767e-01
-2.157862373708477333e-01
1.264390985827852365e+00
-2.925339094371053328e+00
-2.535658077875768690e+00
-2.405369612042782101e+00
2.111766538717533281e-01
-2.564021332094725381e+00
-1.095012163898488433e+00
-1.194554451558631269e+00
-2.204449828133080658e+00
2.580770492708180930e-01
1.374139319662518233e+00
1.975197862214295164e+00
-1.916078251522914666e+00
1.278569701162633132e+00
7.071067811865148212e-01
9.623399392819069753e-01
6.260450871569528397e-01
3.343708402359866771e-01
-1.054764731404330913e+00
-2.437762971224566755e+00
2.044329574396839266e+00
1.134906338396294290e-01
9.469409035822207166e-02
-9.351411585675254434e-01
1.510721592696089743e+00
8.366128089653086519e-01
1.976950123163563111e+00
3.930822172291246197e+00
5.694579097332720385e-01
9.283585926518954645e-01
1.054668537816940033e+00
3.689748359608171047e+00
-1.420355492805802644e-02
5.448256040064285433e-01
-1.306312020283535713e-01
-1.423481221821527809e+00
-8.435751581234940399e-02
6.789771268857563991e-01
1.206684491635316547e+00
-2.809016994374876397e+00
6.436458108822895596e-01
7.590360305830813337e-01
1.465674896319129061e+00
8.217732610020382911e-01
1.096372278891342145e+00
-1.126512287219376129e-01
-1.791916975600069017e+00
2.057786632630071111e+00
-2.972488742070394929e-01
-1.273512821052303901e+00
-3.348514102793940239e+00
-9.968739407925131246e-01
-2.220932853344465219e+00
-1.635244449626086283e+00
1.179272722311703880e-01
-2.511123396595518642e+00
-1.870609659301767147e+00
-1.127496758729127802e+00
2.498102671378790607e+00
-8.502586860879580710e-01
-1.401257339991779372e-02
-2.154060567772545509e-01
-9.107618819412024447e-01
-2.327754438229246436e-01
2.068367989625292669e-01
4.565299516089615373e-01
-4.057837784247070978e+00
-1.006634756165447175e+00
-7.739155239272115239e-01
8.499625628304019465e-02
-9.104627654707651008e-01
2.197110385743351602e-01
-2.621782981710091276e-02
-9.032980795962263221e-01
3.498159197806346210e+00
2.117814279541799127e+00
1.562567139297975638e+00
-4.963358204310275301e-01
2.413129786236949847e+00
9.814808008590907296e-01
8.474092089194544819e-01
1.769895514944180404e+00
-9.199895976499899986e-01
-9.655588163863737527e-01
-6.838106755014504712e-01
3.017367058592788087e+00
-4.663519263256931113e-01
3.884879447751645176e-01
7.259953376350838372e-01
1.087785252292144067e+00
1.724486164362059926e+00
2.443045557287268021e+00
3.009205119765054892e+00
-1.553577243812394704e+00
1.023872738061017307e+00
9.173462539588363995e-01
1.159539882329705840e+00
-1.329098814962884845e+00
-7.865561431390000191e-01
-1.491238513038260827e+00
-2.898308969329530527e+00
8.139289155017807031e-01
-3.685349449376787989e-01
-7.804348385608049776e-01
-2.748579752245494223e+00
1.083699990846235917e+00
2.045201686111516315e-01
1.946931465551963725e-01
1.014642983646245611e+00
-1.074376598396861837e+00
-1.425398974435476696e+00
-1.682365167101021131e+00
1.662771273462487098e+00
-2.499052206739545312e+00
-2.429848292776203955e+00
-2.431264355253336173e+00
-1.669394305444694027e+00
-1.460050580605114945e+00
-5.558168143382175019e-01
7.304381648865084786e-01
-2.947223138700096889e+00
2.699581236652685012e-01
1.160473005073989317e+00
2.292477017155492458e+00
-2.807596013725643380e-01
7.408370183199470826e-01
3.774483457406723197e-01
-1.141856278642517042e+00
1.750496850087444045e+00
3.786561753851308554e-01
-4.096736355499118742e-01
-2.946183952090350999e+00
1.117500942847645007e+00
4.476739815661647803e-01
5.207532117781499270e-01
1.462309635164231958e+00
6.236904530539025826e-01
9.097088540464581818e-01
1.087785842233629063e+00
