5.000000000000000000e+00
1.405147565430550749e+00
1.263040852364162081e+00
1.607466469185993230e+00
-8.843388290420413078e-01
-3.413215622160430396e-01
-3.261386426160588492e-01
1.390278243857416829e+00
-5.207787628889962717e-01
-2.054435708623993384e-01
1.265014766305623262e+00
-2.719371759549765954e+00
-3.093894437716815382e-01
6.279943124261587739e-01
-2.319856016170894764e-01
1.599896301810658450e+00
1.289582898825933910e+00
1.249786324368812540e+00
-1.871200622832523974e+00
-1.203348799985753947e+00
-1.286153316785596079e+00
-4.208780891626407339e+00
-3.409783639605549199e-01
-9.542119970026420317e-01
-1.861089875533584737e+00
-4.970660165556065602e-01
-1.441313343061258800e+00
-1.245935251063620797e+00
-2.208214399341886569e+00
9.500739374368968315e-01
9.411747562102903419e-01
-1.612209510752380393e-01
3.272698732557222545e+00
-2.706820707185308983e-02
-1.025015054812349113e+00
-3.471969486172801211e-01
-1.560213772930943543e+00
-8.497676203067513478e-01
-7.367414991836698235e-01
2.038513115836040335e+00
2.216248428709524931e-01
-4.633088033922383442e-02
2.461516544171642007e+00
-9.490967435709289912e-01
9.715549342222359330e-01
2.587894020491268599e+00
2.006906384162105539e+00
2.725282328085913086e+00
1.986803523991384157e+00
2.305899370820205796e+00
-1.396802246667431469e+00
-8.401063439816651712e-01
4.051743821903774911e-01
-2.513833365648948437e+00
9.125845387308496592e-01
1.029007588032688769e+00
-1.827958349374842473e-01
2.651944229879819037e-01
-3.206949438959627585e-01
2.000458177339888843e-01
-1.632605741981494329e+00
1.366132798111416191e+00
1.541677500839099269e+00
-1.072455250309348074e+00
1.549540242925845135e+00
-1.367655689192313062e+00
-2.993801173853815722e+00
-2.445003905610443340e+00
-2.555584466820023160e+00
-1.629390868477338383e+00
-2.112362220193068296e+00
1.135456505775087388e+00
-5.464206709106814719e-01
-1.835080277733782683e+00
1.142525012214841151e+00
-1.575473592887590257e+00
-3.652424914042334825e-01
1.315966895522893143e+00
1.149545722348057408e+00
1.023339555469910955e+00
-2.718617070169540018e-01
9.268162282229585047e-01
-2.512849779799128935e+00
-1.944159896209117111e+00
8.853912500643663641e-01
-1.392787011528611174e+00
1.540466934125758858e+00
2.305433163608873848e+00
1.399855336898785607e+00
1.162827520909414547e+00
8.574979679830185830e-01
2.254341053153948060e+00
-1.048691237813607069e-01
2.511534948606082729e+00
3.272065963519653398e+00
-2.191342511394865911e-01
1.655857120210397770e+00
-4.030991765868862098e-01
-1.858439602186597650e+00
-1.460275023212660672e+00
-6.180339887498773610e-01
7.677158553728972157e-01
-6.966075224022660883e-01
2.389144954995035430e+00
9.063559497433735235e-01
-1.607942538192873361e+00
1.147275977355593835e+00
-9.831062953001139526e-01
-6.444314792107528334e-01
3.182816006536140496e-01
3.163802505514723418e-01
-5.030434466337336818e-01
-2.762297658273634937e+00
-8.517757925209173964e-01
-3.725684031941660201e+00
-3.572679993583550040e+00
1.752854524006413062e-01
-1.561548598981529423e+00
3.703213685367202634e-01
1.007918671563774904e+00
4.233088896137272572e-01
-4.951033559842448195e-01
-1.009173364178704846e+00
1.349532364416937691e+00
-1.234101997230769410e+00
7.071067811865190400e-01
2.221457001551255583e+00
-1.385071686216644782e+00
-2.780629113184474033e-02
-9.173239932911977368e-01
-1.358545098512690563e+00
-9.013904815759131717e-01
7.136634371571748403e-01
2.968621821093379687e+00
7.054694732458898221e-01
3.395432034860846215e+00
2.597432315560328497e+00
-5.463889133512925822e-01
1.938248879260681790e+00
7.505634303645868366e-01
8.532883147629827247e-01
1.067442703588024511e+00
1.409692492856880364e+00
6.659395435218211645e-01
-2.355406707294024571e+00
2.381590954385256476e-01
-1.610896082286609410e+00
-2.003132625910496678e+00
1.940148573889645345e+00
5.826665340370710267e-01
1.260073510670081109e+00
1.006392217466315353e+00
5.826295217707411211e-01
-9.244709763660343693e-01
-2.233774183953820991e+00
7.397409861886670157e-01
-1.967209661163345391e+00
-1.210130589533678913e+00
6.172038606886314227e-01
-2.840356619710843855e+00
-2.188104312014119479e+00
-2.434778625744155711e+00
-1.845313544960028862e+00
-1.655489091724410278e+00
-1.874717755254983187e-01
2.632071803244786512e+00
-5.079348369431158083e-01
1.231929134130086645e+00
1.140883589823966204e+00
-2.130304165881666822e+00
-3.663942350605697840e-02
-2.506212599143411435e-01
2.379257933359120725e-01
-1.513159269004106244e-01
6.040090386990923932e-01
7.442197173327690374e-01
-2.541996980143228502e+00
7.122082875718718231e-01
3.779918518645107306e-01
-2.477668696534121029e-01
3.520299452717530198e+00
2.707647408079526308e+00
2.653250091803159627e+00
1.503120889983515340e+00
1.580955248374578126e+00
3.367383697484862548e-01
-1.576195962000950690e+00
2.066152367199905804e+00
-1.274918538308973393e-01
-3.851588854460241129e-01
1.588184220488785714e+00
-1.243046870729996423e+00
-1.091258068962476457e+00
-1.193746903634826939e+00
2.981823843794802475e-01
6.066268988893525060e-02
4.935691241268382878e-01
3.387618810123903312e+00
-5.912344831436086023e-01
-2.934805571732675422e-01
-4.030109579389318242e-14
-3.122710521256450988e+00
-1.730539875489702117e+00
-1.550642342591752154e+00
-6.229839973857345115e-01
-1.830120499948969748e+00
-1.297374786055681906e+00
-2.636290837145207622e-01
-3.829063163000225423e+00
-6.504908086304940218e-01
1.729281630712082296e-01
-7.907648974489334126e-01
2.084457808618680019e+00
1.483877245641748388e+00
1.097924288015467820e+00
-9.324217405822845528e-01
-2.994664968659522253e-01
-5.427275386817813629e-01
-2.743840552028570912e+00
1.469477683222758513e+00
3.567262823626786150e-01
-4.460314247697612089e-01
1.614123464862537549e+00
-8.765475398556432651e-02
1.732714282593091903e-01
6.004999210675610044e-02
2.518912838703168511e+00
2.309766510861185562e+00
1.575957971063992602e+00
4.577666487451399924e+00
5.662600428218261817e-01
-1.707459743342961689e-01
6.724029890965146361e-01
-1.549609654540105019e+00
-5.094378269560992933e-01
-2.107323496840051158e-01
1.391572995121571621e+00
-3.979906276615527427e-01
-5.290367118455325812e-01
1.318647778322232567e+00
-2.382462701184363763e+00
4.584054077385002479e-02
1.415368065019153576e+00
1.846741612850377745e-02
1.398624348404571727e+00
4.301207665228475863e-01
-6.415380938420267576e-02
-3.020675194130892471e+00
-2.287855137090812008e+00
-1.422918629458878481e+00
-4.000000000000002665e+00
8.954336584713673552e-03
-2.884867585241317478e-01
-1.660768436686111515e+00
-1.646424457437818401e-01
-1.070101372738061718e+00
-5.956934521166523666e-01
-1.266037890224669615e+00
1.616091494721513477e+00
1.610622161927112828e+00
-3.982332985554661864e-01
2.524506861700218430e+00
-8.294878900870001903e-01
-2.023378956527835726e+00
-5.775556739368259418e-01
-1.334899105388272611e+00
-1.100178659272869064e-01
1.322795100562653703e-01
2.621456734669698196e+00
8.688887109072063186e-01
6.888026849212081082e-02
2.843525085122416307e+00
-3.480973721082053496e-01
1.357290103525287783e+00
3.112996001857325279e+00
1.842063040483520986e+00
2.067468038248787110e+00
7.752573373764102271e-01
9.248376185133913019e-01
-2.271414599576830007e+00
-1.502826689413808037e+00
6.983096986679621088e-01
-1.961093218354127199e+00
1.321414686234447355e+00
1.520745444504116417e+00
-2.549459000916736162e-01
2.236927547136846606e-01
-4.143150443388582405e-01
3.081849109916836582e-01
-1.372837231105527245e+00
1.136435511274489940e+00
1.276956547949777976e+00
-2.101216328614595508e+00
2.215693778762067856e-01
-2.347724045978146101e+00
-3.781954023826618716e+00
-2.298040077469919229e+00
-1.937741278693507319e+00
-5.960019772361676571e-01
-1.151421330958527722e+00
1.618033988749814522e+00
-5.458992068594292757e-03
-1.807095078532839239e+00
1.401853600984256154e+00
-1.063355479007149995e+00
-1.275539367482003694e-01
1.592294307518379082e+00
8.014781090877052261e-01
4.006242218859314974e-01
-1.155110634094267397e+00
2.190900086313494199e-01
-2.384803590207621227e+00
-1.550563208249581493e+00
2.078718655131054138e+00
-1.355779122251231650e-01
2.335751490479941239e+00
2.931620864616662825e+00
1.390083821019486354e+00
1.144747330330984969e+00
7.143155520114283785e-01
2.245451473220183125e+00
-3.454456110282339010e-02
1.950568716137681458e+00
2.694823549710998467e+00
-1.346187014028178197e+00
4.313507872522776010e-01
-1.028669462735189999e+00
-2.118206336891095720e+00
-8.758254396404945297e-01
1.611039576254957861e-01
1.652016427497958517e+00
-1.841071439173938007e-01
2.169762657386947957e+00
7.223876827632247366e-01
-2.248302346282154751e+00
7.114844318908573051e-01
-1.128879639856094519e+00
-1.049418552458809328e+00
-5.763069665753844939e-02
-5.446524753845478628e-01
-1.336545728884023454e+00
-3.541425260093350680e+00
-1.213278484553161674e+00
-3.065020896203045186e+00
-2.726767852207100162e+00
1.534036767458222261e+00
-3.651162990404579478e-01
8.904978727161145802e-01
1.248268610816783752e+00
1.208757553884988178e-01
-6.420395219201240344e-01
-1.187796088627941282e+00
1.370110048949647386e+00
-1.028632374459700793e+00
3.198671953795925171e-01
1.959643149446568255e+00
-1.882408713246477294e+00
-3.950828250917592932e-01
-5.448437542794527522e-01
-6.007141636384245587e-01
4.785256855914986618e-01
1.895427681553714994e+00
3.911620767676394550e+00
1.064226858071052328e+00
2.873012896929406423e+00
2.169617927554992054e+00
-1.281753147794145065e+00
1.419615700695884941e+00
5.379610440557418549e-01
4.022769690258697350e-01
6.375083583439058454e-01
5.661595521862421432e-01
4.757407420806047949e-02
-2.763299302991428341e+00
2.216149131435578568e-01
-7.071067811864516495e-01
-1.208969917464137733e+00
2.798838624791041951e+00
9.894055811025219693e-01
8.462677970891773205e-01
2.977278505551289589e-01
-5.088051590137756541e-01
-1.621945849749609092e+00
-2.826688922807848670e+00
4.009982221476281472e-01
-1.992369968832074845e+00
-1.744761180548312751e+00
3.339378478011901796e-01
-3.087571988663412981e+00
-2.142947665284667291e+00
-1.648194250905842928e+00
-7.850101406032720108e-01
-2.204172593666509083e-01
7.122495768700142227e-01
3.090539443184953772e+00
-5.898597066921502652e-01
3.846729371635310146e-01
6.426200453751743646e-01
-2.613651100437058172e+00
-1.625863007820153028e-01
-1.298960938811433152e-14
3.330070503578749230e-01
2.754146959908518322e-02
4.370722802367682513e-01
9.430333627838901611e-01
-2.054643502507452979e+00
1.421911549850858991e+00
1.763616537130529016e+00
7.009437476458367788e-01
4.127440826650280670e+00
2.667152072915163430e+00
1.816603580219324776e+00
5.030889047186637431e-01
3.994744805743370986e-01
-2.241155187440132535e-01
-1.950769223607117686e+00
1.870845933160851571e+00
-1.015692068416207405e-02
-7.977964674119655264e-01
1.387595081576195044e+00
-1.343515296974807871e+00
-9.338222531810704830e-01
-5.116460760436467581e-01
9.535553682685027344e-01
7.899029154404100250e-01
3.999030883026271077e-01
2.745658981956583311e+00
-1.571951559549126021e+00
-1.782139897091559844e+00
-8.531450750188203092e-01
-3.653388705744558429e+00
-1.792572091613715113e+00
-1.242412955314150746e+00
-4.482008053926115343e-01
-1.518774939137375490e+00
-1.304834171036108659e+00
1.622336313002672448e-01
-3.072415772021590552e+00
1.363775612414366845e-01
1.403829677542334453e+00
-1.746684871386233739e-01
2.198111687090205546e+00
1.011328790972533920e+00
1.270743715592311807e-01
-1.707680856960330340e+00
-9.621163411734874327e-01
-3.427981838504731149e-01
-2.275639045459205256e+00
1.993155179486064021e+00
1.139045893223818773e+00
-2.212317420824739256e-01
1.968232481394629918e+00
3.397383287345639991e-01
7.631012931992653403e-01
9.141176906936699931e-01
3.024180503284363386e+00
2.673543897811555770e+00
9.911564494093020317e-01
3.468762947443141620e+00
-5.801348589798371869e-01
-1.530988517216819833e+00
1.250890127183076350e-01
-1.655901220426645892e+00
-2.197945809961199259e-01
2.385967302017832914e-01
1.534564589291122605e+00
-1.962638928258843563e-01
-7.516189404810238450e-01
1.432235037825504209e+00
-2.006566430815333035e+00
2.049256508408004440e-01
1.767372086909737350e+00
-3.307466840341065084e-01
5.583326676727985438e-01
-7.994261234467762156e-01
-1.405047016034650209e+00
-3.770818965026697001e+00
-2.712844617383927570e+00
-8.868822349950328254e-01
-3.212410680947401342e+00
6.510130054715475012e-01
5.052060634130638439e-01
-1.422659100933812759e+00
1.675438201150325490e-01
-6.701272059425693595e-01
-5.426484673849685247e-02
-5.820317195676001365e-01
1.793375271763186785e+00
1.667914045704241621e+00
-1.123782880472701695e+00
1.515681233434159836e+00
-1.451019131838413134e+00
-2.510680796851706642e+00
-1.427077697613192697e-01
-4.767922536720080595e-01
9.813021684312511761e-01
1.113135084169852851e+00
3.073977161631040733e+00
1.313301043250911793e+00
8.816727443449301482e-03
3.000000000000000000e+00
8.816727443592853319e-03
1.313301043250742151e+00
3.073977161631116672e+00
1.113135084169875721e+00
9.813021684312661641e-01
-4.767922536720075044e-01
-1.427077697613123863e-01
-2.510680796851564978e+00
-1.451019131838584553e+00
1.515681233434262420e+00
-1.123782880472617540e+00
1.667914045704090409e+00
1.793375271763340884e+00
-5.820317195676008026e-01
-5.426484673848641638e-02
-6.701272059425745775e-01
1.675438201150634132e-01
-1.422659100933745924e+00
5.052060634129021954e-01
6.510130054717223613e-01
-3.212410680947410668e+00
-8.868822349951500650e-01
-2.712844617383761037e+00
-3.770818965026784930e+00
-1.405047016034664642e+00
-7.994261234468018618e-01
5.583326676728203042e-01
-3.307466840341157233e-01
1.767372086909612339e+00
2.049256508409812993e-01
-2.006566430815462709e+00
1.432235037825513313e+00
-7.516189404809643371e-01
-1.962638928257320337e-01
1.534564589291356418e+00
2.385967302016851477e-01
-2.197945809962332797e-01
-1.655901220426737375e+00
1.250890127184537404e-01
-1.530988517216840927e+00
-5.801348589800017219e-01
3.468762947443181144e+00
9.911564494093267896e-01
2.673543897811647696e+00
3.024180503284216393e+00
9.141176906935000179e-01
7.631012931991983939e-01
3.397383287345989711e-01
1.968232481394700972e+00
-2.212317420826120373e-01
1.139045893223721961e+00
1.993155179485901485e+00
-2.275639045459286969e+00
-3.427981838504035039e-01
-9.621163411736024518e-01
-1.707680856960474447e+00
1.270743715591565737e-01
1.011328790972620073e+00
2.198111687090281485e+00
-1.746684871387848004e-01
1.403829677542189014e+00
1.363775612412747584e-01
-3.072415772021769964e+00
1.622336313000573016e-01
-1.304834171035837098e+00
-1.518774939137685021e+00
-4.482008053924645408e-01
-1.242412955314071032e+00
-1.792572091613491958e+00
-3.653388705744682330e+00
-8.531450750191629240e-01
-1.782139897091207237e+00
-1.571951559549388477e+00
2.745658981956593081e+00
3.999030883027261396e-01
7.899029154400063479e-01
9.535553682686733756e-01
-5.116460760434161648e-01
-9.338222531809082794e-01
-1.343515296975148487e+00
1.387595081576034950e+00
-7.977964674115818333e-01
-1.015692068449536301e-02
1.870845933161131569e+00
-1.950769223607008662e+00
-2.241155187442506191e-01
3.994744805745413241e-01
5.030889047186529739e-01
1.816603580219378511e+00
2.667152072914982242e+00
4.127440826650354389e+00
7.009437476461263250e-01
1.763616537130431539e+00
1.421911549850949363e+00
-2.054643502507433439e+00
9.430333627836704480e-01
4.370722802369384485e-01
2.754146959912776027e-02
3.330070503577070573e-01
-5.295763827461996698e-14
-1.625863007818939554e-01
-2.613651100436972907e+00
6.426200453750383623e-01
3.846729371636222750e-01
-5.898597066922587340e-01
3.090539443184924462e+00
7.122495768701956331e-01
-2.204172593667074187e-01
-7.850101406032272688e-01
-1.648194250906032110e+00
-2.142947665284628656e+00
-3.087571988663395661e+00
3.339378478011002516e-01
-1.744761180548143109e+00
-1.992369968832449656e+00
4.009982221476436903e-01
-2.826688922807649718e+00
-1.621945849749754309e+00
-5.088051590137319113e-01
2.977278505549602050e-01
8.462677970892317214e-01
9.894055811024202729e-01
2.798838624791010865e+00
-1.208969917463992072e+00
-7.071067811868082531e-01
2.216149131436677688e-01
-2.763299302991367945e+00
4.757407420799353304e-02
5.661595521862948788e-01
6.375083583438596602e-01
4.022769690260094011e-01
5.379610440556876760e-01
1.419615700696051697e+00
-1.281753147794116865e+00
2.169617927554813974e+00
2.873012896929785231e+00
1.064226858070979720e+00
3.911620767676354138e+00
1.895427681553848220e+00
4.785256855915408503e-01
-6.007141636382656857e-01
-5.448437542795006028e-01
-3.950828250916832429e-01
-1.882408713246458198e+00
1.959643149446464339e+00
3.198671953799553380e-01
-1.028632374459810706e+00
1.370110048949709558e+00
-1.187796088627919300e+00
-6.420395219201766590e-01
1.208757553885761449e-01
1.248268610816760882e+00
8.904978727162129459e-01
-3.651162990406487951e-01
1.534036767458286210e+00
-2.726767852207008680e+00
-3.065020896203038969e+00
-1.213278484553241388e+00
-3.541425260093421290e+00
-1.336545728883969275e+00
-5.446524753845888300e-01
-5.763069665758840943e-02
-1.049418552458906362e+00
-1.128879639856162020e+00
7.114844318908380982e-01
-2.248302346282267994e+00
7.223876827633430864e-01
2.169762657386895999e+00
-1.841071439173933566e-01
1.652016427497839723e+00
1.611039576253661121e-01
-8.758254396404695497e-01
-2.118206336891211627e+00
-1.028669462735146922e+00
4.313507872522954756e-01
-1.346187014028148887e+00
2.694823549710943844e+00
1.950568716137622838e+00
-3.454456110275117009e-02
2.245451473220162697e+00
7.143155520114112811e-01
1.144747330330912582e+00
1.390083821019573618e+00
2.931620864616733879e+00
2.335751490479807124e+00
-1.355779122250588831e-01
2.078718655131067905e+00
-1.550563208249248870e+00
-2.384803590207757118e+00
2.190900086314071515e-01
-1.155110634094049349e+00
4.006242218857023474e-01
8.014781090876261782e-01
1.592294307518456353e+00
-1.275539367478354391e-01
-1.063355479007374038e+00
1.401853600984320103e+00
-1.807095078532543475e+00
-5.458992068987311708e-03
1.618033988750131602e+00
-1.151421330958406930e+00
-5.960019772362588064e-01
-1.937741278693261959e+00
-2.298040077469984066e+00
-3.781954023826318512e+00
-2.347724045978417884e+00
2.215693778761764765e-01
-2.101216328614497364e+00
1.276956547949251286e+00
1.136435511274968224e+00
-1.372837231105478395e+00
3.081849109914642781e-01
-4.143150443387847437e-01
2.236927547135953986e-01
-2.549459000917891904e-01
1.520745444503853516e+00
1.321414686234757330e+00
-1.961093218354167611e+00
6.983096986678485329e-01
-1.502826689413738315e+00
-2.271414599576985438e+00
9.248376185134343785e-01
7.752573373763316233e-01
2.067468038248734707e+00
1.842063040483555625e+00
3.112996001857100126e+00
1.357290103525515601e+00
-3.480973721084908989e-01
2.843525085122360796e+00
6.888026849231154713e-02
8.688887109069109993e-01
2.621456734669746158e+00
1.322795100563907145e-01
-1.100178659272706971e-01
-1.334899105388276386e+00
-5.775556739369271941e-01
-2.023378956527724259e+00
-8.294878900870460425e-01
2.524506861700315685e+00
-3.982332985554161153e-01
1.610622161926925422e+00
1.616091494721630051e+00
-1.266037890224615881e+00
-5.956934521165301311e-01
-1.070101372738021084e+00
-1.646424457434946254e-01
-1.660768436686121285e+00
-2.884867585243311439e-01
8.954336584979127878e-03
-3.999999999999936051e+00
-1.422918629458992168e+00
-2.287855137090633484e+00
-3.020675194130951091e+00
-6.415380938421533230e-02
4.301207665228129473e-01
1.398624348404637896e+00
1.846741612856273029e-02
1.415368065019061650e+00
4.584054077386290338e-02
-2.382462701184440146e+00
1.318647778322147968e+00
-5.290367118454681883e-01
-3.979906276616904104e-01
1.391572995121590495e+00
-2.107323496838812149e-01
-5.094378269560639882e-01
-1.549609654540174741e+00
6.724029890965877998e-01
-1.707459743342571168e-01
5.662600428216587600e-01
4.577666487451441668e+00
1.575957971063983276e+00
2.309766510861074984e+00
2.518912838703127655e+00
6.004999210668149345e-02
1.732714282593281752e-01
-8.765475398554756215e-02
1.614123464862491364e+00
-4.460314247697085843e-01
3.567262823626149437e-01
1.469477683222710551e+00
-2.743840552028654844e+00
-5.427275386819451208e-01
-2.994664968659093152e-01
-9.324217405822574634e-01
1.097924288015543759e+00
1.483877245641745279e+00
2.084457808618727981e+00
-7.907648974490170124e-01
1.729281630713098150e-01
-6.504908086304026504e-01
-3.829063163000227199e+00
-2.636290837145279786e-01
-1.297374786055708329e+00
-1.830120499948980184e+00
-6.229839973856370339e-01
-1.550642342591774803e+00
-1.730539875489763624e+00
-3.122710521256375049e+00
1.610933608731102140e-13
-2.934805571733365426e-01
-5.912344831436208148e-01
3.387618810123873114e+00
4.935691241268588270e-01
6.066268988896011960e-02
2.981823843792161810e-01
-1.193746903634979706e+00
-1.091258068962384975e+00
-1.243046870729985320e+00
1.588184220488835230e+00
-3.851588854462106859e-01
-1.274918538306539229e-01
2.066152367200049689e+00
-1.576195962000835227e+00
3.367383697480842430e-01
1.580955248374827260e+00
1.503120889983322828e+00
2.653250091803168953e+00
2.707647408079477014e+00
3.520299452717533306e+00
-2.477668696530236359e-01
3.779918518640650316e-01
7.122082875722910433e-01
-2.541996980143191642e+00
7.442197173323388260e-01
6.040090386994595439e-01
-1.513159269004678564e-01
2.379257933359296695e-01
-2.506212599143369246e-01
-3.663942350595561503e-02
-2.130304165881579781e+00
1.140883589823645128e+00
1.231929134130297587e+00
-5.079348369431345711e-01
2.632071803244807384e+00
-1.874717755252314211e-01
-1.655489091724562378e+00
-1.845313544959856999e+00
-2.434778625744185465e+00
-2.188104312013993358e+00
-2.840356619710980635e+00
6.172038606884430179e-01
-1.210130589533336520e+00
-1.967209661163591639e+00
7.397409861885744231e-01
-2.233774183953575410e+00
-9.244709763662969371e-01
5.826295217707908591e-01
1.006392217466310468e+00
1.260073510670066010e+00
5.826665340369080459e-01
1.940148573889532990e+00
-2.003132625910218234e+00
-1.610896082286819242e+00
2.381590954385401915e-01
-2.355406707294142699e+00
6.659395435216270975e-01
1.409692492856976953e+00
1.067442703588156405e+00
8.532883147628607112e-01
7.505634303643730076e-01
1.938248879260799473e+00
-5.463889133511738994e-01
2.597432315560113558e+00
3.395432034860893289e+00
7.054694732457233997e-01
2.968621821093359703e+00
7.136634371573226110e-01
-9.013904815758999600e-01
-1.358545098512723204e+00
-9.173239932911397831e-01
-2.780629113176558143e-02
-1.385071686216586162e+00
2.221457001551203625e+00
7.071067811865755504e-01
-1.234101997230662162e+00
1.349532364417090013e+00
-1.009173364178465482e+00
-4.951033559843084353e-01
4.233088896135617230e-01
1.007918671563949209e+00
3.703213685369757258e-01
-1.561548598981656433e+00
1.752854524005951209e-01
-3.572679993583436797e+00
-3.725684031941607355e+00
-8.517757925207269931e-01
-2.762297658273610956e+00
-5.030434466338000732e-01
3.163802505514606844e-01
3.182816006536430264e-01
-6.444314792105596545e-01
-9.831062953001635796e-01
1.147275977355534327e+00
-1.607942538192883575e+00
9.063559497434044987e-01
2.389144954994927073e+00
-6.966075224023290380e-01
7.677158553727072565e-01
-6.180339887498651485e-01
-1.460275023212518564e+00
-1.858439602186825246e+00
-4.030991765870096666e-01
1.655857120210483480e+00
-2.191342511394768211e-01
3.272065963519640519e+00
2.511534948606002793e+00
-1.048691237815300159e-01
2.254341053153978258e+00
8.574979679830270207e-01
1.162827520909417434e+00
1.399855336898715441e+00
2.305433163608646030e+00
1.540466934125782839e+00
-1.392787011528702878e+00
8.853912500643411621e-01
-1.944159896209165961e+00
-2.512849779799366523e+00
9.268162282230379967e-01
-2.718617070168318772e-01
1.023339555469963802e+00
1.149545722347953491e+00
1.315966895522698410e+00
-3.652424914041579873e-01
-1.575473592887610685e+00
1.142525012214850255e+00
-1.835080277733844634e+00
-5.464206709104280080e-01
1.135456505775205960e+00
-2.112362220193175766e+00
-1.629390868477329946e+00
-2.555584466820126188e+00
-2.445003905610365180e+00
-2.993801173853645192e+00
-1.367655689192333268e+00
1.549540242925877997e+00
-1.072455250309376051e+00
1.541677500838646298e+00
1.366132798111704627e+00
-1.632605741981401737e+00
2.000458177338738652e-01
-3.206949438959019183e-01
2.651944229879356629e-01
-1.827958349375342073e-01
1.029007588032550879e+00
9.125845387312193635e-01
-2.513833365648981300e+00
4.051743821901526710e-01
-8.401063439814215883e-01
-1.396802246667546044e+00
2.305899370820393646e+00
1.986803523991349740e+00
2.725282328085795847e+00
2.006906384161990520e+00
2.587894020491368519e+00
9.715549342228110286e-01
-9.490967435712265310e-01
2.461516544171561627e+00
-4.633088033892662772e-02
2.216248428707549567e-01
2.038513115835968392e+00
-7.367414991835664617e-01
-8.497676203067235923e-01
-1.560213772930918230e+00
-3.471969486172673536e-01
-1.025015054812367321e+00
-2.706820707218871025e-02
3.272698732557277168e+00
-1.612209510750967079e-01
9.411747562102481535e-01
9.500739374369385759e-01
-2.208214399341910550e+00
-1.245935251063744698e+00
-1.441313343061291885e+00
-4.970660165554856569e-01
-1.861089875533645577e+00
-9.542119970030534803e-01
-3.409783639602527172e-01
-4.208780891626380694e+00
-1.286153316785829226e+00
-1.203348799985698214e+00
-1.871200622832856597e+00
1.249786324368865831e+00
1.289582898825921031e+00
1.599896301810673993e+00
-2.319856016171391588e-01
6.279943124261805343e-01
-3.093894437714654888e-01
-2.719371759549822354e+00
1.265014766305550209e+00
-2.054435708622462942e-01
-5.207787628889534171e-01
1.390278243857483442e+00
-3.261386426160384211e-01
-3.413215622160078455e-01
-8.843388290421625442e-01
1.607466469186110247e+00
1.263040852364534228e+00
1.405147565430313161e+00
