5.000000000000000000e+00
1.157976243114082315e+00
2.617656381236826979e-01
2.216259727031035798e-01
1.061952286361478759e+00
9.084240752374764805e-01
-1.706800674663365713e+00
6.208434599026029233e-01
-1.326264433484670935e+00
-1.123557420044967725e-01
1.198264989116902823e+00
1.719965721063228425e+00
8.275573639439866014e-01
-2.648179839943677560e+00
9.002209459923657953e-01
2.772957129695315937e-01
-1.040537000709379489e+00
-3.145793651541195945e+00
-2.871025354674104690e+00
-2.178150304718565744e-01
-2.180372204176121542e+00
3.207080277666967127e-01
-3.764901136776559465e-01
-4.320117302784948210e-01
-5.638405137048141391e-01
3.032212718958887665e-01
2.463786913572369119e+00
-2.232496643788057344e+00
-1.982469426600658169e+00
-1.153412918809832099e+00
8.896697181675260468e-01
2.351652622383273994e-01
-1.473914501684055800e+00
1.798465286777008787e+00
6.702335536626791157e-01
2.378221543364232637e+00
2.191138064335604874e+00
2.183531819160267951e+00
6.513532574449230061e-01
-1.682957131145025986e+00
2.197551788550037521e+00
8.187310476279497928e-01
-1.655661442311637810e-01
-1.734963173305297923e+00
4.822933850591544225e-01
2.891948072643947043e+00
2.748614805204422362e-01
1.737574872769439338e+00
8.641121509482352359e-02
3.657074343388650450e-01
-7.212317420824790881e-01
-3.405664909882920588e-01
3.410786750721541694e-01
-4.007699590991657068e+00
-2.240166648448609799e+00
-9.690976653492631154e-01
1.118603522123823080e+00
-9.140423513111393117e-01
-2.111363375562728351e+00
1.098190934667435226e+00
-3.859632055732870048e-01
4.426412982977941946e-01
-1.314080755448139737e+00
-9.531797578390079906e-01
-2.101042641447551595e+00
-2.675238270516246075e+00
1.394236499366201532e+00
-2.173561338628673401e-01
-3.221596945623649288e-01
-1.038352238440427788e+00
2.434542689400015725e+00
3.475595812940840190e+00
8.673488868468903767e-02
1.086301198117834543e+00
-2.017864797669306487e-01
1.107490981335361058e+00
-2.964987775509152490e-01
6.191329063768167273e-01
1.151567099347014844e+00
-1.570585643663887865e+00
1.439097199573162733e+00
2.293663761797406941e+00
3.450098250017640922e+00
-1.063440950148104858e-01
-6.493304052243340507e-01
2.031876890608659281e+00
-1.096196153867404766e-01
-2.335675525601568214e-01
-2.489279706965329630e+00
-8.514314463784539155e-01
-1.557962275210689418e+00
-1.222296696173136077e+00
1.703696456561289096e+00
-6.917343238952546880e-01
-7.122305508718649314e-01
-1.604316001415904136e+00
1.572460761909151739e+00
3.400114113051727616e-01
-3.337629555443986984e+00
-1.988732512911961514e+00
-2.118033988749907781e+00
7.573335985522344771e-05
-1.785098891749234085e+00
-1.359167155313070752e-01
4.389723066672528429e-01
-9.263666334897735499e-01
1.995317917330100776e+00
1.688931767160197328e+00
1.964397794437362510e+00
-1.934947259037267386e+00
-7.411319310204972366e-01
1.943460082057097749e+00
3.288515300044414502e-02
5.552378091124987591e-02
-1.122654520440796055e+00
2.250541113098055934e+00
1.495483703847485302e+00
1.858479358762431533e+00
3.142732558898226447e+00
4.376976638184167934e-01
5.915446376727173661e-01
-4.631557993713089627e-01
2.280986687985507189e+00
-4.279974936501550475e-01
-3.006482943189577206e+00
-7.071067811865543451e-01
6.684689931048781730e-02
1.689928554232124736e+00
-1.268521675085042322e+00
4.494532063861038651e-01
2.605916404729555769e-01
-9.572873193491795440e-01
4.485525378102978022e-01
-1.144444704538916557e+00
-1.190195436767732762e+00
-4.470958940779667934e+00
-1.521826172595738269e+00
6.140894393422896558e-01
-1.235529820343562069e+00
-1.190125989380382610e+00
-1.395696681042651655e+00
2.456605784334384257e+00
4.114890706892480043e-01
2.245328232700603555e-01
3.877531505347884822e-01
-1.365733420753316718e+00
-4.092320212528328671e-01
-9.512021992321972874e-01
2.035741795370131779e+00
-7.379782538156887117e-01
-1.142039521920285683e+00
1.963358133490080260e+00
2.929471249198025262e+00
3.242101935886013919e+00
-5.085257115149613982e-01
1.755253022008465891e+00
1.183038586297531891e+00
2.832866283695117948e-01
6.282436762133768449e-01
-7.584877999300924101e-01
4.371209366452410983e-02
-2.084930607484523524e+00
1.744353619544789291e+00
2.296319129378342261e+00
-1.088489833639422200e-02
-5.044578420440559707e-01
-4.547119992450028847e-01
2.429667725319282212e+00
-1.485622509201932173e+00
-1.945058892969807385e+00
-2.016372930392317908e+00
-2.276728115746867953e+00
-1.088351308039715359e+00
-1.642027923193168704e+00
1.028186301061302821e+00
-1.938744856890171508e+00
-1.073354926789895858e+00
1.243804431733581461e+00
1.248126206332559773e+00
-2.146346921159791865e-02
-3.512396441443617068e+00
8.447543407512636549e-04
-4.375746004513133558e-01
-6.294337662459972282e-01
-5.296131371333498983e-01
-4.852409462012354791e-01
1.393310556056398752e+00
-1.799291077155540375e-02
3.600891599016701417e+00
2.410189187142113276e+00
3.037176913397716671e-01
-7.762553483325496106e-02
7.481506817349422578e-01
2.916039950685915816e+00
-1.516314220044286287e+00
-7.275999698322754838e-01
9.255297730691780522e-02
1.262863720158746927e+00
1.698150220963698498e+00
5.950182967010212431e-01
2.500000000000012434e+00
-8.253242509534014504e-01
3.613416608995110302e-01
1.003657819699981690e+00
7.842244168870493581e-02
-2.003549739026355692e+00
-4.166095239904760383e+00
3.748136553652825498e-01
-5.478457862652125199e-01
-8.068183339514467534e-01
-1.374362009139730834e+00
-4.627738198736078279e-01
9.546145115088439104e-01
-1.197065193072300193e+00
1.132724882933955790e+00
-1.369719709086492099e+00
-2.447225737357842323e+00
-2.262748734672208606e+00
-4.823853189279931897e-01
1.103587417800278025e+00
-2.841242098314598952e+00
-3.708325149423110645e-01
1.063966915357920096e+00
2.569944044000125327e+00
1.427521976092013478e+00
1.337947525528989656e-01
1.912935356287130961e+00
-8.925795511329008836e-01
9.136005498244630374e-01
7.687301167295432780e-01
4.819506267096346774e-01
-8.916119335503314147e-01
-9.389865087950710620e-01
3.917777293232136859e+00
1.925498685955749245e+00
1.235260742223079911e+00
9.122697607454477442e-02
1.605714741264427481e+00
1.784358442585415538e+00
-1.179100203437972283e+00
3.754092049436308365e-01
-2.071679269779203914e+00
-1.573289962064015057e+00
-1.214292858274030662e+00
7.103914677138304379e-01
9.702271139715188397e-01
-2.748657402399517835e+00
1.956578697142596912e-01
7.066341548931543981e-01
1.046742280026155658e+00
-1.999999999999883871e+00
-2.769447701313382915e+00
-6.636644426253517359e-01
-2.696489427953618012e+00
-5.919367549839050779e-01
-1.163750821243767941e+00
-3.662054458475021979e-01
-1.155484789264040746e+00
-2.004664047394189019e-02
3.680609945008901818e+00
3.682058228649616183e-01
-3.369327761206655225e-01
-1.150381290600356987e+00
1.440687975514509001e+00
8.471819062600379757e-01
-1.596347289261828006e+00
6.539067315601072572e-01
-3.604635573148560201e-01
1.623848634066169527e+00
1.521096666974164791e+00
3.120312764669246341e+00
2.111820809508692776e+00
-9.743430184682736472e-01
2.027878278237525755e+00
1.494365400760399254e+00
1.041775752032040314e+00
-2.514984946540867128e+00
-1.478481106516394084e+00
1.071166637787875686e+00
-6.429350241478217765e-01
8.484454803932729439e-01
-4.237790522918093439e-01
7.717786153285899342e-01
-6.812898389130582766e-01
1.037848633790354747e-01
1.583176890673053672e+00
-2.598425948494154980e+00
-2.742251729613638389e+00
-2.823351272971525106e+00
4.350811030444747818e-01
-1.180838301867177975e+00
-2.833318116222526495e+00
-5.555670386104294423e-02
-3.088134045301637043e-01
1.472438758881139176e+00
-1.355281137617740939e-01
1.008551829352881457e+00
-6.174548322810005097e-01
-2.323640062923644667e+00
8.751089620663232704e-01
1.180339887499204377e-01
7.347495741339582498e-02
-2.439506577105813534e+00
9.140034349861798635e-01
3.307125578037749314e+00
1.361683570179288871e+00
1.982432308373756502e+00
6.122091559057134535e-01
2.320976821434947102e+00
2.225076770376340773e-01
9.378012916867896065e-01
1.269438626702731776e+00
-1.950425537935220444e+00
-6.839486229461431144e-01
1.033114067809404180e-02
3.123603084160754051e+00
1.020687738475316575e-01
-9.587334483986512668e-01
1.486709810201806814e+00
8.223455864817938998e-01
1.042803869563585950e+00
-2.076581777245202876e+00
-7.758798461817311143e-01
-2.349558627145548417e+00
-2.687147373466368006e+00
3.663182430000588852e-02
-1.021260387908114797e+00
-8.551939395442040848e-01
-2.740330332795193335e+00
1.354254392164484289e+00
1.881793559054527387e+00
-9.966121831607810400e-01
-1.139891086537474951e+00
-1.833800567783838265e+00
5.004577109477765795e-01
-1.895034964875899508e+00
-5.395801239365719537e-01
-1.496120614657726056e-01
-1.396936664556069685e+00
9.031034397015855752e-01
1.645975485043364994e+00
3.900165639730613254e+00
-1.429726630372341045e-01
-8.394560458213093379e-02
2.152366383852986509e+00
1.384891984033823409e+00
7.552807299940851316e-01
-1.997428189862026970e+00
9.174241625522903121e-01
7.499118194123943759e-02
7.600735106698728316e-01
2.393944660542225655e+00
1.056569933731585698e+00
1.089184627164788477e+00
-7.733428138950059205e-01
2.791970392466631701e+00
9.948037389685254750e-01
-2.164979269850476840e+00
-2.195966418073636017e+00
-1.654198082674069870e+00
7.388826902952265741e-01
-2.282951273549116422e+00
-5.920401823045300382e-01
-4.681903961545895720e-01
-8.019902021489728750e-01
5.727924513328165324e-01
5.185198593520912169e-02
9.023372778764751079e-01
-3.543612458677479982e+00
-2.072998690900138108e+00
-1.004949065657504553e-01
-7.018064535719019670e-01
-1.532439161021949658e+00
-2.829195548176334896e+00
1.592108172928561327e+00
7.071067811866440511e-01
1.347527870950275819e+00
1.567264487594427269e+00
5.199741481215744976e-01
7.155090465571738445e-01
-7.516413715798930806e-01
2.592588346430546586e+00
-4.767263803063648275e-02
-1.616371932099951891e+00
-3.571402530149716537e-01
1.647625376348618165e+00
3.446470895185519190e+00
-2.014228240987676610e-01
1.794684849647430358e+00
1.529617180872569815e+00
1.397945921767856037e+00
1.132539557376866401e+00
-1.799204470529751632e-01
2.515146794202712810e-01
-3.377874806833045973e+00
-4.998703382239461090e-01
7.436025284805889424e-01
-2.065712401213753990e-03
-1.307212837352437429e+00
-1.656042140086242842e+00
2.499999999999934275e+00
-4.961680251913513917e-02
-5.092658563065864952e-01
-1.584685157329101424e+00
-1.819215780388051984e+00
-1.535829004626456218e+00
-2.623174419278729630e+00
4.923933001078261151e-01
-2.188967469737151728e+00
-1.919381143627660657e+00
-1.317253034971284098e-01
2.033258614161207678e+00
2.141862751976739698e+00
-1.913139515352197062e+00
6.600846376595967957e-01
3.676159163114184336e-01
6.035846935213895481e-01
-4.895230625204740615e-01
-8.245846542782874211e-01
6.480073143332537589e-01
-1.304517828235449262e+00
2.493059367246088787e+00
2.677114541488005095e+00
1.878088956360546291e+00
2.895728643978611738e-01
7.946220512548213266e-01
3.962288780022968027e+00
1.945299729432925506e-02
-5.589812488356148412e-01
-1.377550566483656258e+00
3.504988247969962473e-02
2.151618976178554798e-01
-7.269755151881867050e-01
1.805523348507430459e+00
-9.666921360800887486e-01
3.687613255630828313e-02
6.974009447132472062e-01
1.655121291556502561e+00
-3.363853056330978752e-01
-4.122269112142570968e+00
-8.555557774533708582e-01
-1.243073076871765714e+00
-9.577641276073564081e-01
-2.614206755280287897e+00
-1.584721610453298180e+00
3.350140650021937727e-01
-1.159511906896018463e+00
1.830832435846489581e+00
4.002776810702222132e-01
-3.279267631261327809e-01
-1.896802246667341985e+00
-4.154921454518898383e-01
1.875887186929226846e+00
-2.123777860188143851e+00
-1.361835751562205932e+00
-7.528702198555572433e-01
2.211363095964186343e+00
1.668962922470115906e+00
7.689686343574612115e-01
2.821405402545968943e+00
3.576485224570395971e-01
1.710649847973970683e+00
1.217383504017687468e+00
1.755785103525693502e+00
-7.254369987753398474e-01
-2.591678724950508883e+00
1.673207320315776903e+00
1.145573286808460267e+00
1.184521205283151524e+00
-9.149736277464972645e-01
1.103126899753558376e+00
2.167180457900076185e+00
-1.526641265451701424e-01
1.141033706304364959e+00
-1.376323943123361815e+00
-1.478791776480860465e+00
-2.843460243342745386e+00
-7.032869968263756322e-01
4.372325823215993390e-01
-3.201258954004777557e+00
-1.421891187202869666e+00
-4.116697029519489903e-01
2.186163229402784847e+00
-4.115200843756338100e-01
-1.538868416806751238e+00
8.379083406937759548e-02
-1.838629828326912241e+00
-3.982228768355381421e-01
-1.461534515928860856e+00
-2.039327415047483272e-01
-1.941880016925153773e+00
-1.496574933225492066e+00
2.919601036022493989e+00
1.748934187635627913e+00
1.362614652797021986e+00
-7.149003679649643672e-01
2.278641871021649390e+00
2.279205585536330680e+00
-3.047353503914594919e-01
5.647291781731025306e-01
-1.000000000000000000e+00
5.647291781729496529e-01
-3.047353503913644568e-01
2.279205585535977185e+00
2.278641871022131227e+00
-7.149003679650599574e-01
1.362614652796872772e+00
1.748934187635480697e+00
2.919601036022511753e+00
-1.496574933225010673e+00
-1.941880016925547903e+00
-2.039327415046469638e-01
-1.461534515929023614e+00
-3.982228768354576509e-01
-1.838629828326819426e+00
8.379083406923559796e-02
-1.538868416806486783e+00
-4.115200843761327998e-01
2.186163229402963815e+00
-4.116697029518197604e-01
-1.421891187202717788e+00
-3.201258954004837953e+00
4.372325823211893336e-01
-7.032869968259123361e-01
-2.843460243342847082e+00
-1.478791776480701259e+00
-1.376323943123577420e+00
1.141033706304305451e+00
-1.526641265450326967e-01
2.167180457899853696e+00
1.103126899754038437e+00
-9.149736277467399592e-01
1.184521205283260770e+00
1.145573286808367675e+00
1.673207320315803326e+00
-2.591678724950414292e+00
-7.254369987754420990e-01
1.755785103525623114e+00
1.217383504017696350e+00
1.710649847974020199e+00
3.576485224571261945e-01
2.821405402545873908e+00
7.689686343574776428e-01
1.668962922469975574e+00
2.211363095964366199e+00
-7.528702198555758951e-01
-1.361835751562204821e+00
-2.123777860188332589e+00
1.875887186929110051e+00
-4.154921454517807589e-01
-1.896802246667370184e+00
-3.279267631261469362e-01
4.002776810701497157e-01
1.830832435846492245e+00
-1.159511906895989375e+00
3.350140650022431776e-01
-1.584721610453274199e+00
-2.614206755280372718e+00
-9.577641276073950438e-01
-1.243073076871878069e+00
-8.555557774532942528e-01
-4.122269112142385339e+00
-3.363853056335112113e-01
1.655121291556847618e+00
6.974009447129602135e-01
3.687613255688471092e-02
-9.666921360803254482e-01
1.805523348507335424e+00
-7.269755151878323218e-01
2.151618976174628495e-01
3.504988248041378956e-02
-1.377550566483998651e+00
-5.589812488355360154e-01
1.945299729392302446e-02
3.962288780022969803e+00
7.946220512552732984e-01
2.895728643975910566e-01
1.878088956360483230e+00
2.677114541487732868e+00
2.493059367246414304e+00
-1.304517828235198573e+00
6.480073143331227525e-01
-8.245846542780570498e-01
-4.895230625209084918e-01
6.035846935216089282e-01
3.676159163112582284e-01
6.600846376599155407e-01
-1.913139515352288544e+00
2.141862751976055801e+00
2.033258614161764122e+00
-1.317253034972717674e-01
-1.919381143627087116e+00
-2.188967469737650440e+00
4.923933001078083516e-01
-2.623174419278526681e+00
-1.535829004626577898e+00
-1.819215780387796855e+00
-1.584685157329348559e+00
-5.092658563064929034e-01
-4.961680251940492337e-02
2.500000000000086153e+00
-1.656042140085866476e+00
-1.307212837352835333e+00
-2.065712401094599304e-03
7.436025284803811086e-01
-4.998703382233775638e-01
-3.377874806833079280e+00
2.515146794200022740e-01
-1.799204470528432687e-01
1.132539557376660788e+00
1.397945921768107613e+00
1.529617180872385074e+00
1.794684849647690150e+00
-2.014228240990320051e-01
3.446470895185283378e+00
1.647625376349019177e+00
-3.571402530149730969e-01
-1.616371932099923914e+00
-4.767263803104737629e-02
2.592588346430740209e+00
-7.516413715796406159e-01
7.155090465569076130e-01
5.199741481216280103e-01
1.567264487594318245e+00
1.347527870950362638e+00
7.071067811863956942e-01
1.592108172928877297e+00
-2.829195548176040464e+00
-1.532439161022340457e+00
-7.018064535718466779e-01
-1.004949065659988816e-01
-2.072998690899402696e+00
-3.543612458677848576e+00
9.023372778762690505e-01
5.185198593534168232e-02
5.727924513327333766e-01
-8.019902021486714494e-01
-4.681903961548703474e-01
-5.920401823043589529e-01
-2.282951273549319815e+00
7.388826902951793896e-01
-1.654198082673662196e+00
-2.195966418073742155e+00
-2.164979269850460408e+00
9.948037389679946774e-01
2.791970392467130857e+00
-7.733428138949329789e-01
1.089184627164555774e+00
1.056569933731623667e+00
2.393944660542054237e+00
7.600735106702215527e-01
7.499118194089715583e-02
9.174241625525665356e-01
-1.997428189861917058e+00
7.552807299937880359e-01
1.384891984033769452e+00
2.152366383853129062e+00
-8.394560458197694586e-02
-1.429726630373778784e-01
3.900165639730480471e+00
1.645975485043371656e+00
9.031034397015669235e-01
-1.396936664555988195e+00
-1.496120614659650072e-01
-5.395801239365494162e-01
-1.895034964876155748e+00
5.004577109479180219e-01
-1.833800567783657964e+00
-1.139891086537589082e+00
-9.966121831608112380e-01
1.881793559054331100e+00
1.354254392164805365e+00
-2.740330332795240409e+00
-8.551939395443705072e-01
-1.021260387908253353e+00
3.663182429998201872e-02
-2.687147373466097999e+00
-2.349558627145772682e+00
-7.758798461815699099e-01
-2.076581777245151805e+00
1.042803869563541763e+00
8.223455864819368966e-01
1.486709810201727766e+00
-9.587334483984284450e-01
1.020687738472203510e-01
3.123603084160861076e+00
1.033114067809803860e-02
-6.839486229460773892e-01
-1.950425537935355003e+00
1.269438626702195316e+00
9.378012916871975024e-01
2.225076770374216917e-01
2.320976821435245085e+00
6.122091559056908050e-01
1.982432308373556662e+00
1.361683570179455405e+00
3.307125578037339420e+00
9.140034349870346242e-01
-2.439506577106115515e+00
7.347495741326770524e-02
1.180339887498287332e-01
8.751089620663208279e-01
-2.323640062923085559e+00
-6.174548322816938439e-01
1.008551829353313778e+00
-1.355281137621930920e-01
1.472438758881261744e+00
-3.088134045298610575e-01
-5.555670386099842428e-02
-2.833318116222248939e+00
-1.180838301867987994e+00
4.350811030448832883e-01
-2.823351272971313719e+00
-2.742251729613542910e+00
-2.598425948494538673e+00
1.583176890672626236e+00
1.037848633796612519e-01
-6.812898389132856503e-01
7.717786153287882200e-01
-4.237790522919900882e-01
8.484454803932500733e-01
-6.429350241477188588e-01
1.071166637787779319e+00
-1.478481106516059906e+00
-2.514984946541117150e+00
1.041775752031972369e+00
1.494365400760358398e+00
2.027878278237718490e+00
-9.743430184681372008e-01
2.111820809508401453e+00
3.120312764669411543e+00
1.521096666973874800e+00
1.623848634066475727e+00
-3.604635573149226335e-01
6.539067315600568531e-01
-1.596347289261719649e+00
8.471819062594421190e-01
1.440687975515034802e+00
-1.150381290600378748e+00
-3.369327761206531990e-01
3.682058228646578613e-01
3.680609945008770367e+00
-2.004664047335258381e-02
-1.155484789264326073e+00
-3.662054458473879559e-01
-1.163750821244059708e+00
-5.919367549837674103e-01
-2.696489427953564721e+00
-6.636644426254775242e-01
-2.769447701313103138e+00
-2.000000000000405009e+00
1.046742280026278449e+00
7.066341548931581729e-01
1.956578697145670009e-01
-2.748657402399530714e+00
9.702271139711083903e-01
7.103914677141665024e-01
-1.214292858274069964e+00
-1.573289962063839198e+00
-2.071679269779388655e+00
3.754092049435999723e-01
-1.179100203437909222e+00
1.784358442585162186e+00
1.605714741264740564e+00
9.122697607455221291e-02
1.235260742223090125e+00
1.925498685955537637e+00
3.917777293232211910e+00
-9.389865087947509847e-01
-8.916119335506185184e-01
4.819506267096942964e-01
7.687301167291890058e-01
9.136005498247210532e-01
-8.925795511328780130e-01
1.912935356287052358e+00
1.337947525530022164e-01
1.427521976091627787e+00
2.569944044000428640e+00
1.063966915357866805e+00
-3.708325149421838329e-01
-2.841242098314750386e+00
1.103587417800000026e+00
-4.823853189276033904e-01
-2.262748734672391571e+00
-2.447225737357641151e+00
-1.369719709086852255e+00
1.132724882934097010e+00
-1.197065193072239353e+00
9.546145115087559807e-01
-4.627738198733665764e-01
-1.374362009139835417e+00
-8.068183339513728125e-01
-5.478457862654134702e-01
3.748136553653604874e-01
-4.166095239904548997e+00
-2.003549739026580401e+00
7.842244168867668064e-02
1.003657819699974807e+00
3.613416608996633528e-01
-8.253242509533704752e-01
2.499999999999949374e+00
5.950182967010139157e-01
1.698150220963585255e+00
1.262863720158920344e+00
9.255297730694128644e-02
-7.275999698322453968e-01
-1.516314220044493677e+00
2.916039950685866078e+00
7.481506817351338823e-01
-7.762553483317613523e-02
3.037176913396141265e-01
2.410189187142064871e+00
3.600891599016819100e+00
-1.799291077141984552e-02
1.393310556056336136e+00
-4.852409462008986374e-01
-5.296131371338024252e-01
-6.294337662457281102e-01
-4.375746004515423948e-01
8.447543412606339785e-04
-3.512396441443593087e+00
-2.146346921230080085e-02
1.248126206332683452e+00
1.243804431733537719e+00
-1.073354926789298780e+00
-1.938744856890701085e+00
1.028186301061320362e+00
-1.642027923192924455e+00
-1.088351308039871235e+00
-2.276728115746554870e+00
-2.016372930392598573e+00
-1.945058892969708797e+00
-1.485622509202304542e+00
2.429667725319295979e+00
-4.547119992445923797e-01
-5.044578420441616640e-01
-1.088489833635292170e-02
2.296319129377929258e+00
1.744353619545164324e+00
-2.084930607484530185e+00
4.371209366451522804e-02
-7.584877999300289053e-01
6.282436762132029839e-01
2.832866283697199616e-01
1.183038586297416872e+00
1.755253022008791852e+00
-5.085257115151740059e-01
3.242101935885707498e+00
2.929471249198235316e+00
1.963358133490323176e+00
-1.142039521920052314e+00
-7.379782538162288352e-01
2.035741795370123342e+00
-9.512021992320254249e-01
-4.092320212526864287e-01
-1.365733420753345584e+00
3.877531505340652829e-01
2.245328232705338933e-01
4.114890706886992211e-01
2.456605784334822573e+00
-1.395696681042539744e+00
-1.190125989380630855e+00
-1.235529820343407525e+00
6.140894393418705466e-01
-1.521826172595172055e+00
-4.470958940779929947e+00
-1.190195436767738757e+00
-1.144444704538815305e+00
4.485525378100517768e-01
-9.572873193487860810e-01
2.605916404726238977e-01
4.494532063865340765e-01
-1.268521675085336975e+00
1.689928554232013713e+00
6.684689931074405678e-02
-7.071067811866175168e-01
-3.006482943189261903e+00
-4.279974936508352812e-01
2.280986687985858907e+00
-4.631557993711727383e-01
5.915446376727472311e-01
4.376976638183505131e-01
3.142732558897795236e+00
1.858479358762829214e+00
1.495483703847337420e+00
2.250541113098369461e+00
-1.122654520440873993e+00
5.552378091099496871e-02
3.288515300053718171e-02
1.943460082056873928e+00
-7.411319310200387145e-01
-1.934947259037613110e+00
1.964397794437513500e+00
1.688931767160141817e+00
1.995317917330088786e+00
-9.263666334895070964e-01
4.389723066669878326e-01
-1.359167155310354869e-01
-1.785098891749515193e+00
7.573335987076657005e-05
-2.118033988749871366e+00
-1.988732512911897121e+00
-3.337629555443919482e+00
3.400114113048331443e-01
1.572460761909412863e+00
-1.604316001415813764e+00
-7.122305508718054234e-01
-6.917343238954245521e-01
1.703696456561195838e+00
-1.222296696172870956e+00
-1.557962275210724501e+00
-8.514314463783456688e-01
-2.489279706965518368e+00
-2.335675525602174396e-01
-1.096196153867020628e-01
2.031876890608833364e+00
-6.493304052242582225e-01
-1.063440950150745246e-01
3.450098250017563206e+00
2.293663761797473555e+00
1.439097199573341479e+00
-1.570585643663900743e+00
1.151567099346979761e+00
6.191329063767716523e-01
-2.964987775509064227e-01
1.107490981335295555e+00
-2.017864797668721399e-01
1.086301198117890277e+00
8.673488868469181323e-02
3.475595812940756257e+00
2.434542689399977977e+00
-1.038352238440218844e+00
-3.221596945624944919e-01
-2.173561338629742545e-01
1.394236499366025450e+00
-2.675238270515877481e+00
-2.101042641447862902e+00
-9.531797578387541936e-01
-1.314080755448526538e+00
4.426412982978155108e-01
-3.859632055733878131e-01
1.098190934667620855e+00
-2.111363375562396172e+00
-9.140423513117260645e-01
1.118603522123979843e+00
-9.690976653490346315e-01
-2.240166648448169262e+00
-4.007699590991988359e+00
3.410786750717611504e-01
-3.405664909878858282e-01
-7.212317420825898884e-01
3.657074343388470039e-01
8.641121509466620498e-02
1.737574872769581669e+00
2.748614805204075973e-01
2.891948072643768075e+00
4.822933850596525240e-01
-1.734963173305305917e+00
-1.655661442313743903e-01
8.187310476276734583e-01
2.197551788550358154e+00
-1.682957131144505958e+00
6.513532574441868173e-01
2.183531819160639653e+00
2.191138064335100388e+00
2.378221543364623436e+00
6.702335536625823043e-01
1.798465286777117811e+00
-1.473914501683696310e+00
2.351652622375094426e-01
8.896697181680470745e-01
-1.153412918809788135e+00
-1.982469426600301343e+00
-2.232496643788599577e+00
2.463786913571992532e+00
3.032212718965637821e-01
-5.638405137052018290e-01
-4.320117302782248148e-01
-3.764901136780790525e-01
3.207080277670855128e-01
-2.180372204176091344e+00
-2.178150304721349073e-01
-2.871025354673536256e+00
-3.145793651541660463e+00
-1.040537000709209403e+00
2.772957129691877576e-01
9.002209459928464108e-01
-2.648179839943552327e+00
8.275573639434301576e-01
1.719965721063493991e+00
1.198264989116713863e+00
-1.123557420039790755e-01
-1.326264433484935390e+00
6.208434599028131995e-01
-1.706800674663343065e+00
9.084240752370281724e-01
1.061952286361931508e+00
2.216259727031308913e-01
2.617656381238816499e-01
1.157976243113486792e+00
