5.000000000000000000e+00
1.633036297246638568e+00
1.162908395886817603e+00
1.766105282497530959e+00
-3.846229706291171002e-02
1.556578121153108230e-01
-6.644968765993426452e-01
1.913746338696715732e+00
9.125608326708085638e-01
-1.583219431126686949e+00
9.536807390829419306e-01
-1.455646754066147963e+00
-2.410480406591728464e+00
-1.164461618579218039e+00
-4.008817952239479565e-01
1.248368094380714277e+00
-6.330311328793886139e-01
1.575766175828098969e+00
1.544602789504518459e+00
-2.151556956906810925e+00
-1.494508276212614950e-01
-4.002925160111214797e-01
-4.349008025793512644e-01
-2.791389198211270406e-01
-2.520973013974241450e-01
1.310745826816416493e+00
-2.710958025665360260e+00
-2.625960363261359731e+00
-1.203771757579019441e+00
-3.750636860893590274e+00
-1.999965590096268953e+00
-1.061488679954066594e+00
3.082156853852075495e-01
-2.680165365135143141e-01
-1.662113501563150075e+00
1.265814845103762520e+00
-1.180963105285434800e+00
-1.265942360832982283e+00
1.944658080651039178e+00
1.459082998662264874e+00
2.313473002301121628e+00
1.319123819428003719e+00
2.194639803366239317e+00
1.218071590049647046e+00
-2.161110922883982877e+00
9.520376335334073126e-01
4.381198325096633539e-01
-4.604209693780111912e-01
1.344560507963295848e+00
8.562666070068176705e-01
1.166977472454741038e+00
-1.534534744002452822e+00
-4.631281002462988572e-01
1.360085979065118966e+00
-1.200632968417595814e+00
1.890056949221555760e+00
3.017646262270514690e+00
2.021645486287795279e+00
1.739256478989669841e+00
4.248109860751619893e-01
1.847002616171302680e+00
-8.914916545765220190e-01
-7.219508362229369869e-01
2.401513112497277280e+00
-2.767744787704948806e-01
-7.952963378790633975e-02
-4.336165554744658701e-01
-1.435852002217928414e+00
-2.336121792873488090e+00
-4.141258238310137507e+00
-5.511428323621657688e-01
-1.224276270569159442e+00
-2.050065484289893547e+00
1.091410155291518524e+00
-5.040425153483147902e-01
-9.743480235294785796e-01
-1.691976228014387962e+00
-6.938561978304151889e-01
6.773419127934549033e-01
-1.537733119638257984e+00
1.788440155066727044e+00
1.849081255418967729e+00
-1.071453928888738361e+00
-2.748724012775621839e-01
-1.482039303476721859e+00
-1.148453432112019446e+00
-2.316308666846962350e+00
-1.172623126135359461e+00
1.781584525845166578e+00
-1.351821500876393189e+00
-1.614900968754968136e-01
6.986666259282876545e-01
-1.216672954614836710e+00
-3.897721321759880508e-01
-1.572596481792912781e-01
2.817612763685847899e+00
2.117247192861308580e+00
1.460208409807682184e+00
4.450588150504037444e+00
1.184260868316147519e+00
3.090169943749588866e-01
1.125240287448876719e+00
7.490142144857317996e-01
1.435100755845104104e+00
-7.840875714702810750e-02
2.327921053389693462e+00
1.144701324002635578e+00
-2.296189289974192249e+00
-5.904013162701537976e-02
-1.321001329548628034e+00
-1.499324175856291852e+00
-4.794747718430047989e-01
5.769042647473585639e-01
2.281636042546542065e+00
-8.311019262366683424e-01
5.712720500239718557e-01
1.114706807640121200e+00
-2.033307397732597277e+00
-2.916572049181975768e-02
4.298920452241100643e-01
1.020727774372119478e+00
1.504480950385856941e-01
-8.745007451897437445e-01
7.742425744073826444e-01
-3.285765372650315541e+00
-3.414213562373086042e+00
-1.155258894115517743e+00
-2.590509188386727946e+00
-1.274068358265252776e+00
-1.208224834366914857e+00
1.236705238836634108e-01
-9.733496273442152624e-01
-3.129108682951183162e+00
4.136206040803632744e-01
-7.927000242171362565e-01
-7.347180184332169350e-01
2.145880113875216821e+00
1.904642050234410355e+00
2.203247538167260267e+00
-6.431638905987679955e-02
9.306526741642411338e-01
9.277646492813271806e-01
-2.169629456118255195e+00
1.146603030826553127e+00
1.378756689630395993e+00
3.082962964093252101e-01
7.352556015900570952e-01
-1.413900360728200800e-01
6.651255225179839581e-01
-2.106091579602448416e+00
-7.058192410424168894e-01
2.318698279142740404e+00
1.332584235858937927e-01
2.237362269833313100e+00
2.817441311852792563e+00
1.909344830290148787e+00
1.016532003185363298e+00
-3.709424961787177732e-01
2.360856093546366274e+00
3.914173706925746510e-01
1.458742983929170456e-01
3.036909714233110513e+00
3.315601251598809807e-01
-4.695192306610691535e-01
-1.558987414334172650e+00
-1.632407516014070081e+00
-1.724989414325827974e+00
-3.595317789508646555e+00
3.307517642890329679e-01
-6.648169183553352679e-02
-1.901347299706949379e+00
6.772744793708318500e-02
-1.232603097640537326e+00
-1.211497097387066013e+00
-2.034495145714573017e+00
-2.986889412925538001e-01
1.935611599239101199e+00
-9.197115658319732212e-01
1.283462375036916958e+00
1.191432955649376124e+00
-1.755457978498554006e+00
-1.437715619069686479e+00
-1.982924682385273085e+00
-3.247171995438290493e-01
-1.585734102290390579e+00
-1.137976705139576605e+00
1.719307986594450277e+00
-1.828942465180126042e+00
-1.595906521741000894e+00
-5.387682616577753603e-01
-1.130067419326916678e+00
4.221100620539175452e-02
1.017754482035937436e-01
3.490056058265075478e+00
2.441800027070724521e+00
5.141572879301354870e-01
3.179332271158890055e+00
7.693944403378374375e-01
2.658165989080294445e-01
1.215486645565984070e+00
1.809016994374951004e+00
2.655745808969695698e+00
-9.631335504581539642e-02
1.683409865534916783e+00
7.615906884074445937e-01
-2.762917821036226407e+00
-4.838795037095340312e-01
-5.465980589181586025e-01
4.283179503824410816e-02
2.452024119403252156e-01
7.403888405873501055e-01
2.422654165101929991e+00
-1.381771739225695850e+00
-3.907167929415759078e-01
1.164349129414983253e+00
-9.301885449214244428e-01
8.312574018342608895e-01
1.110464342884508238e+00
1.852342482473176677e+00
-2.041028225058549861e-02
-2.047810474638100064e+00
1.295399666718134446e-01
-3.094649433723057452e+00
-3.160071957055267333e+00
-6.042144865319174496e-01
-1.422621081328812487e+00
-8.873785212917003618e-01
-2.161916358775633817e+00
-8.067955637410788583e-01
-1.568170076400513757e+00
-3.846104606677499760e+00
2.808398501239607326e-01
1.826888303129851066e-01
5.693499020103982844e-02
1.791621153473508032e+00
1.329370049843267676e+00
1.535909093687189531e+00
-1.390829145139860890e+00
3.180408974499751573e-02
1.375174859088912349e+00
-1.366533662255843495e+00
1.389985575340600299e+00
1.567550219865816885e+00
2.746844672656877373e-01
-4.535960630195519094e-01
-1.463494422100898751e+00
5.261419845611211565e-01
-1.718626864800278264e+00
-3.275543360805741044e-01
3.166147605678023780e+00
9.999999999999966693e-01
1.844287121111195527e+00
1.719814213164573280e+00
1.501587378602053713e+00
9.021590770442539098e-01
-3.724623008485759001e-01
3.361037974545450169e+00
1.902287606575012058e+00
6.957644118770063280e-01
2.693822807976947509e+00
1.259192874354048142e-01
-8.729656916475445616e-01
-2.225815181597324166e+00
-1.178796637184548635e+00
-2.875636128273719727e-01
-2.637130560553191394e+00
6.973879136010635582e-01
2.276125932725413525e-01
-2.260703107626389041e+00
-1.124341917478513864e+00
-1.693325106958601278e+00
-5.170413584015368658e-01
-1.403718354744564412e+00
2.860221043799449081e-01
2.774649218128020234e+00
-8.614579625116652872e-01
1.004048211373585464e-01
1.180204188400934689e-01
-1.969751433292509901e+00
-1.598455244349815008e+00
-1.804539115059714760e+00
7.265735203067315018e-01
-9.917779641004502711e-01
-1.839085587626745788e+00
7.009083396482095329e-01
-2.569153138718408780e+00
-2.546757639828944875e+00
-1.136402031464887497e+00
-3.887165701816973629e-01
9.619103830257981214e-01
6.219811033209277085e-02
3.162954167561953245e+00
1.974519027343788036e+00
-6.725114061532488918e-01
2.012079215901353635e+00
9.396825986943913023e-01
1.133807904166872049e+00
1.663454841606976320e+00
2.355227969500597762e+00
3.104598579693996552e+00
-8.090169943748817261e-01
4.660594880370068638e-01
4.427922024057501238e-01
-2.369843770085751089e+00
-9.488408690515637289e-02
4.144087983983067991e-01
1.366602937127245454e+00
3.877511962766774234e-01
-4.514493520472373511e-02
1.990757326537408778e+00
-1.569388818542484021e+00
-5.768866859519945489e-01
1.858695801936044889e+00
6.752367688625579012e-01
1.715521748024257276e+00
1.010401476308880220e+00
1.765701160334601783e+00
-4.525137445691170823e-01
-2.952598933213833376e+00
4.557411474847872235e-02
-1.988982572878883470e+00
-2.177918590331480164e+00
-2.304536107043870796e-01
-1.009239218221487100e+00
-1.113345480194689596e+00
-3.494915552042394680e+00
-1.751139234308146220e+00
-1.419537718974428930e+00
-3.492413081638786387e+00
6.183556018283709044e-01
9.642730810867313762e-01
3.819461691089247601e-01
6.930264508161243509e-01
4.744493983453967889e-02
9.657959381799348098e-01
-1.886300143196538492e+00
-1.202348637694561073e-01
2.222236125247561311e+00
-4.812936119877156971e-01
1.051489113381466778e+00
6.922546971848484443e-01
-3.632929684352357302e-01
-1.472376292824292054e+00
-2.306186847378677740e+00
1.029642982270421392e+00
-6.527973177380381742e-01
6.055423091192269069e-02
3.163896235274873625e+00
9.596849269494160950e-01
9.729352945308197276e-01
4.697512635425605265e-01
1.471130273141141087e+00
1.723296028881093456e+00
2.779446439374086975e-01
4.162263158927334672e+00
2.796587320639897012e+00
5.553416003494897613e-01
1.617585491311155366e+00
-3.055435910203574412e-01
-5.910818653973869408e-01
-1.962229294083099651e+00
-2.594501219691031091e-01
1.223491420541381824e+00
-2.009277177187538843e+00
1.798353800848748740e-01
-2.595634765038002945e-01
-2.536195532857895341e+00
-1.652265762008564343e+00
-1.445458658361467474e+00
8.849046609801187735e-01
-4.093482968493689644e-01
3.621911593772317861e-01
2.679289713422111863e+00
-1.288832791671935318e+00
-1.056231896816925975e+00
-5.857864376269183992e-01
-1.317345350512310720e+00
-8.194973983966480358e-01
-1.475213330268837719e+00
1.189095616908901754e+00
-1.055243469220563002e+00
-3.106560857865915182e+00
-6.472941296744302297e-01
-2.866302450679346858e+00
-2.472692998522060925e+00
-1.064220610704009751e+00
3.822041969455414190e-01
1.560472607331774508e+00
-7.027111012929465605e-01
1.904171327417841564e+00
1.217272814280114801e+00
-1.292368356000143326e+00
1.563671152413536269e+00
1.630271187337245298e+00
2.308513348064552329e+00
1.771722112318856235e+00
1.862078311396410779e+00
2.698611742581873862e+00
-1.654723053600387628e+00
-4.764271546812351987e-01
6.909830056249959274e-01
-1.157984297511366778e+00
6.410919571643793891e-01
7.958963667539199482e-01
1.804114375063096798e+00
-8.856704039531732020e-02
-1.200543293543550272e+00
1.697177225191192740e+00
-8.786118263598075018e-01
1.282976983864443365e-01
2.702736258713446915e+00
1.911055422751142707e+00
2.023288966278719236e+00
1.147401415265535407e-01
1.188247551481751207e+00
-4.432395306916883104e-01
-2.917578055409104643e+00
6.360720458760483753e-01
-5.311108790179142058e-01
-1.232309556033699183e+00
-5.822071937709721867e-01
-1.513499600422750113e+00
-1.554247405728462539e+00
-4.368899809309398030e+00
-2.043393992475132315e+00
-4.681154606354848147e-01
-2.493149544593902256e+00
7.516012042264306192e-01
8.755717826697915207e-01
3.681336316793962227e-02
-6.436017600205082845e-01
-1.137410197669759704e+00
1.081525566737810751e+00
-1.355871748438138180e+00
1.621580740247781649e-01
2.690142828671940656e+00
-2.266531247275661576e-01
2.014688779025930465e-02
-8.087927479421883614e-01
-9.242555289343660219e-01
-1.630584344355131998e+00
-2.366287895412412468e+00
1.773067702780531274e+00
2.906671009051752796e-01
-1.552392861673394520e-01
2.120562108210057417e+00
2.901333262472522989e-01
3.618482879703075472e-01
-1.595412765320089465e-01
2.027914551297392620e+00
3.069090505045020123e+00
9.043936048415925910e-01
4.090315701083063971e+00
2.715477934450623909e+00
3.163124521161830849e-02
6.020388461327321750e-01
-2.993249659665967455e-01
5.798244678233144267e-01
-1.025317420672598345e+00
4.315304361014052348e-01
1.994340668793689098e+00
-2.036364153321087223e+00
-8.690036812211877626e-01
-8.620788200566803505e-01
-2.084261133789909959e+00
-1.145848318879602035e+00
-7.251409664914019171e-01
2.203442761508431769e+00
2.009440467843980338e-01
-3.330466018348905433e-01
1.866721943951466400e+00
-1.579804972117500927e+00
-1.389190657075200175e+00
-5.166115567270952447e-01
-1.031424534183957853e-01
2.094011945237903571e-01
-1.649025221745212377e+00
6.723204619324034681e-01
-1.624852385226470464e+00
-4.195684363953644969e+00
-1.515646241500353764e+00
-2.392253937785577378e+00
-1.564858931691944122e+00
-8.897717329497256689e-01
4.207089674697254145e-01
1.373020397824252115e+00
-1.948393730181714689e+00
4.331552787407156879e-01
8.670179755189550974e-01
-9.233801780441581730e-01
1.774163691354518679e+00
2.186292795766143549e+00
2.962379541926571491e+00
1.160308778941475438e+00
5.221687440795119706e-01
2.000492378648358383e+00
-1.883348801500265735e+00
-6.045730759975945778e-01
1.369428531076956279e+00
1.711304900591194000e-01
1.000000000000000000e+00
1.711304900591141820e-01
1.369428531077063305e+00
-6.045730759976171154e-01
-1.883348801500252856e+00
2.000492378648302871e+00
5.221687440794057222e-01
1.160308778941478547e+00
2.962379541926502213e+00
2.186292795766213715e+00
1.774163691354588401e+00
-9.233801780441469598e-01
8.670179755190253745e-01
4.331552787406596217e-01
-1.948393730181723127e+00
1.373020397824243233e+00
4.207089674697006565e-01
-8.897717329496005467e-01
-1.564858931691927246e+00
-2.392253937785509432e+00
-1.515646241500325786e+00
-4.195684363953734675e+00
-1.624852385226485119e+00
6.723204619322936670e-01
-1.649025221745215042e+00
2.094011945238196670e-01
-1.031424534184059993e-01
-5.166115567269978781e-01
-1.389190657075243918e+00
-1.579804972117529793e+00
1.866721943951437090e+00
-3.330466018349831359e-01
2.009440467845253764e-01
2.203442761508267456e+00
-7.251409664913158748e-01
-1.145848318879592043e+00
-2.084261133789859333e+00
-8.620788200564062365e-01
-8.690036812215413686e-01
-2.036364153321056136e+00
1.994340668793880278e+00
4.315304361010535161e-01
-1.025317420672556157e+00
5.798244678233687166e-01
-2.993249659665864204e-01
6.020388461327983443e-01
3.163124521161847502e-02
2.715477934450631015e+00
4.090315701082769095e+00
9.043936048415726070e-01
3.069090505045161343e+00
2.027914551297109291e+00
-1.595412765318204307e-01
3.618482879702582533e-01
2.901333262473345664e-01
2.120562108210103602e+00
-1.552392861676731572e-01
2.906671009053471977e-01
1.773067702780378063e+00
-2.366287895412439113e+00
-1.630584344354874204e+00
-9.242555289343682423e-01
-8.087927479420307098e-01
2.014688779017714815e-02
-2.266531247277443484e-01
2.690142828671879371e+00
1.621580740248061980e-01
-1.355871748438250535e+00
1.081525566737848054e+00
-1.137410197669701528e+00
-6.436017600205029554e-01
3.681336316794935060e-02
8.755717826696877149e-01
7.516012042265022286e-01
-2.493149544593791234e+00
-4.681154606354726022e-01
-2.043393992474778376e+00
-4.368899809309301219e+00
-1.554247405728519382e+00
-1.513499600422804292e+00
-5.822071937709576428e-01
-1.232309556033846176e+00
-5.311108790181635619e-01
6.360720458762590956e-01
-2.917578055409042470e+00
-4.432395306919300060e-01
1.188247551481801834e+00
1.147401415263032964e-01
2.023288966278606438e+00
1.911055422751060107e+00
2.702736258713502870e+00
1.282976983866848109e-01
-8.786118263597086919e-01
1.697177225191227157e+00
-1.200543293543723689e+00
-8.856704039520385541e-02
1.804114375063037512e+00
7.958963667539759035e-01
6.410919571644293491e-01
-1.157984297511309935e+00
6.909830056249668395e-01
-4.764271546811858493e-01
-1.654723053600421379e+00
2.698611742581698447e+00
1.862078311396323294e+00
1.771722112318906639e+00
2.308513348064527904e+00
1.630271187337271943e+00
1.563671152413707688e+00
-1.292368356000174412e+00
1.217272814280249138e+00
1.904171327417772952e+00
-7.027111012929097011e-01
1.560472607331683914e+00
3.822041969454769150e-01
-1.064220610703744629e+00
-2.472692998522032504e+00
-2.866302450679270031e+00
-6.472941296745645667e-01
-3.106560857866009329e+00
-1.055243469220668695e+00
1.189095616908727227e+00
-1.475213330268812184e+00
-8.194973983965559983e-01
-1.317345350512351132e+00
-5.857864376266751494e-01
-1.056231896817021898e+00
-1.288832791672095635e+00
2.679289713422126518e+00
3.621911593772890736e-01
-4.093482968492107577e-01
8.849046609801423102e-01
-1.445458658361282289e+00
-1.652265762008551242e+00
-2.536195532858084078e+00
-2.595634765037823088e-01
1.798353800848844219e-01
-2.009277177187513974e+00
1.223491420541432451e+00
-2.594501219691363603e-01
-1.962229294083124742e+00
-5.910818653974426740e-01
-3.055435910204059580e-01
1.617585491311168910e+00
5.553416003494400233e-01
2.796587320639917884e+00
4.162263158927325790e+00
2.779446439373963740e-01
1.723296028881179165e+00
1.471130273141128431e+00
4.697512635427117389e-01
9.729352945308008538e-01
9.596849269493819001e-01
3.163896235274926472e+00
6.055423091174982897e-02
-6.527973177380186343e-01
1.029642982270418283e+00
-2.306186847378805638e+00
-1.472376292824254307e+00
-3.632929684353751743e-01
6.922546971849516950e-01
1.051489113381178786e+00
-4.812936119876465302e-01
2.222236125247635030e+00
-1.202348637698479744e-01
-1.886300143196292911e+00
9.657959381800329535e-01
4.744493983443776042e-02
6.930264508161325665e-01
3.819461691089556798e-01
9.642730810868943570e-01
6.183556018282114763e-01
-3.492413081638897854e+00
-1.419537718974072327e+00
-1.751139234308360937e+00
-3.494915552042192175e+00
-1.113345480194684045e+00
-1.009239218221565926e+00
-2.304536107043472226e-01
-2.177918590331703097e+00
-1.988982572878607691e+00
4.557411474838402032e-02
-2.952598933213907539e+00
-4.525137445687588134e-01
1.765701160334414821e+00
1.010401476308786517e+00
1.715521748024238402e+00
6.752367688625209308e-01
1.858695801936113501e+00
-5.768866859517021162e-01
-1.569388818542694963e+00
1.990757326537277994e+00
-4.514493520474927024e-02
3.877511962766925779e-01
1.366602937127451067e+00
4.144087983983837375e-01
-9.488408690487315500e-02
-2.369843770085776846e+00
4.427922024054697370e-01
4.660594880369468007e-01
-8.090169943750831205e-01
3.104598579693694571e+00
2.355227969500724328e+00
1.663454841607100221e+00
1.133807904166855396e+00
9.396825986943000419e-01
2.012079215901348750e+00
-6.725114061533187249e-01
1.974519027343572208e+00
3.162954167562114449e+00
6.219811033222899521e-02
9.619103830258892707e-01
-3.887165701814736529e-01
-1.136402031464761819e+00
-2.546757639828870712e+00
-2.569153138718612617e+00
7.009083396480593198e-01
-1.839085587626663187e+00
-9.917779641004993429e-01
7.265735203066167047e-01
-1.804539115059607735e+00
-1.598455244349784365e+00
-1.969751433292728837e+00
1.180204188399289478e-01
1.004048211372772226e-01
-8.614579625116250972e-01
2.774649218128086403e+00
2.860221043801515206e-01
-1.403718354744441399e+00
-5.170413584016158026e-01
-1.693325106958643245e+00
-1.124341917478494324e+00
-2.260703107626587993e+00
2.276125932726998091e-01
6.973879136011806867e-01
-2.637130560553144321e+00
-2.875636128272960335e-01
-1.178796637184708729e+00
-2.225815181597403214e+00
-8.729656916477386286e-01
1.259192874354018166e-01
2.693822807976876454e+00
6.957644118769243935e-01
1.902287606575116863e+00
3.361037974545411533e+00
-3.724623008484944098e-01
9.021590770442458052e-01
1.501587378602047274e+00
1.719814213164720940e+00
1.844287121111201300e+00
1.000000000000024425e+00
3.166147605678193422e+00
-3.275543360804653581e-01
-1.718626864800212761e+00
5.261419845611303714e-01
-1.463494422100940273e+00
-4.535960630196168575e-01
2.746844672655571751e-01
1.567550219865868621e+00
1.389985575340519697e+00
-1.366533662255857928e+00
1.375174859089094870e+00
3.180408974484111306e-02
-1.390829145139959921e+00
1.535909093687159999e+00
1.329370049843266566e+00
1.791621153473538675e+00
5.693499020099361541e-02
1.826888303131946056e-01
2.808398501238813516e-01
-3.846104606677522408e+00
-1.568170076400384971e+00
-8.067955637412212999e-01
-2.161916358775607172e+00
-8.873785212916912579e-01
-1.422621081328841353e+00
-6.042144865318268554e-01
-3.160071957055392122e+00
-3.094649433722904242e+00
1.295399666717009790e-01
-2.047810474638358524e+00
-2.041028225049057454e-02
1.852342482473043672e+00
1.110464342884545319e+00
8.312574018342779869e-01
-9.301885449213384005e-01
1.164349129415053419e+00
-3.907167929419214647e-01
-1.381771739225614581e+00
2.422654165101891799e+00
7.403888405871934530e-01
2.452024119405227798e-01
4.283179503829651069e-02
-5.465980589180750027e-01
-4.838795037094859586e-01
-2.762917821036335653e+00
7.615906884074605809e-01
1.683409865534566840e+00
-9.631335504569038530e-02
2.655745808969891542e+00
1.809016994374933907e+00
1.215486645566115076e+00
2.658165989078919433e-01
7.693944403379450181e-01
3.179332271158714640e+00
5.141572879299384224e-01
2.441800027070963441e+00
3.490056058264990213e+00
1.017754482035991836e-01
4.221100620549933513e-02
-1.130067419327065226e+00
-5.387682616578501893e-01
-1.595906521741219608e+00
-1.828942465180146693e+00
1.719307986594387661e+00
-1.137976705139348788e+00
-1.585734102290278891e+00
-3.247171995437916348e-01
-1.982924682385277748e+00
-1.437715619069679818e+00
-1.755457978498785820e+00
1.191432955649296188e+00
1.283462375037152992e+00
-9.197115658320390574e-01
1.935611599239077218e+00
-2.986889412923133258e-01
-2.034495145714708464e+00
-1.211497097387244093e+00
-1.232603097640653012e+00
6.772744793717233591e-02
-1.901347299706954930e+00
-6.648169183568554408e-02
3.307517642891100174e-01
-3.595317789508586603e+00
-1.724989414325964976e+00
-1.632407516014219739e+00
-1.558987414334260135e+00
-4.695192306609856647e-01
3.315601251597626309e-01
3.036909714233149593e+00
1.458742983927865944e-01
3.914173706925202501e-01
2.360856093546447987e+00
-3.709424961786756958e-01
1.016532003185337318e+00
1.909344830290140349e+00
2.817441311852944441e+00
2.237362269833406359e+00
1.332584235858819133e-01
2.318698279142841212e+00
-7.058192410421438856e-01
-2.106091579602312081e+00
6.651255225178603903e-01
-1.413900360727987637e-01
7.352556015900796327e-01
3.082962964092739178e-01
1.378756689630234344e+00
1.146603030826619740e+00
-2.169629456118257416e+00
9.277646492811191248e-01
9.306526741640691602e-01
-6.431638906001962974e-02
2.203247538167088404e+00
1.904642050234366613e+00
2.145880113875206607e+00
-7.347180184334194397e-01
-7.927000242169583988e-01
4.136206040804329964e-01
-3.129108682951286191e+00
-9.733496273442213687e-01
1.236705238836882798e-01
-1.208224834366766309e+00
-1.274068358265174172e+00
-2.590509188386675099e+00
-1.155258894115416268e+00
-3.414213562373126898e+00
-3.285765372650129024e+00
7.742425744071975702e-01
-8.745007451898050288e-01
1.504480950387140359e-01
1.020727774372187868e+00
4.298920452241326018e-01
-2.916572049175458758e-02
-2.033307397732547095e+00
1.114706807640322372e+00
5.712720500237089549e-01
-8.311019262366929894e-01
2.281636042546647758e+00
5.769042647473603402e-01
-4.794747718429310801e-01
-1.499324175856355801e+00
-1.321001329548598724e+00
-5.904013162710874951e-02
-2.296189289974351233e+00
1.144701324002532550e+00
2.327921053389291561e+00
-7.840875714687978171e-02
1.435100755845249321e+00
7.490142144855622686e-01
1.125240287448877829e+00
3.090169943749586645e-01
1.184260868316263648e+00
4.450588150503961060e+00
1.460208409807720376e+00
2.117247192861702487e+00
2.817612763685836352e+00
-1.572596481792191137e-01
-3.897721321759795021e-01
-1.216672954614868907e+00
6.986666259285153613e-01
-1.614900968756228794e-01
-1.351821500876305260e+00
1.781584525845234523e+00
-1.172623126135296179e+00
-2.316308666847018749e+00
-1.148453432112208850e+00
-1.482039303476708092e+00
-2.748724012776111447e-01
-1.071453928888819851e+00
1.849081255419081860e+00
1.788440155066462811e+00
-1.537733119638202028e+00
6.773419127935371709e-01
-6.938561978307112854e-01
-1.691976228014322459e+00
-9.743480235295209901e-01
-5.040425153481320475e-01
1.091410155291548056e+00
-2.050065484289886442e+00
-1.224276270568836367e+00
-5.511428323623263070e-01
-4.141258238310123296e+00
-2.336121792873394831e+00
-1.435852002217955281e+00
-4.336165554741565065e-01
-7.952963378807453854e-02
-2.767744787703945164e-01
2.401513112497432267e+00
-7.219508362228616027e-01
-8.914916545766877753e-01
1.847002616171356415e+00
4.248109860752055100e-01
1.739256478989598786e+00
2.021645486287812599e+00
3.017646262270627489e+00
1.890056949221840865e+00
-1.200632968417612911e+00
1.360085979065177586e+00
-4.631281002460528873e-01
-1.534534744002749695e+00
1.166977472454540088e+00
8.562666070068345459e-01
1.344560507963457940e+00
-4.604209693780160761e-01
4.381198325095785329e-01
9.520376335334737039e-01
-2.161110922884023289e+00
1.218071590049303099e+00
2.194639803366130071e+00
1.319123819427911570e+00
2.313473002301180692e+00
1.459082998662377895e+00
1.944658080651104903e+00
-1.265942360832990721e+00
-1.180963105285466774e+00
1.265814845103845121e+00
-1.662113501563213358e+00
-2.680165365135835920e-01
3.082156853854481904e-01
-1.061488679953867864e+00
-1.999965590096073331e+00
-3.750636860893509450e+00
-1.203771757578983692e+00
-2.625960363261358843e+00
-2.710958025665264337e+00
1.310745826816359649e+00
-2.520973013973796251e-01
-2.791389198208764633e-01
-4.349008025793323351e-01
-4.002925160111853176e-01
-1.494508276213528664e-01
-2.151556956906917506e+00
1.544602789504184503e+00
1.575766175827992832e+00
-6.330311328793589709e-01
1.248368094380749360e+00
-4.008817952238881710e-01
-1.164461618579314628e+00
-2.410480406591931413e+00
-1.455646754066253212e+00
9.536807390828168085e-01
-1.583219431126789312e+00
9.125608326708678497e-01
1.913746338696895810e+00
-6.644968765991356996e-01
1.556578121153697758e-01
-3.846229706315740238e-02
1.766105282497488993e+00
1.162908395886855573e+00
1.633036297246765800e+00
