5.000000000000000000e+00
1.063642703853231897e+00
2.635714811634489174e-01
2.194525662811394717e+00
-5.575744389464303286e-01
1.255410449435224507e+00
1.558462973578405464e+00
-2.753952989756336844e+00
-1.221631801022256880e+00
-3.370710485918188004e-02
-9.177861094558299460e-01
5.703582407630281015e-01
-7.197794145266127597e-01
-1.617656758832616504e+00
3.794023156146001385e-01
1.060940684909186693e+00
7.155671531475181757e-01
-7.724492087860472811e-01
-1.271832471316114432e+00
-6.500860596131348146e-01
-1.014454081610519198e+00
-1.390829633659644293e-01
-1.785351835693688383e+00
-3.857129282031027451e+00
-6.768608472633914630e-01
-5.733120286336169658e-01
-1.231589421876278401e+00
1.167610646968296084e+00
-1.415029798838841169e+00
-5.515788359860978041e-01
3.916571077759582575e+00
1.085524789658351974e+00
1.049779698205509204e+00
2.380262514215114589e+00
-9.051196634516091022e-01
1.852785365876665757e+00
2.968638349638393237e+00
-1.443455238357197246e+00
-1.583235249940487810e-01
9.504830936939637209e-02
-9.640839949890229743e-01
1.950563165475953209e+00
6.102629034391454654e-01
-1.258735407178774413e+00
8.023497331446912684e-01
1.281610433842706565e+00
1.654040801094437407e+00
1.381769616033783343e+00
-2.569413415868745387e-01
-5.256637283168082986e-01
-2.787682579175252973e-01
5.530153350789029920e-01
-8.342762787401067914e-01
-3.218545462912327793e+00
-1.859153605559447531e+00
-2.006754769591512222e+00
-1.809324242469525945e+00
3.768088884617203371e-01
-2.594109739547031612e+00
-2.328160701661502241e+00
1.647248842590473883e+00
-1.947037587799668179e-01
8.667692500360499874e-01
1.823731034161520270e+00
-2.094198299344090408e+00
9.095713867328524271e-01
2.609967852339142524e+00
-1.130233016849026662e+00
3.956544441558185188e-01
-4.757604624427634321e-01
-2.089007916840982748e+00
1.983243297310911313e+00
1.053777711462229760e+00
-1.003674272074617457e+00
1.024998962727468932e+00
7.437386054865491314e-01
1.831997733980546439e+00
3.309616288831603637e+00
1.278208952900970807e+00
4.960783114641933444e-01
9.606518106245280908e-01
1.553407672829391739e+00
1.151113701931033129e+00
-8.176880505558656864e-01
-1.199185127790596050e+00
-1.961769484725825130e+00
-1.439467534897181045e+00
6.136032550284231668e-01
-2.105575640471485155e+00
-2.588199045018833910e+00
3.810121549533129759e-02
-1.341105816196051848e+00
7.024219058141168981e-01
1.628757439836877374e+00
-2.686376490803595640e+00
-1.910928397577026372e-01
1.375650559493819092e+00
-1.474682544241598725e+00
6.722074001334028548e-01
-1.193720078885776470e+00
-3.736067977499801351e+00
6.527911464496979344e-01
2.832905007361830041e-02
-1.584649646642447118e+00
5.096537591457261929e-01
-1.005483131605668046e+00
3.086927707280217592e-01
3.415888052574242550e+00
1.648860197571692110e+00
1.059342343266674202e+00
1.546088658732216903e+00
1.526000854534484752e+00
2.442865886324389724e+00
1.645073205283605677e+00
2.458837349665923544e-01
-9.592125535947618742e-01
-6.252585190806509985e-01
1.229922009447467435e+00
-4.645794875515627531e-01
-1.245613605406862945e+00
-1.697797989314046019e-01
-1.556495969755360864e+00
1.041428827496968745e+00
2.313261978258147167e+00
-1.704684707132167798e+00
-3.429815712440153472e-14
7.657040847147297269e-01
-1.383923348185339020e+00
1.551920019765525183e+00
-8.015840806430634125e-01
-4.243283917646865966e+00
-4.743212669730609843e-01
-1.366074627483868431e+00
-2.305994047478975517e+00
1.904015163941841227e-02
-2.906807664992078877e+00
-2.079738131816881719e+00
1.813621221942101069e+00
4.239625741324459796e-01
6.354243651480536714e-01
1.097995503730358813e+00
-9.579809641879211135e-03
1.927082307041868336e+00
2.506295635441343261e+00
9.148580431877844088e-01
-1.891254393479583351e-01
-4.443917413196196708e-01
8.756959418083090085e-01
6.302774728645894609e-01
1.835424117217908657e-01
1.420395219202601478e-01
-1.413844561932618982e+00
1.118015486175856221e+00
2.906464070398648403e+00
6.624671428335437984e-02
1.310159233881261986e+00
1.104055643290611233e+00
-6.369974460435766650e-01
3.017466833175801888e+00
9.464553704072344864e-01
-2.739206242047660389e+00
-3.238947793623092597e-02
-1.751591477890708681e+00
-2.112251189233305126e+00
6.371984028668342681e-01
-3.352844674360191846e+00
-3.412496920621713947e+00
1.701527633378668858e-01
-1.247095796183209426e+00
4.958860111698437656e-02
5.972992412352273739e-01
-1.873628829656345918e+00
3.702742638170829492e-01
1.806613192624263675e+00
4.780362217150905257e-01
8.751527006839154854e-02
-9.703096020148597178e-01
-7.251911727763020732e-01
2.419810097477178568e-01
3.798640037418101745e-01
-1.221203931049815727e-01
-1.730395016522366713e+00
8.762480687968920989e-03
2.022628429006875450e+00
8.684244587081246802e-01
2.211541289245685160e+00
1.371978247867889023e+00
-1.919743056304107354e-01
3.794090784647713210e+00
2.645786678739872055e+00
-2.732039929841221237e-01
1.620209052256321502e+00
-1.072494951680761144e+00
-1.093741159518396122e+00
2.197766050784587755e+00
-2.037379305715472100e+00
-2.710470586598546117e+00
-1.599169957536591413e-01
-2.143169729064783535e+00
2.082493596244595624e-01
1.118033988749932206e+00
-2.458328268051384491e+00
-4.682922809098795103e-01
9.448183278486544934e-01
-1.153184107313616202e-01
7.071279080368912950e-01
-1.029670118549555369e+00
-2.221273720092307613e+00
-7.449898418248365184e-01
-3.635240929483326555e-01
-8.260646275547178785e-01
-2.191354133542587679e+00
-1.865254779602345980e+00
-3.291411188585656733e-01
-3.557039666857292337e-02
1.658516217433684936e+00
7.279808917620316233e-01
-8.058715261399781449e-01
2.790111882550441180e+00
2.643321981297306333e+00
1.233920097664085391e+00
2.923702224377040970e+00
-4.341410671421125356e-01
-4.238283893025579507e-01
3.227491786703502896e+00
-4.038855092906140642e-01
-9.186761474726432564e-01
5.362899575986057599e-01
-2.336498451491893391e+00
7.709450291128843169e-01
2.314451060483234457e+00
-1.577672302352462808e+00
1.687703395512446525e-01
8.693541245419554864e-01
-1.575109363685623931e-01
2.177868532552784231e+00
2.808877188442415740e-01
-2.107844419464888208e+00
-7.257609543326375423e-01
-7.537870160644729589e-01
-9.341457293304475940e-01
-1.620474564742076851e+00
-2.879111193614155795e+00
-2.470200131582334535e+00
-1.544162475181244387e+00
2.254771902055598409e-01
-3.231754867539725629e-01
-1.829582738602120617e+00
5.715345246400631574e-01
8.894877876064274380e-01
9.999999999999529265e-01
2.948638731039780581e+00
-5.154397464015775254e-01
-7.922609689952277989e-01
2.620863086831351385e+00
-5.631371891022107778e-02
2.834075274668462763e-01
1.038851323636165613e+00
-2.734229051409827083e+00
5.658079312511326009e-01
2.668117662048459238e+00
-6.758721643147381775e-01
1.312588361098503409e+00
1.083081376708772359e+00
-1.913586413067962511e-01
3.614904218337472663e+00
2.212266711169684541e+00
-5.028659619996728170e-01
7.192353618242071089e-01
-2.406313862279065852e-01
-8.504174643679318635e-02
3.899333624334310744e-01
-1.992312429625497039e+00
-2.762525030529978665e+00
-2.024430342884594225e+00
-7.716849952943468649e-01
-6.194036250470619231e-01
-1.848461439362923286e+00
-1.063625800566042834e+00
-9.852931081514972877e-01
-7.598885362563811974e-03
2.257390848545946405e+00
-6.829653803788702238e-01
-1.393536009475747406e+00
1.017374188162809112e+00
-9.943363042470600988e-01
3.506325907500828509e-01
8.841067005165121895e-01
-3.524209851841403562e+00
-7.432822929634058662e-01
1.313013225233713666e+00
-1.109072461178262081e+00
1.598451032153629381e+00
5.982489077823133217e-01
-1.175569161737351376e+00
3.566942431393351320e+00
2.953809092438829165e+00
9.315704162568088087e-01
2.412258645328281048e+00
3.530366370199314874e-01
7.360679774997241909e-01
2.622663029112155986e+00
-4.512448260773660458e-02
-1.318758659661509514e+00
-1.117133984060786123e+00
-9.411816795994432105e-01
5.105898287215770992e-02
-4.547728654048480146e-01
-1.026749239977982286e+00
-1.474206618206676644e+00
-4.667277002565787258e-01
1.844493580932136334e+00
3.358848439180134315e-02
-8.721188813588789390e-01
1.273045018439172837e-01
-1.762848512676061796e+00
1.835623334369379522e-01
8.359620445810317380e-01
-3.670865333156631216e+00
-1.924495116452617172e+00
-7.789343838524953600e-01
-2.568339730814692246e+00
9.217893752560321063e-01
-5.296204879520197695e-01
-2.932608004038895988e+00
1.814597762521823920e+00
1.617303215659201321e+00
8.385022286062087105e-01
3.063930744840692721e+00
4.614119861420062918e-02
3.838420596488824610e-01
3.395156220118125567e+00
1.076720578561431552e+00
2.851943256474244182e-01
1.157521859699372491e-01
-1.119388372925866459e+00
5.764559342230809458e-01
1.093447164384258929e+00
-9.562507116429255771e-02
-7.230344781149892208e-01
-2.696136701676231651e-01
1.668475975684994728e+00
1.408536157946207901e+00
8.790436510767295486e-01
7.566386883019224907e-01
-1.266149595764973546e+00
6.621138718185901606e-01
1.609378831110168884e+00
-2.222578671207356749e+00
-1.462823130589785636e+00
-1.760073510670025820e+00
-3.517093879491489439e+00
3.835224543855121904e-01
-1.149306611234407027e+00
-4.001705477236919606e+00
-1.285964449792637021e-01
-7.356080178936756919e-01
-4.323708194611469713e-01
2.729490008702460724e+00
-8.988650766612295007e-01
-8.948011141911669242e-01
2.433236737085135992e+00
4.737472852454801542e-01
8.632842365012390884e-01
7.212227042904276741e-01
-1.993862487766535185e+00
-4.696009919594246185e-02
1.257656655025889414e+00
9.962643807648219330e-02
-2.834638426963020930e-02
-3.451174281999580540e-01
7.507310173578134460e-01
2.018038108094884819e+00
2.340931941904965452e+00
1.901002811819436200e+00
5.770839427096074558e-14
1.387627021969459751e+00
2.618191857541632750e+00
2.182384866743207752e-01
6.085598626725940985e-01
-9.133948267398367404e-01
-3.029016189407371495e+00
7.172476802312374167e-01
-5.297963352967651751e-01
-3.250772114820097869e+00
-5.641458971558965807e-01
-2.254947823272675844e+00
-1.478933192003070829e+00
2.449791799477545773e+00
-1.267939631496646236e+00
-1.594056347310138788e+00
1.177366498976491815e+00
-9.305452199441619499e-01
7.587352832512748169e-01
1.010634304445850118e+00
-2.931546962585432681e+00
-1.274823588238870320e+00
2.726453798737193956e-02
-9.854384890164751276e-01
-7.727011994655963445e-02
-1.118033988749851826e+00
-1.281500754231603922e+00
9.245606473191321228e-01
1.990841268934987252e+00
1.979053049620167926e+00
7.364354121312383095e-01
1.252940431882244798e+00
2.499815696855004710e+00
1.840765356646606232e+00
2.577465469590032310e+00
6.721848158426166897e-01
-1.742590607637462430e+00
1.301725116575782382e+00
5.531701070597285774e-01
-1.301485106964708871e+00
5.715894085429300553e-01
-2.248320337540809177e+00
-1.608200960010827352e+00
2.667146681489644511e+00
-5.403840423724698416e-01
-7.290357680834946841e-01
1.106540682268357223e+00
-1.663462123229630274e+00
9.930014563718099208e-01
1.874967446248568370e+00
-2.645851638076747836e+00
-1.472222900010001334e+00
-1.049977310711274203e+00
-2.281627258688472271e+00
-1.871845878111230155e-01
-1.727921369802135843e+00
-3.279650052305464580e+00
-1.007987252578649073e+00
2.697778765030678372e-02
6.695214057587801637e-01
5.338809384962331928e-01
4.093525380167151173e-02
8.494915486756196010e-01
1.535262504150384899e+00
2.846664575966070920e+00
1.487152108683551077e+00
-8.482204610721552074e-01
1.046026710626793754e+00
6.629009328928449074e-01
5.941251899303534589e-02
1.766382207991444631e+00
-1.617046178896689668e+00
-1.466398131986416775e+00
2.565402276604451526e+00
2.634042471147129971e-01
8.968022466673467585e-01
2.081336787768970797e+00
-1.439516176734612518e+00
1.682785454379629009e+00
3.242208015738960558e+00
-9.366890973271034815e-01
1.683725811596261668e-01
-6.655966272429723052e-01
-2.531414936361520596e+00
5.739981709597532511e-01
-1.098663366326787072e+00
-3.630587092358166679e+00
-1.881028946281188885e+00
-1.863105735318081546e+00
-8.600432911966267024e-01
2.838927580486673152e-01
-1.104460687239089189e+00
-1.050505144090823961e+00
1.113708158711076701e-01
1.546112243677796094e+00
1.278208939800052235e+00
-5.270175707327797721e-01
-3.247290933595779056e-02
-4.898480062008950808e-01
-1.401264843926698367e-01
1.748882533218673929e+00
-1.418217203405424343e+00
-1.849840809578693790e+00
1.244934174555272888e+00
-2.655333124363211117e-01
1.540746229396509959e+00
2.665869527102449510e+00
-1.244139754487065597e+00
1.839029607229140773e+00
3.810627074015036975e+00
7.397251522680551306e-01
2.556269470759787499e+00
7.938709887956126865e-01
-1.807242384975607852e+00
1.946726355689030852e+00
5.084508622580461434e-01
-2.112767270701180422e+00
-7.940874377363302816e-01
-2.377704645527690452e+00
-1.487939743200828557e+00
8.407677182671354776e-01
-1.042845452122394434e+00
-1.551012367539980730e+00
-6.589022424189746596e-01
1.104363450558152326e-01
1.000000000000000000e+00
1.104363450559144866e-01
-6.589022424188912819e-01
-1.551012367539955417e+00
-1.042845452122628913e+00
8.407677182671373650e-01
-1.487939743200570319e+00
-2.377704645527807248e+00
-7.940874377363127401e-01
-2.112767270701195965e+00
5.084508622577106340e-01
1.946726355689299748e+00
-1.807242384975450200e+00
7.938709887952501987e-01
2.556269470759804818e+00
7.397251522679773039e-01
3.810627074014960591e+00
1.839029607229583752e+00
-1.244139754487173066e+00
2.665869527102157299e+00
1.540746229396883882e+00
-2.655333124363998265e-01
1.244934174555253792e+00
-1.849840809578441547e+00
-1.418217203405773175e+00
1.748882533218605317e+00
-1.401264843923315517e-01
-4.898480062009255009e-01
-3.247290933598562246e-02
-5.270175707328359493e-01
1.278208939799892363e+00
1.546112243677959963e+00
1.113708158710265406e-01
-1.050505144090800869e+00
-1.104460687239153582e+00
2.838927580486489965e-01
-8.600432911965107952e-01
-1.863105735318080880e+00
-1.881028946281179337e+00
-3.630587092358317225e+00
-1.098663366326878776e+00
5.739981709599378812e-01
-2.531414936361312762e+00
-6.655966272432376485e-01
1.683725811597829303e-01
-9.366890973272037346e-01
3.242208015738991644e+00
1.682785454379869261e+00
-1.439516176734648045e+00
2.081336787768785168e+00
8.968022466674161475e-01
2.634042471147240994e-01
2.565402276604496379e+00
-1.466398131986373254e+00
-1.617046178896891950e+00
1.766382207991433972e+00
5.941251899297306238e-02
6.629009328928888722e-01
1.046026710626860368e+00
-8.482204610721164606e-01
1.487152108683314378e+00
2.846664575966074029e+00
1.535262504150419982e+00
8.494915486757317336e-01
4.093525380161899818e-02
5.338809384960705451e-01
6.695214057587707268e-01
2.697778765040670379e-02
-1.007987252578440573e+00
-3.279650052305413510e+00
-1.727921369802520424e+00
-1.871845878110991457e-01
-2.281627258688290194e+00
-1.049977310711587286e+00
-1.472222900009576785e+00
-2.645851638076994305e+00
1.874967446248053227e+00
9.930014563724857135e-01
-1.663462123229701550e+00
1.106540682268077891e+00
-7.290357680830561460e-01
-5.403840423730577047e-01
2.667146681489657833e+00
-1.608200960010027103e+00
-2.248320337541271918e+00
5.715894085428955274e-01
-1.301485106964558325e+00
5.531701070594045033e-01
1.301725116576163188e+00
-1.742590607637293676e+00
6.721848158421722674e-01
2.577465469590233482e+00
1.840765356646447248e+00
2.499815696854982061e+00
1.252940431882398009e+00
7.364354121311560419e-01
1.979053049619892146e+00
1.990841268935013009e+00
9.245606473193921371e-01
-1.281500754231605921e+00
-1.118033988749969065e+00
-7.727011994655419436e-02
-9.854384890165808208e-01
2.726453798724576272e-02
-1.274823588238431338e+00
-2.931546962585663163e+00
1.010634304445570564e+00
7.587352832514244749e-01
-9.305452199442333372e-01
1.177366498976388121e+00
-1.594056347309766419e+00
-1.267939631496802111e+00
2.449791799477514243e+00
-1.478933192002779728e+00
-2.254947823272829943e+00
-5.641458971557693491e-01
-3.250772114820080994e+00
-5.297963352971444273e-01
7.172476802314560196e-01
-3.029016189407114368e+00
-9.133948267401176269e-01
6.085598626727093396e-01
2.182384866741257090e-01
2.618191857541456891e+00
1.387627021969718655e+00
1.080783502144301772e-14
1.901002811819357152e+00
2.340931941905002311e+00
2.018038108094968752e+00
7.507310173577778079e-01
-3.451174281999777049e-01
-2.834638426967373004e-02
9.962643807644461225e-02
1.257656655025763293e+00
-4.696009919581278780e-02
-1.993862487766650204e+00
7.212227042903087693e-01
8.632842365013332353e-01
4.737472852452089267e-01
2.433236737085204382e+00
-8.948011141908850385e-01
-8.988650766615602361e-01
2.729490008702444293e+00
-4.323708194608754107e-01
-7.356080178939337078e-01
-1.285964449790603092e-01
-4.001705477236855657e+00
-1.149306611234624409e+00
3.835224543857536084e-01
-3.517093879491363762e+00
-1.760073510670196573e+00
-1.462823130589552711e+00
-2.222578671207404710e+00
1.609378831110045205e+00
6.621138718188510630e-01
-1.266149595764944902e+00
7.566386883017635068e-01
8.790436510767879463e-01
1.408536157946262302e+00
1.668475975684880153e+00
-2.696136701675929670e-01
-7.230344781149652400e-01
-9.562507116441890109e-02
1.093447164384215409e+00
5.764559342231090344e-01
-1.119388372925949504e+00
1.157521859698149996e-01
2.851943256474137600e-01
1.076720578561414676e+00
3.395156220118132229e+00
3.838420596488305025e-01
4.614119861418664037e-02
3.063930744840628329e+00
8.385022286062397967e-01
1.617303215658997484e+00
1.814597762522064617e+00
-2.932608004038890659e+00
-5.296204879521170250e-01
9.217893752561455711e-01
-2.568339730814671373e+00
-7.789343838526079367e-01
-1.924495116452397347e+00
-3.670865333156631660e+00
8.359620445810912459e-01
1.835623334370618531e-01
-1.762848512676028268e+00
1.273045018438860865e-01
-8.721188813589225708e-01
3.358848439148764964e-02
1.844493580932276000e+00
-4.667277002562586485e-01
-1.474206618206740149e+00
-1.026749239977974959e+00
-4.547728654050373076e-01
5.105898287221000142e-02
-9.411816795993721563e-01
-1.117133984060748375e+00
-1.318758659661548371e+00
-4.512448260813262113e-02
2.622663029112096922e+00
7.360679775000309455e-01
3.530366370195482384e-01
2.412258645328272610e+00
9.315704162568723135e-01
2.953809092438344663e+00
3.566942431393878010e+00
-1.175569161737029855e+00
5.982489077817593204e-01
1.598451032153920481e+00
-1.109072461178294278e+00
1.313013225233468528e+00
-7.432822929625445552e-01
-3.524209851841600738e+00
8.841067005159333192e-01
3.506325907506284145e-01
-9.943363042472086466e-01
1.017374188162788018e+00
-1.393536009475341952e+00
-6.829653803793372946e-01
2.257390848545922868e+00
-7.598885362180785030e-03
-9.852931081514791911e-01
-1.063625800565921597e+00
-1.848461439363164871e+00
-6.194036250471196547e-01
-7.716849952941867707e-01
-2.024430342884510292e+00
-2.762525030529919601e+00
-1.992312429625627157e+00
3.899333624330975079e-01
-8.504174643676903900e-02
-2.406313862279565452e-01
7.192353618242909308e-01
-5.028659619997151164e-01
2.212266711169244005e+00
3.614904218337798625e+00
-1.913586413067033254e-01
1.083081376708492805e+00
1.312588361098620204e+00
-6.758721643149262492e-01
2.668117662048160810e+00
5.658079312517109161e-01
-2.734229051409835520e+00
1.038851323635910706e+00
2.834075274669773936e-01
-5.631371891041664357e-02
2.620863086831491717e+00
-7.922609689947847089e-01
-5.154397464017357322e-01
2.948638731039651351e+00
1.000000000000027534e+00
8.894877876063215227e-01
5.715345246403049639e-01
-1.829582738601973846e+00
-3.231754867542555587e-01
2.254771902056409427e-01
-1.544162475180930194e+00
-2.470200131582233283e+00
-2.879111193614208641e+00
-1.620474564742144352e+00
-9.341457293305983622e-01
-7.537870160644539741e-01
-7.257609543324837764e-01
-2.107844419464849128e+00
2.808877188438025918e-01
2.177868532552759362e+00
-1.575109363685466279e-01
8.693541245420106645e-01
1.687703395514258409e-01
-1.577672302352472355e+00
2.314451060482983547e+00
7.709450291132229349e-01
-2.336498451491877848e+00
5.362899575985120570e-01
-9.186761474725562149e-01
-4.038855092909244826e-01
3.227491786703588605e+00
-4.238283893022323778e-01
-4.341410671422267220e-01
2.923702224376912184e+00
1.233920097664091831e+00
2.643321981297107381e+00
2.790111882550730726e+00
-8.058715261397805252e-01
7.279808917619728925e-01
1.658516217433748219e+00
-3.557039666860145610e-02
-3.291411188585466885e-01
-1.865254779602170787e+00
-2.191354133542516625e+00
-8.260646275549696771e-01
-3.635240929483311012e-01
-7.449898418245486376e-01
-2.221273720092207249e+00
-1.029670118549715685e+00
7.071279080368446657e-01
-1.153184107314538798e-01
9.448183278486821379e-01
-4.682922809097257444e-01
-2.458328268051422238e+00
1.118033988749744800e+00
2.082493596243710776e-01
-2.143169729064817286e+00
-1.599169957536993314e-01
-2.710470586598492382e+00
-2.037379305715522726e+00
2.197766050784571323e+00
-1.093741159518467398e+00
-1.072494951680722508e+00
1.620209052256324611e+00
-2.732039929841600934e-01
2.645786678739593611e+00
3.794090784647889958e+00
-1.919743056300391437e-01
1.371978247867518430e+00
2.211541289245825048e+00
8.684244587080344191e-01
2.022628429006813722e+00
8.762480688436546927e-03
-1.730395016522256579e+00
-1.221203931052049496e-01
3.798640037418075099e-01
2.419810097477857469e-01
-7.251911727761215509e-01
-9.703096020150403511e-01
8.751527006841142153e-02
4.780362217149876636e-01
1.806613192624206832e+00
3.702742638177048962e-01
-1.873628829656373007e+00
5.972992412348384628e-01
4.958860111715890362e-02
-1.247095796183435912e+00
1.701527633378935311e-01
-3.412496920621250318e+00
-3.352844674360697219e+00
6.371984028667719846e-01
-2.112251189233117721e+00
-1.751591477890939830e+00
-3.238947793604274317e-02
-2.739206242047607986e+00
9.464553704066691608e-01
3.017466833176148278e+00
-6.369974460433246444e-01
1.104055643290349664e+00
1.310159233881411645e+00
6.624671428317252531e-02
2.906464070398306454e+00
1.118015486176426432e+00
-1.413844561932482424e+00
1.420395219200611958e-01
1.835424117219447426e-01
6.302774728644215951e-01
8.756959418084426794e-01
-4.443917413195631605e-01
-1.891254393479596674e-01
9.148580431875116270e-01
2.506295635441287306e+00
1.927082307042131681e+00
-9.579809641868886061e-03
1.097995503730171407e+00
6.354243651480073751e-01
4.239625741323963526e-01
1.813621221942187667e+00
-2.079738131816558422e+00
-2.906807664992416829e+00
1.904015163936390032e-02
-2.305994047478860054e+00
-1.366074627484184401e+00
-4.743212669728672504e-01
-4.243283917646699877e+00
-8.015840806435812205e-01
1.551920019765850034e+00
-1.383923348185298385e+00
7.657040847146582285e-01
1.897939968552911770e-13
-1.704684707132363197e+00
2.313261978257968199e+00
1.041428827497235865e+00
-1.556495969755226971e+00
-1.697797989314996370e-01
-1.245613605406839408e+00
-4.645794875517731959e-01
1.229922009447727449e+00
-6.252585190803912063e-01
-9.592125535947394477e-01
2.458837349664962646e-01
1.645073205283619000e+00
2.442865886324468772e+00
1.526000854534575124e+00
1.546088658732332810e+00
1.059342343266708619e+00
1.648860197571472064e+00
3.415888052574338030e+00
3.086927707281580391e-01
-1.005483131605896752e+00
5.096537591458056848e-01
-1.584649646642343868e+00
2.832905007348562876e-02
6.527911464498832306e-01
-3.736067977499700099e+00
-1.193720078885974756e+00
6.722074001333988580e-01
-1.474682544241642468e+00
1.375650559493641012e+00
-1.910928397575072935e-01
-2.686376490803660033e+00
1.628757439836633569e+00
7.024219058142660010e-01
-1.341105816196273892e+00
3.810121549517009321e-02
-2.588199045018852562e+00
-2.105575640471793797e+00
6.136032550283271325e-01
-1.439467534897031609e+00
-1.961769484725683466e+00
-1.199185127790444616e+00
-8.176880505559727119e-01
1.151113701931006705e+00
1.553407672829523856e+00
9.606518106248150835e-01
4.960783114643284586e-01
1.278208952900876216e+00
3.309616288831702224e+00
1.831997733980747389e+00
7.437386054865553486e-01
1.024998962727403651e+00
-1.003674272074656315e+00
1.053777711461968858e+00
1.983243297311163555e+00
-2.089007916840988965e+00
-4.757604624429715989e-01
3.956544441557960368e-01
-1.130233016849150562e+00
2.609967852339146077e+00
9.095713867328926172e-01
-2.094198299344138370e+00
1.823731034161528042e+00
8.667692500363491925e-01
-1.947037587803696068e-01
1.647248842590742335e+00
-2.328160701661043497e+00
-2.594109739547586280e+00
3.768088884615858891e-01
-1.809324242469101396e+00
-2.006754769591543752e+00
-1.859153605559093592e+00
-3.218545462912384636e+00
-8.342762787404008895e-01
5.530153350790403266e-01
-2.787682579171900654e-01
-5.256637283167018282e-01
-2.569413415870063222e-01
1.381769616033653447e+00
1.654040801094513569e+00
1.281610433842757413e+00
8.023497331448641301e-01
-1.258735407178710686e+00
6.102629034385035345e-01
1.950563165476043581e+00
-9.640839949890049887e-01
9.504830936908165162e-02
-1.583235249938272915e-01
-1.443455238357560289e+00
2.968638349638033969e+00
1.852785365877054113e+00
-9.051196634517975070e-01
2.380262514214901870e+00
1.049779698205872691e+00
1.085524789657965616e+00
3.916571077759656294e+00
-5.515788359853913692e-01
-1.415029798838998598e+00
1.167610646968389565e+00
-1.231589421876119417e+00
-5.733120286340552818e-01
-6.768608472630470718e-01
-3.857129282031000361e+00
-1.785351835693992140e+00
-1.390829633659855236e-01
-1.014454081610412173e+00
-6.500860596132151947e-01
-1.271832471315904378e+00
-7.724492087862006029e-01
7.155671531472747038e-01
1.060940684909187581e+00
3.794023156147393605e-01
-1.617656758832325625e+00
-7.197794145268261445e-01
5.703582407631786477e-01
-9.177861094556125643e-01
-3.370710485911787568e-02
-1.221631801021877184e+00
-2.753952989756613068e+00
1.558462973577803723e+00
1.255410449435499176e+00
-5.575744389465360218e-01
2.194525662811251276e+00
2.635714811633341204e-01
1.063642703852738958e+00
