5.000000000000000000e+00
7.106346724779880608e-01
1.116689244154470462e+00
8.365849915801328862e-01
6.447983086352545579e-01
8.959557610107213854e-01
4.928611191881368536e-01
-1.428678211454131652e+00
-2.474252433666354722e+00
1.835604676523587830e+00
-1.138637795460466062e+00
7.422015657892547802e-01
-5.050246946434433504e-01
-7.585679412529389154e-01
8.605028043868844234e-01
1.810854587393857296e+00
-3.130243012350294451e-01
-2.109938340493072939e+00
2.920076266461164582e-01
-2.669963812981158924e+00
3.179656589408119682e-01
-2.043481666219748583e+00
-3.383694387580872487e+00
-2.135047382835581598e+00
-1.534438399820105547e-01
-5.062325628939907673e-01
-8.187917338011467816e-01
6.848771711272381157e-01
-1.795505432990931682e+00
3.062256347812085888e+00
1.386580726567749888e+00
1.561713592755631375e-01
-1.850725297191724850e-01
3.620376716144623752e-01
1.711132194822504449e-01
6.849245782289622442e-01
5.802014011925475945e-01
-2.985519332132788417e+00
1.740123456959195902e+00
7.609978512787256566e-01
1.590951288483874571e+00
1.361325120857835858e+00
9.914899516068540475e-01
1.033997521716250478e+00
3.064845913491037077e+00
2.877273969438255197e+00
-1.233482623077610363e+00
1.442050267807448272e+00
-1.208270246087503663e+00
4.217012965135671365e-01
1.010302952408892452e-14
-1.703809675266203971e+00
-2.754708456966361574e+00
-3.328122982650525419e-01
5.360339298964053034e-01
-1.392723340053877656e+00
1.147042022622530855e+00
-2.314514758261459360e+00
5.677569112193889822e-01
1.205836579238405148e+00
-4.684422210015026788e-02
-2.012726587606707085e+00
-1.214265681893480275e+00
-1.313116015168924733e+00
-1.785485301051800144e+00
5.528667053486548966e-01
-4.034913787058875378e+00
-1.256528150158809254e+00
-1.795014222182790276e-01
6.888013057819991625e-01
3.564204405374071793e-01
9.333587320249908670e-01
1.083092970065806515e-01
1.148372920695583943e+00
4.104352992754388474e+00
-5.611631188171624096e-01
1.019717456558434598e+00
-2.499988620827633401e-01
4.488495255503741621e-01
8.157729858335061035e-01
8.624349651655329740e-01
-1.496638980680188524e+00
-4.734954956834725448e-01
2.786827832316704168e+00
9.761827235511166823e-02
2.733662338432572447e+00
1.705847927503005845e-01
6.907617399448054973e-01
1.843295809461048318e+00
2.383797026794661988e+00
-7.493368412633598652e-01
-1.183352575186745970e+00
-2.436581411561276056e-01
-2.484186625234207746e+00
9.458880711881255676e-01
-2.563056447436808938e+00
-2.628744761636251148e+00
-1.494644600258540734e+00
4.302247035191743008e-01
-6.267796985944211752e-01
-6.034062138837725797e-14
-3.344306081291585908e-01
-1.965263844528641002e+00
2.566401057613300285e+00
-6.330403502039654295e-01
-9.821698613338248895e-01
-1.795042174386933809e+00
-1.044710614989743380e+00
-1.300824766514354192e+00
3.345692196881908664e-01
-1.093017812666839284e+00
-2.794123272538256764e+00
1.983462406889692442e+00
3.243249933500140791e-01
2.238939822156055470e+00
1.231259419346927952e+00
1.003358405879110737e+00
9.710780926856932282e-01
3.512060615363636451e+00
1.591346510083458288e+00
-8.880085856482342610e-01
1.329485157325589695e+00
-1.423725008382031421e+00
1.541425688512523706e+00
4.161086901066467503e-01
-7.071067811865482389e-01
-1.300535424917319105e+00
1.793290814633197838e+00
1.230240161259621212e+00
7.157981190351181411e-01
1.887114303194765030e+00
-1.797880771209652506e+00
1.741582719061988360e+00
8.900460823376007413e-01
-3.578880145524946377e-01
-2.399310310629520160e+00
-1.278588536428438172e+00
-2.341249231043166290e+00
-1.137048019171424285e+00
-2.274316073996039966e-01
-4.257023316195362561e+00
-5.465093179275350987e-01
-5.340650567349922717e-01
6.528644489315654775e-01
-4.835513454289319668e-02
3.338764219821146462e-01
-1.415616067879134965e+00
9.533329125314103925e-01
1.917089222888523903e+00
-2.126542439275500129e+00
-1.021405182655144017e-14
-1.915123262007222049e+00
-1.161127696707030532e-01
3.456942417875432660e-01
6.079350424443363821e-01
-1.785984828070946939e+00
1.037225609928044134e+00
2.678594928308956291e+00
1.033510014530243160e+00
3.511635302096069555e+00
4.714427802898824016e-02
1.452806920192406093e+00
2.155080762158066321e+00
2.355817434847539804e+00
-1.034675423970292441e+00
-9.334546404755308946e-02
-5.448641540758014656e-01
-1.074110189879833754e+00
2.043876495355711587e+00
-1.943105443431177637e+00
-8.098803394930089716e-01
-2.537084451081628167e-02
1.619768497649809458e+00
1.117579189387910010e-01
1.145545121815539247e+00
-1.101344632292504899e+00
-1.314091137916234775e+00
1.979945025632780631e+00
-1.946390148730478442e+00
-1.523782303754726897e+00
-2.821358300986612111e+00
-1.827760693574213668e+00
-1.871268830360750535e+00
2.917699076165756189e-01
-2.438711159281272245e+00
-2.110760398464215815e+00
1.536764164706636127e+00
-2.939805405856499299e-01
2.051657361848830075e+00
4.771461515671582276e-02
-7.381468272624114313e-02
9.681666286023959955e-03
2.609612476880935006e+00
-5.514079251933547976e-01
-1.003327511465149202e+00
1.852674966318030858e-01
-1.644312122004589316e+00
2.193263361912223708e+00
4.915443617557176958e-01
5.738219603042948869e-02
1.110223024625156540e-14
3.209214527743651235e+00
1.612009834556269006e+00
2.496940724804098899e+00
1.782813673403992105e+00
-1.090915660480407334e+00
2.600238550540383109e+00
7.211413951213703211e-01
-1.347579790103763386e-01
-1.911897373106955067e+00
-6.299021757435951940e-01
-1.982414751890566595e+00
7.350405772704540208e-01
-2.023172835641547651e-01
-2.926668615649531624e+00
7.292936629170084784e-01
-1.923728331240822653e-01
1.121041736936934541e+00
-1.374562580808955659e-01
-3.460096670171439737e-01
-2.522180978436796561e+00
7.740804101576905794e-01
-4.000735279959151680e-01
-3.008503437309272055e+00
-1.141723847311540085e+00
-3.196226610749786090e+00
-4.618620816398616435e-01
-1.249238534348156016e-01
-3.079857826754728301e-02
-2.169900977442227763e+00
1.666834356657338923e+00
1.460026943929128684e+00
1.248362303081859359e+00
2.615542949141888229e+00
-1.080124605555408346e+00
1.097511186470405686e+00
1.435485157172313730e+00
1.430369272014988979e+00
-1.491235338706357938e+00
4.844787364980950306e-01
-9.419631048082719449e-01
7.248085413323989146e-01
2.763974469823121005e+00
-9.192101384131697861e-01
1.041700336535109406e+00
1.385397846493738649e+00
2.684891704112855493e+00
1.102728603369233396e+00
2.031848753554856835e+00
-1.554757823846673048e+00
-1.560552841076583436e-13
1.554757823846887099e+00
-2.031848753554897691e+00
-1.102728603369254934e+00
-2.684891704112824407e+00
-1.385397846493741092e+00
-1.041700336535181348e+00
9.192101384131718955e-01
-2.763974469822934488e+00
-7.248085413326955662e-01
9.419631048085413960e-01
-4.844787364982177658e-01
1.491235338706371483e+00
-1.430369272014917037e+00
-1.435485157172314175e+00
-1.097511186470447209e+00
1.080124605555426331e+00
-2.615542949141790974e+00
-1.248362303081976377e+00
-1.460026943929022769e+00
-1.666834356657342475e+00
2.169900977442262846e+00
3.079857826758236605e-02
1.249238534348534602e-01
4.618620816398054663e-01
3.196226610749865582e+00
1.141723847311558071e+00
3.008503437309245410e+00
4.000735279962076008e-01
-7.740804101578664387e-01
2.522180978436813881e+00
3.460096670171752820e-01
1.374562580809700618e-01
-1.121041736936957189e+00
1.923728331242057221e-01
-7.292936629170376772e-01
2.926668615649376637e+00
2.023172835645610512e-01
-7.350405772708574759e-01
1.982414751890763771e+00
6.299021757436045199e-01
1.911897373106938414e+00
1.347579790104270758e-01
-7.211413951212048978e-01
-2.600238550540412863e+00
1.090915660480171301e+00
-1.782813673403487620e+00
-2.496940724804399991e+00
-1.612009834556105581e+00
-3.209214527743700973e+00
-6.361577931102146977e-14
-5.738219603044281136e-02
-4.915443617555864675e-01
-2.193263361912354270e+00
1.644312122004501830e+00
-1.852674966316184557e-01
1.003327511464868316e+00
5.514079251935616321e-01
-2.609612476880987408e+00
-9.681666286120549358e-03
7.381468272623581406e-02
-4.771461515664809916e-02
-2.051657361848903349e+00
2.939805405855944187e-01
-1.536764164706549529e+00
2.110760398463880083e+00
2.438711159281525820e+00
-2.917699076166757055e-01
1.871268830360687696e+00
1.827760693574097317e+00
2.821358300986677392e+00
1.523782303754598999e+00
1.946390148730565040e+00
-1.979945025632690481e+00
1.314091137916037599e+00
1.101344632292786230e+00
-1.145545121815731537e+00
-1.117579189387695182e-01
-1.619768497649810568e+00
2.537084451084814507e-02
8.098803394929611210e-01
1.943105443431173640e+00
-2.043876495355640976e+00
1.074110189879681876e+00
5.448641540759604496e-01
9.334546404747072479e-02
1.034675423970291996e+00
-2.355817434847599312e+00
-2.155080762158014362e+00
-1.452806920192485585e+00
-4.714427802893317310e-02
-3.511635302096062450e+00
-1.033510014530316434e+00
-2.678594928308877687e+00
-1.037225609928414283e+00
1.785984828071076169e+00
-6.079350424442024892e-01
-3.456942417875846774e-01
1.161127696705284151e-01
1.915123262007349947e+00
9.658940314238861902e-15
2.126542439275412200e+00
-1.917089222888112676e+00
-9.533329125318157349e-01
1.415616067879357010e+00
-3.338764219821743762e-01
4.835513454301920699e-02
-6.528644489316448585e-01
5.340650567351491462e-01
5.465093179273131652e-01
4.257023316195276408e+00
2.274316073998821075e-01
1.137048019171208901e+00
2.341249231043341705e+00
1.278588536428360012e+00
2.399310310629569454e+00
3.578880145524733214e-01
-8.900460823374672925e-01
-1.741582719062105600e+00
1.797880771209702910e+00
-1.887114303194566745e+00
-7.157981190353150946e-01
-1.230240161259463560e+00
-1.793290814633257124e+00
1.300535424917259375e+00
7.071067811864975017e-01
-4.161086901064585675e-01
-1.541425688512681358e+00
1.423725008382082713e+00
-1.329485157325475564e+00
8.880085856480540718e-01
-1.591346510083210708e+00
-3.512060615363793659e+00
-9.710780926857041084e-01
-1.003358405879053006e+00
-1.231259419346885764e+00
-2.238939822156150949e+00
-3.243249933499547932e-01
-1.983462406889632046e+00
2.794123272538012515e+00
1.093017812667113953e+00
-3.345692196883728320e-01
1.300824766514467656e+00
1.044710614989663888e+00
1.795042174386938694e+00
9.821698613336906636e-01
6.330403502040669039e-01
-2.566401057613340697e+00
1.965263844528555737e+00
3.344306081291683608e-01
-2.418065747633590945e-13
6.267796985945335297e-01
-4.302247035192360292e-01
1.494644600258658862e+00
2.628744761636188088e+00
2.563056447436836915e+00
-9.458880711882420300e-01
2.484186625234063861e+00
2.436581411564350264e-01
1.183352575186402911e+00
7.493368412637303466e-01
-2.383797026794723717e+00
-1.843295809461097612e+00
-6.907617399449877960e-01
-1.705847927500800942e-01
-2.733662338432633732e+00
-9.761827235518716339e-02
-2.786827832316461695e+00
4.734954956829705019e-01
1.496638980680482067e+00
-8.624349651656816329e-01
-8.157729858334455963e-01
-4.488495255504797443e-01
2.499988620828732522e-01
-1.019717456558636881e+00
5.611631188172242490e-01
-4.104352992754225937e+00
-1.148372920695840183e+00
-1.083092970064891691e-01
-9.333587320252171304e-01
-3.564204405373847528e-01
-6.888013057820622231e-01
1.795014222184446728e-01
1.256528150158570334e+00
4.034913787058973966e+00
-5.528667053485738503e-01
1.785485301051545459e+00
1.313116015169100148e+00
1.214265681893416549e+00
2.012726587606701312e+00
4.684422210020394717e-02
-1.205836579238219741e+00
-5.677569112195514078e-01
2.314514758261645433e+00
-1.147042022622480673e+00
1.392723340053696024e+00
-5.360339298961930288e-01
3.328122982648810124e-01
2.754708456966449504e+00
1.703809675266303891e+00
7.993605777301127091e-15
-4.217012965136457403e-01
1.208270246087553179e+00
-1.442050267807470476e+00
1.233482623077557960e+00
-2.877273969437975865e+00
-3.064845913491240914e+00
-1.033997521716178758e+00
-9.914899516068867991e-01
-1.361325120857735049e+00
-1.590951288483945625e+00
-7.609978512785438021e-01
-1.740123456959308701e+00
2.985519332132754222e+00
-5.802014011925180625e-01
-6.849245782289691276e-01
-1.711132194820563224e-01
-3.620376716145543572e-01
1.850725297192193919e-01
-1.561713592756244218e-01
-1.386580726567400834e+00
-3.062256347812342572e+00
1.795505432990866179e+00
-6.848771711269340257e-01
8.187917338008108281e-01
5.062325628942291322e-01
1.534438399818637000e-01
2.135047382835578933e+00
3.383694387580786334e+00
2.043481666220051896e+00
-3.179656589410281287e-01
2.669963812981120732e+00
-2.920076266458911940e-01
2.109938340492674591e+00
3.130243012354178012e-01
-1.810854587393970760e+00
-8.605028043869302756e-01
7.585679412528083532e-01
5.050246946436290907e-01
-7.422015657894106555e-01
1.138637795460560209e+00
-1.835604676523630907e+00
2.474252433666212614e+00
1.428678211454217806e+00
-4.928611191882633635e-01
-8.959557610106646530e-01
-6.447983086353066273e-01
-8.365849915799559167e-01
-1.116689244154733363e+00
-7.106346724777344859e-01
-5.000000000000000000e+00
-7.106346724781169577e-01
-1.116689244154342786e+00
-8.365849915802219261e-01
-6.447983086351616322e-01
-8.959557610107465875e-01
-4.928611191880913345e-01
1.428678211453775493e+00
2.474252433666654927e+00
-1.835604676523700407e+00
1.138637795460334168e+00
-7.422015657890408402e-01
5.050246946432704886e-01
7.585679412530077492e-01
-8.605028043869342724e-01
-1.810854587393817994e+00
3.130243012349781528e-01
2.109938340493092923e+00
-2.920076266460998049e-01
2.669963812981047901e+00
-3.179656589405721601e-01
2.043481666219531867e+00
3.383694387580979068e+00
2.135047382835573160e+00
1.534438399820281240e-01
5.062325628938904032e-01
8.187917338012222768e-01
-6.848771711272805263e-01
1.795505432990945227e+00
-3.062256347812104984e+00
-1.386580726567734345e+00
-1.561713592754194746e-01
1.850725297191530561e-01
-3.620376716144206308e-01
-1.711132194823729025e-01
-6.849245782288252427e-01
-5.802014011926528436e-01
2.985519332132807513e+00
-1.740123456959163928e+00
-7.609978512787702876e-01
-1.590951288483852366e+00
-1.361325120857860727e+00
-9.914899516068482743e-01
-1.033997521716091272e+00
-3.064845913490844787e+00
-2.877273969438390644e+00
1.233482623077740037e+00
-1.442050267807410746e+00
1.208270246087458588e+00
-4.217012965134918634e-01
3.474998067076739972e-14
1.703809675266212853e+00
2.754708456966357133e+00
3.328122982649111550e-01
-5.360339298962957244e-01
1.392723340053808823e+00
-1.147042022622564605e+00
2.314514758261345229e+00
-5.677569112193361356e-01
-1.205836579238430017e+00
4.684422210022548549e-02
2.012726587606726181e+00
1.214265681893470061e+00
1.313116015168702688e+00
1.785485301052236240e+00
-5.528667053488721672e-01
4.034913787058706625e+00
1.256528150159343049e+00
1.795014222180597585e-01
-6.888013057819166729e-01
-3.564204405374347684e-01
-9.333587320249000507e-01
-1.083092970068542660e-01
-1.148372920695180044e+00
-4.104352992754602525e+00
5.611631188170480566e-01
-1.019717456558282276e+00
2.499988620825472907e-01
-4.488495255501254722e-01
-8.157729858337398055e-01
-8.624349651655256466e-01
1.496638980679778186e+00
4.734954956840469187e-01
-2.786827832316989273e+00
-9.761827235510778245e-02
-2.733662338432421457e+00
-1.705847927505107497e-01
-6.907617399446569495e-01
-1.843295809461223289e+00
-2.383797026794519880e+00
7.493368412629886066e-01
1.183352575187055500e+00
2.436581411557335874e-01
2.484186625234374723e+00
-9.458880711880263137e-01
2.563056447436451890e+00
2.628744761636447880e+00
1.494644600258652201e+00
-4.302247035191774094e-01
6.267796985943490107e-01
1.632027846198980114e-13
3.344306081287672372e-01
1.965263844528903014e+00
-2.566401057613323822e+00
6.330403502036892061e-01
9.821698613339353567e-01
1.795042174386872968e+00
1.044710614989800446e+00
1.300824766514338870e+00
-3.345692196879893054e-01
1.093017812666474686e+00
2.794123272538463265e+00
-1.983462406889694662e+00
-3.243249933500619298e-01
-2.238939822155923576e+00
-1.231259419347134898e+00
-1.003358405879122062e+00
-9.710780926857027762e-01
-3.512060615363476579e+00
-1.591346510083754495e+00
8.880085856484078999e-01
-1.329485157325656530e+00
1.423725008381953927e+00
-1.541425688512378045e+00
-4.161086901067050370e-01
7.071067811864634178e-01
1.300535424917182326e+00
-1.793290814632975128e+00
-1.230240161259843035e+00
-7.157981190346961453e-01
-1.887114303194924236e+00
1.797880771209633632e+00
-1.741582719061821383e+00
-8.900460823377120967e-01
3.578880145524818701e-01
2.399310310629533483e+00
1.278588536428466149e+00
2.341249231043099677e+00
1.137048019171745361e+00
2.274316073994122611e-01
4.257023316195454044e+00
5.465093179277337176e-01
5.340650567348739219e-01
-6.528644489315414967e-01
4.835513454298712155e-02
-3.338764219821290236e-01
1.415616067879114093e+00
-9.533329125313838581e-01
-1.917089222888521238e+00
2.126542439275491247e+00
-5.362377208939506090e-14
1.915123262007300209e+00
1.161127696707450196e-01
-3.456942417874876439e-01
-6.079350424444068812e-01
1.785984828070868558e+00
-1.037225609927894254e+00
-2.678594928309121936e+00
-1.033510014530187870e+00
-3.511635302096071332e+00
-4.714427802906417941e-02
-1.452806920192436513e+00
-2.155080762158049446e+00
-2.355817434847422120e+00
1.034675423970089048e+00
9.334546404781769724e-02
5.448641540754679546e-01
1.074110189880025157e+00
-2.043876495355729794e+00
1.943105443431117685e+00
8.098803394930634836e-01
2.537084451075044544e-02
-1.619768497649867411e+00
-1.117579189387291061e-01
-1.145545121815576772e+00
1.101344632292446057e+00
1.314091137916211460e+00
-1.979945025632754874e+00
1.946390148730418934e+00
1.523782303754884548e+00
2.821358300986631207e+00
1.827760693574091766e+00
1.871268830360766522e+00
-2.917699076166663241e-01
2.438711159281384599e+00
2.110760398464077259e+00
-1.536764164706676539e+00
2.939805405857195408e-01
-2.051657361848826078e+00
-4.771461515693597999e-02
7.381468272618618709e-02
-9.681666285848211650e-03
-2.609612476880845300e+00
5.514079251928124537e-01
1.003327511465497368e+00
-1.852674966322269690e-01
1.644312122004852661e+00
-2.193263361912150877e+00
-4.915443617559200895e-01
-5.738219603034944161e-02
6.861178292183467420e-14
-3.209214527743434076e+00
-1.612009834556564325e+00
-2.496940724803698330e+00
-1.782813673404357813e+00
1.090915660480543226e+00
-2.600238550540239668e+00
-7.211413951214805662e-01
1.347579790103210495e-01
1.911897373106905551e+00
6.299021757437758273e-01
1.982414751890427151e+00
-7.350405772701349427e-01
2.023172835637406519e-01
2.926668615649876237e+00
-7.292936629169045615e-01
1.923728331239605849e-01
-1.121041736936839950e+00
1.374562580808589285e-01
3.460096670170297317e-01
2.522180978436542542e+00
-7.740804101572896778e-01
4.000735279955011103e-01
3.008503437309480777e+00
1.141723847311375550e+00
3.196226610749867358e+00
4.618620816401071139e-01
1.249238534348811047e-01
3.079857826725651559e-02
2.169900977442331680e+00
-1.666834356656895499e+00
-1.460026943929399135e+00
-1.248362303081384406e+00
-2.615542949141945517e+00
1.080124605555452089e+00
-1.097511186470328859e+00
-1.435485157172295967e+00
-1.430369272015043380e+00
1.491235338706486502e+00
-4.844787364977927169e-01
9.419631048079971647e-01
-7.248085413319439452e-01
-2.763974469823192948e+00
9.192101384132786990e-01
-1.041700336534954197e+00
-1.385397846493722884e+00
-2.684891704112930988e+00
-1.102728603369332649e+00
-2.031848753554947429e+00
1.554757823846548925e+00
7.736992286998181108e-13
-1.554757823847190856e+00
2.031848753555069997e+00
1.102728603369396598e+00
2.684891704112837729e+00
1.385397846493729102e+00
1.041700336535170690e+00
-9.192101384132851383e-01
2.763974469822633395e+00
7.248085413328337889e-01
-9.419631048086741787e-01
4.844787364981597566e-01
-1.491235338706527358e+00
1.430369272014827331e+00
1.435485157172293746e+00
1.097511186470599753e+00
-1.080124605555537798e+00
2.615542949141503648e+00
1.248362303082100944e+00
1.460026943928619092e+00
1.666834356657497240e+00
-2.169900977442398737e+00
-3.079857826758036765e-02
-1.249238534348892093e-01
-4.618620816398181228e-01
-3.196226610749961505e+00
-1.141723847311746809e+00
-3.008503437308922113e+00
-4.000735279966367575e-01
7.740804101579904506e-01
-2.522180978436887155e+00
-3.460096670172988498e-01
-1.374562580808792456e-01
1.121041736936968736e+00
-1.923728331241156830e-01
7.292936629170936325e-01
-2.926668615649383298e+00
-2.023172835644259371e-01
7.350405772708875629e-01
-1.982414751890915205e+00
-6.299021757437318625e-01
-1.911897373106959730e+00
-1.347579790103149433e-01
7.211413951212372053e-01
2.600238550540520777e+00
-1.090915660480154870e+00
1.782813673403754517e+00
2.496940724804445733e+00
1.612009834556276999e+00
3.209214527743614376e+00
-4.451994328746877727e-14
5.738219603035543681e-02
4.915443617556074507e-01
2.193263361912380915e+00
-1.644312122004449872e+00
1.852674966316180116e-01
-1.003327511464636057e+00
-5.514079251934236314e-01
2.609612476881076226e+00
9.681666286137202704e-03
-7.381468272616864557e-02
4.771461515675690102e-02
2.051657361849133387e+00
-2.939805405857117693e-01
1.536764164706160951e+00
-2.110760398463383591e+00
-2.438711159282179963e+00
2.917699076167445393e-01
-1.871268830360738988e+00
-1.827760693574288720e+00
-2.821358300986755996e+00
-1.523782303754668721e+00
-1.946390148730633207e+00
1.979945025632293465e+00
-1.314091137915497365e+00
-1.101344632293471015e+00
1.145545121815788603e+00
1.117579189385767280e-01
1.619768497649721084e+00
-2.537084451088356118e-02
-8.098803394927203136e-01
-1.943105443431435209e+00
2.043876495355406053e+00
-1.074110189879335930e+00
-5.448641540765650770e-01
-9.334546404719418211e-02
-1.034675423970726538e+00
2.355817434847335079e+00
2.155080762158037899e+00
1.452806920192640572e+00
4.714427802873333295e-02
3.511635302095997169e+00
1.033510014530642618e+00
2.678594928308595247e+00
1.037225609928605463e+00
-1.785984828071424335e+00
6.079350424442444556e-01
3.456942417873201112e-01
-1.161127696704624679e-01
-1.915123262007614624e+00
2.189359804560808698e-13
-2.126542439275379781e+00
1.917089222887946587e+00
9.533329125322265174e-01
-1.415616067879316819e+00
3.338764219822497603e-01
-4.835513454299522618e-02
6.528644489316989263e-01
-5.340650567351967748e-01
-5.465093179273673440e-01
-4.257023316195187590e+00
-2.274316074002215027e-01
-1.137048019170728175e+00
-2.341249231043406542e+00
-1.278588536428202804e+00
-2.399310310629354515e+00
-3.578880145525661360e-01
8.900460823374235497e-01
1.741582719062274354e+00
-1.797880771209568795e+00
1.887114303194492804e+00
7.157981190357329826e-01
1.230240161259169351e+00
1.793290814633642372e+00
-1.300535424917183436e+00
-7.071067811864441000e-01
4.161086901065409460e-01
1.541425688512842118e+00
-1.423725008382132451e+00
1.329485157325387412e+00
-8.880085856479448259e-01
1.591346510082991994e+00
3.512060615364217320e+00
9.710780926856701356e-01
1.003358405879350101e+00
1.231259419346840023e+00
2.238939822156449377e+00
3.243249933498280058e-01
1.983462406889672014e+00
-2.794123272537986757e+00
-1.093017812667336663e+00
3.345692196883713887e-01
-1.300824766514453668e+00
-1.044710614989799335e+00
-1.795042174387040390e+00
-9.821698613335310135e-01
-6.330403502041028752e-01
2.566401057613308723e+00
-1.965263844528267967e+00
-3.344306081297121480e-01
2.281508315604696691e-13
-6.267796985946489929e-01
4.302247035190253088e-01
-1.494644600258556721e+00
-2.628744761636207627e+00
-2.563056447437017660e+00
9.458880711882085013e-01
-2.484186625234130030e+00
-2.436581411564207045e-01
-1.183352575186340738e+00
-7.493368412637432252e-01
2.383797026794586049e+00
1.843295809460936852e+00
6.907617399449677009e-01
1.705847927500049321e-01
2.733662338432724770e+00
9.761827235515030399e-02
2.786827832316567388e+00
-4.734954956831174400e-01
-1.496638980680632169e+00
8.624349651656508797e-01
8.157729858334523687e-01
4.488495255503233139e-01
-2.499988620830125852e-01
1.019717456558643764e+00
-5.611631188172243601e-01
4.104352992754246365e+00
1.148372920695900135e+00
1.083092970064061245e-01
9.333587320251144348e-01
3.564204405375134277e-01
6.888013057820453477e-01
-1.795014222185856712e-01
-1.256528150158834345e+00
-4.034913787059101864e+00
5.528667053485413208e-01
-1.785485301051423335e+00
-1.313116015169130346e+00
-1.214265681893217819e+00
-2.012726587606913142e+00
-4.684422209990724006e-02
1.205836579238123596e+00
5.677569112200675505e-01
-2.314514758261714711e+00
1.147042022622383195e+00
-1.392723340053325209e+00
5.360339298956304788e-01
-3.328122982645265737e-01
-2.754708456966523666e+00
-1.703809675266407808e+00
-2.680078381445127889e-13
4.217012965142004077e-01
-1.208270246087801869e+00
1.442050267807554853e+00
-1.233482623077415408e+00
2.877273969437549539e+00
3.064845913491540674e+00
1.033997521716002010e+00
9.914899516067292584e-01
1.361325120857585169e+00
1.590951288484199200e+00
7.609978512781938598e-01
1.740123456959484116e+00
-2.985519332132636094e+00
5.802014011915952452e-01
6.849245782296169427e-01
1.711132194817683860e-01
3.620376716144836915e-01
-1.850725297192992169e-01
1.561713592757079105e-01
1.386580726567098854e+00
3.062256347812469137e+00
-1.795505432990732508e+00
6.848771711268565321e-01
-8.187917338006325263e-01
-5.062325628941579669e-01
-1.534438399818716381e-01
-2.135047382835720597e+00
-3.383694387580686413e+00
-2.043481666220342330e+00
3.179656589411082868e-01
-2.669963812981280160e+00
2.920076266460813752e-01
-2.109938340492701236e+00
-3.130243012353729481e-01
1.810854587394172821e+00
8.605028043868266918e-01
-7.585679412526533660e-01
-5.050246946441322438e-01
7.422015657898066721e-01
-1.138637795460834212e+00
1.835604676523423739e+00
-2.474252433665755202e+00
-1.428678211454671665e+00
4.928611191883608966e-01
8.959557610108740411e-01
6.447983086353510362e-01
8.365849915799355996e-01
1.116689244154891458e+00
7.106346724776058110e-01
