5.000000000000000000e+00
1.126942027643875299e+00
-3.901191785674222867e-01
2.481046090297946094e+00
1.137072493786888128e+00
-1.320659825816511423e-02
-5.883871276817705942e-01
-1.755155171935222302e+00
-6.585272038129308392e-01
-1.290528434047442552e+00
-2.046418905983874215e+00
-1.524789529371838093e+00
-2.676391238489723268e+00
-2.659923782532618852e-01
1.170845267963764424e+00
-2.789373043340843239e+00
-5.937224138155803299e-01
3.216403334075194298e+00
2.358926667191421078e-01
-2.647061816367183851e-01
1.372220275688708968e+00
1.179372360334576264e+00
1.570585215942430501e+00
1.411955467104757389e-01
-3.164062199855792734e-01
8.811153115208827380e-01
-2.352913568107952713e-01
4.578820072452201573e-01
7.112517181689537171e-02
-2.338195690351474454e+00
1.162087876005033715e+00
2.061635016837151557e+00
-2.413696687332747448e+00
-4.789610712953850102e-01
2.038622574006350163e+00
7.114280899551961301e-02
-4.044600005537166698e-01
-7.141628579499434970e-01
-8.511783038284648217e-02
5.748707240052930434e-01
-1.508241259650743959e+00
-1.102771997230828971e+00
-7.830775529391788004e-01
-1.847584671527572331e+00
6.661847445612281149e-01
-5.140214508282909822e-01
-3.041554658473221373e+00
1.506153377874247745e+00
2.380610298556110394e+00
-9.529251127393885135e-01
7.212317420824674308e-01
2.354266762313486083e+00
2.319583917101618376e+00
1.754991188277193137e+00
2.206569814238694693e-01
1.625032878931899960e+00
1.596070481253848872e+00
-6.089181111478878528e-01
2.216250027388974586e-01
-1.469661040923770479e+00
-2.653906835547454879e+00
5.507179839216558292e-01
-1.960415919038597021e+00
-4.630485371524660110e+00
-5.804750085377783364e-01
3.732504060220964703e-04
-1.814930991964148310e+00
-1.137679673826987647e+00
-5.466897514350210763e-02
1.984248396479092236e+00
1.353597726020946634e+00
4.105989857751268790e-02
2.434596172735325581e+00
1.879543869650488919e+00
1.087421919800541481e+00
2.733721359418900487e+00
-3.327043739906626607e-01
-8.233159226241388851e-01
2.655098471718805087e+00
-3.853496213565246742e-01
-2.792370208727983361e+00
-3.816304281373587015e-01
-2.897167479783935296e-02
-6.875827581286673151e-01
-1.951542744370354132e+00
-1.576019730497808524e+00
1.162735396865711479e+00
-3.702996820098848341e-01
-1.188934312033553820e+00
9.713140714845197587e-01
-6.444156046948034122e-01
1.703487706031560078e-01
2.085819378089135423e+00
-1.672919370015945706e+00
-1.239843172247441450e+00
2.123314899890166529e+00
-8.199233114024262470e-03
-1.451773856028420129e+00
-5.778033617423010693e-01
7.185403151806510902e-01
1.499999999999997558e+00
-9.661395491800823798e-01
-2.685312604364459288e-01
2.529759165898885165e+00
4.738578874962802168e-01
7.619452557914083712e-01
1.864208236101507099e+00
-8.416412186099313519e-01
9.961142357705754513e-01
2.190648573172657265e+00
-1.990211619761905748e+00
-1.757225176813419054e+00
2.274962558172706761e-01
-8.032127211460063920e-01
-2.101838659514135177e+00
-3.213429267589020366e+00
-9.727896293917438486e-01
4.190398829191430696e-01
-2.556985320053214217e+00
-9.597817077038898192e-01
1.346387840226382249e+00
-2.327139032023737286e-01
1.907983036096618124e+00
2.306244226474584380e+00
-1.982209528374085927e-01
2.707106781186512823e+00
3.664150920439856129e+00
5.274526456168265875e-01
2.667703537480515807e-01
9.185761908971494805e-01
1.466497181918210435e+00
-2.790056077100036003e-01
-3.175406299860256354e+00
-5.794689635445954279e-01
3.237523659409868859e-02
-3.258443120521392622e+00
-1.513685128993007112e+00
-1.024528938519343013e+00
-2.290218778565378255e+00
7.254170661133554354e-01
1.203071874102379785e-01
-1.864406888969034171e+00
1.054201856548763416e+00
2.075427089436192585e+00
9.187635045347511964e-01
-1.620213421819938215e-02
1.514808247298753408e-01
2.851693432505309822e+00
1.038333830910087574e+00
-2.011602330906887115e+00
1.142039521920149792e+00
1.038549679766415768e+00
-1.243042552676903778e+00
6.400960265611577160e-01
-5.735120424429619446e-01
-1.251673457601764738e+00
1.688308878758513210e+00
3.149955729841890095e-01
-1.296102626839278571e+00
7.352927189808233788e-02
9.273414694154628046e-01
1.195636245507821993e+00
-1.405874453016986436e+00
-1.808675777011233610e+00
1.877705077453625471e+00
-4.640904697487432395e-01
-2.967364062110736000e+00
-4.471910985508986691e-02
-8.856394062414764123e-01
-1.412148750832100452e+00
5.419808629094946539e-01
-1.320988481961469230e+00
-8.657770041043504339e-01
1.878057700342940617e+00
1.291879088585049074e+00
7.155665048858608213e-01
5.223676227594509225e-01
2.164192052013779843e+00
3.829944997007805885e+00
-7.233504084581363069e-02
-4.827421525758439635e-01
3.063224016415058593e+00
1.496577123781114294e-01
-1.617367410111575143e+00
-1.801993841063959101e-01
-2.122300218406793615e+00
-1.666127234596003870e+00
-7.243347039686777178e-01
-3.010897826823239587e+00
-2.457900818068754933e+00
-9.089915282846686706e-01
-1.799763176436740553e-01
-1.494031658427976694e-01
-1.881408905230735451e+00
1.049213991159136494e+00
3.806435785785160952e+00
-1.941496327972856983e-01
3.597515367876162884e-01
3.518291720123332578e+00
1.284927859012870099e+00
1.118033988749816299e+00
1.346920616621042566e+00
-6.308846891220201147e-01
5.606554818293232323e-01
5.848675106101322019e-01
-1.205330709183078497e+00
-1.438432581724234716e+00
-1.584534751837466615e+00
3.992101956124923801e-01
-4.096788683425667266e-02
-3.497053696778369858e+00
-1.469134975834163748e-01
2.210506386018799674e+00
-1.621198769543434670e+00
-6.875283624834773732e-01
1.047179202003892362e+00
-2.184276620821991033e-01
7.966484853661706111e-01
7.309199468443640380e-02
-1.099206637954051491e+00
3.325485345607759324e-01
2.617245181686612687e-01
2.567308554321144909e-01
-7.114794458092956742e-01
-1.570390918441234351e+00
2.226112335448735102e+00
1.550381328106446910e+00
-2.279510497889324139e+00
1.279822198327045690e+00
2.852069236901048299e+00
4.719243248324811457e-02
8.342545983504101592e-01
7.259803496924441824e-01
2.498167824366046563e-01
1.173769210598118118e+00
-5.397382524631465506e-01
-1.277452575084896402e+00
-1.213753843008182676e+00
-1.507047865091041050e+00
-1.203157908248124186e-01
-2.558522462737393699e+00
-3.864590902558519225e+00
9.943665782410247012e-01
1.014190916075864285e-01
-2.930504324239653791e+00
4.729920325880992982e-01
1.648961380393173304e+00
1.003980969253051914e+00
1.867665712634307917e+00
1.103655032303971550e+00
1.999999999999990452e+00
2.710979005261087593e+00
1.409832669476255962e+00
1.439410968686296810e+00
-2.520334600452499574e-01
-2.297206730097826055e-01
2.027206295735198616e+00
-2.033106323912900137e+00
-3.740121771360786163e+00
5.903745444944757947e-01
-9.190644977888207112e-01
-3.231119471800163456e+00
-1.418589401868612043e+00
-1.046056140989946703e+00
-1.580861768475264606e-01
-6.642146328745934802e-03
-8.606363927998611496e-01
8.083537239265773389e-01
8.967309343482874340e-01
1.131790135439817213e+00
2.028778811109476443e+00
-8.836492147629337879e-01
4.038278262626768811e-01
3.559125863929579747e+00
-7.269662388255327956e-01
-1.844146324198694398e+00
1.583501897526423896e+00
4.697750053758240618e-01
-6.190055419593767372e-01
-6.131422826292355355e-01
-5.660731289410018130e-01
1.049085283911248112e+00
7.382838872405321495e-02
-4.930616616519533091e-01
5.906448778417570100e-01
-7.280468684964047643e-01
8.178774246693016892e-01
1.435779870047344753e+00
-2.807429177021944167e+00
-9.068266027661101569e-01
2.004600747087200929e+00
-1.803918617602831675e+00
-2.446578744857861309e+00
-4.652839574181649174e-01
-3.850401247902724977e-01
-1.608647046959843507e-01
-1.289486818279270031e+00
-4.533838432286318998e-01
1.623939858166163930e+00
5.148653402963266901e-01
1.499999999999901412e+00
1.887957689425250773e+00
-6.368939644617133133e-02
3.057895822823554877e+00
3.243106712231254907e+00
-1.435788436947464941e+00
3.895385594053545897e-01
2.219470033485876570e+00
-6.770233375206577975e-01
-1.760510750899749510e+00
-1.983890439962551655e+00
-1.129498988093481149e+00
-9.424602448640744257e-01
-3.229023367718740101e+00
-1.921272571566279286e+00
-7.705817498403237931e-01
-1.760287684436902644e+00
7.909409067479127309e-01
1.884034158771280554e-01
-1.624471465850502172e+00
2.853389501413341023e+00
3.121292120279752780e+00
-4.122976373964448715e-01
1.290410271663217312e+00
2.650517925678558484e+00
1.902467483863999664e+00
5.699068683323549322e-01
-8.850025312989161508e-01
9.730486427050670795e-01
6.163691742924034545e-01
-1.908176276788682291e+00
-4.113239556824404008e-01
-1.164179303014052591e+00
-2.002649439390100206e+00
1.122477557673345672e+00
-1.028362479942444230e+00
-2.931445177802785906e+00
1.211752986007940791e+00
1.220455553520753744e+00
-1.065287183321816267e+00
-6.082091359081253090e-01
2.986879438614205018e-01
1.599689450553590131e+00
-1.680751895758304526e-01
-1.738430232801500441e+00
1.018148863221417955e+00
2.220942779826474700e-01
-1.002370713088470033e+00
1.001338112243287171e+00
-1.025438700681082338e+00
-7.600735106702384281e-01
2.835017420187678994e+00
2.412815351304063993e-01
-1.168043407915633436e+00
1.816939197408088624e+00
2.092173377811007651e+00
1.047281229255715429e+00
-4.527158053955383510e-01
3.968649814325542202e-03
2.177539706767268601e+00
-6.666875862019818744e-01
-2.160955818045959376e+00
3.040879456718159624e-02
-1.901108328440140882e+00
-1.837750133632092941e+00
-2.191438400049607882e-01
-3.306591594657838140e+00
-2.166286229575105970e+00
1.243719067554768021e+00
-6.242924207943197912e-01
-1.223225822339790714e+00
4.783517294506499096e-01
2.176621584191290815e+00
2.750045736493740733e+00
1.504831171251345134e-01
1.292893218813368161e+00
4.012854990402479061e+00
9.712541556361500295e-01
5.354089018426366753e-01
1.629641823550225022e+00
-1.103116480647775788e+00
5.648367919940627813e-02
6.252980877476955746e-01
-3.164795076038703581e+00
-2.301426728672276933e+00
-2.641576929373945504e-01
-1.249596603110807003e+00
-2.122424545813631713e+00
-2.487306239815447295e+00
3.216864248809414573e-01
1.443831220970096307e+00
-1.877515755374373096e+00
6.205627059241894394e-02
2.464352502650656973e+00
1.018364976889056805e-01
1.314025987801214823e+00
1.494562134641871820e+00
-8.461091413091070823e-01
1.548146626476569976e+00
1.789554638460947977e+00
-1.118033988749898011e+00
-7.054293360955142811e-01
3.360989213088055316e-01
1.089499169501230602e+00
-3.432185313465805354e-01
-2.356839494270404067e+00
1.189721818204635628e+00
1.819839753424524309e+00
-1.782232554374759470e+00
2.018684451559973336e-01
9.635479382022965611e-01
-8.409650092984082281e-01
1.003515412537147489e+00
-2.266231089932927711e-01
-2.216475497214874579e+00
8.356678080651847029e-02
1.066562399331281163e-01
-1.359785791116500997e+00
-2.020847034457848856e+00
-1.441842278377190478e+00
1.426174794848858118e+00
-3.192696863123913875e-01
-2.547826833118119971e+00
1.816371091668050886e+00
2.194490330908290598e+00
-1.156873706690948467e-01
2.085463628637146627e+00
1.575058454026815324e+00
9.830511868758953220e-01
3.007897180856203612e+00
1.017049622816809551e+00
-5.454958459145911043e-01
3.927301033986115852e-01
3.112531704635689289e-01
-1.255560765790840194e-01
-2.893255218653181693e+00
-3.006924797624464851e+00
6.771272998372317442e-01
-1.992942152648664145e+00
-4.138117790084026915e+00
-2.389751326999343117e-01
-4.708260276193863003e-01
-1.048051506102453567e+00
9.469792394028716531e-01
-1.573179306891298035e-01
7.456144699057757341e-01
2.828300098009977948e+00
1.662656171334142119e+00
1.135018406575428962e+00
8.186187861245259878e-01
1.896802246667335545e+00
2.814711069656707476e+00
-1.387555129511943930e+00
-1.398881739273593272e+00
2.336935350804119071e+00
-8.521739630505981156e-01
-2.489657451075983019e+00
-2.022340377281242052e-01
-1.264290996305855952e+00
-7.421145072065066239e-01
1.578830995939750625e-02
-1.628610824354453257e+00
-5.118049606205358204e-01
5.287439584538375925e-01
5.348090627396462349e-01
2.479895245119482228e-01
-1.666405358246858981e+00
7.825478950097727315e-01
2.560617070741091794e+00
-2.111756370879850131e+00
-1.395612470385511950e+00
1.986777925891008767e+00
-4.333998583438991581e-01
-6.995864476789575015e-01
2.484023358960092409e-01
-4.991493002707818039e-01
1.139821309266427996e+00
1.138419819329786531e+00
1.130648086473214908e-01
7.890476618035016099e-01
7.037509679040770960e-01
2.230750915426825909e+00
1.386818617321633473e+00
-2.158232827712005975e+00
9.068552316136962999e-01
2.242992644549114623e+00
-2.606384019895982895e+00
-1.993817605745229704e+00
-2.492460284697073924e-01
-1.826645733252953541e+00
-1.431168054542620638e+00
-1.983687924016560800e+00
-2.087227989306720044e+00
-1.765320603702794644e-01
-3.149109008226426143e-01
2.564779578363992618e-01
2.598554265610165670e-01
-3.765415235864777443e-02
3.667617560677946642e+00
2.687692009921337277e+00
-1.000000000000000000e+00
2.687692009921009983e+00
3.667617560678289479e+00
-3.765415235863678323e-02
2.598554265607783131e-01
2.564779578366289114e-01
-3.149109008226240181e-01
-1.765320603703127711e-01
-2.087227989306701392e+00
-1.983687924016643844e+00
-1.431168054542405255e+00
-1.826645733253065673e+00
-2.492460284699450357e-01
-1.993817605744873989e+00
-2.606384019896123672e+00
2.242992644548827741e+00
9.068552316140620073e-01
-2.158232827712163182e+00
1.386818617321410319e+00
2.230750915427136327e+00
7.037509679039852806e-01
7.890476618034113487e-01
1.130648086474116409e-01
1.138419819329756333e+00
1.139821309266550120e+00
-4.991493002709167515e-01
2.484023358959284167e-01
-6.995864476786155528e-01
-4.333998583441509567e-01
1.986777925890857777e+00
-1.395612470385129589e+00
-2.111756370880082834e+00
2.560617070741140644e+00
7.825478950097636277e-01
-1.666405358246865420e+00
2.479895245118839409e-01
5.348090627398950359e-01
5.287439584536117732e-01
-5.118049606205423707e-01
-1.628610824354461251e+00
1.578830995948299343e-02
-7.421145072065092885e-01
-1.264290996306071113e+00
-2.022340377281708346e-01
-2.489657451075577566e+00
-8.521739630507647600e-01
2.336935350804057343e+00
-1.398881739273525104e+00
-1.387555129511962804e+00
2.814711069656830489e+00
1.896802246667398162e+00
8.186187861243150454e-01
1.135018406575586614e+00
1.662656171334119914e+00
2.828300098010027241e+00
7.456144699055879954e-01
-1.573179306893708329e-01
9.469792394028957450e-01
-1.048051506102236630e+00
-4.708260276196971628e-01
-2.389751326998120762e-01
-4.138117790083910563e+00
-1.992942152648608189e+00
6.771272998373837337e-01
-3.006924797624154877e+00
-2.893255218653628447e+00
-1.255560765792503308e-01
3.112531704634741159e-01
3.927301033984444967e-01
-5.454958459146274086e-01
1.017049622816440735e+00
3.007897180856387465e+00
9.830511868760759553e-01
1.575058454026348365e+00
2.085463628637635125e+00
-1.156873706688800185e-01
2.194490330907739484e+00
1.816371091668505855e+00
-2.547826833117886380e+00
-3.192696863129227403e-01
1.426174794849154548e+00
-1.441842278377017506e+00
-2.020847034458023828e+00
-1.359785791116516984e+00
1.066562399329515909e-01
8.356678080667978570e-02
-2.216475497214813295e+00
-2.266231089937194298e-01
1.003515412537584028e+00
-8.409650092984307657e-01
9.635479382020316619e-01
2.018684451565452842e-01
-1.782232554374688860e+00
1.819839753424124851e+00
1.189721818204887871e+00
-2.356839494270372093e+00
-3.432185313466732390e-01
1.089499169501267462e+00
3.360989213088536043e-01
-7.054293360954787540e-01
-1.118033988749923546e+00
1.789554638460823188e+00
1.548146626476981869e+00
-8.461091413091329505e-01
1.494562134641734152e+00
1.314025987801629825e+00
1.018364976888098683e-01
2.464352502650363874e+00
6.205627059290252934e-02
-1.877515755374486561e+00
1.443831220969934215e+00
3.216864248810676896e-01
-2.487306239815505915e+00
-2.122424545813624608e+00
-1.249596603110774140e+00
-2.641576929373605220e-01
-2.301426728672102406e+00
-3.164795076038907418e+00
6.252980877477356536e-01
5.648367919954125349e-02
-1.103116480648084430e+00
1.629641823550034951e+00
5.354089018429286639e-01
9.712541556359133299e-01
4.012854990402335176e+00
1.292893218813485845e+00
1.504831171251236055e-01
2.750045736493730075e+00
2.176621584191388514e+00
4.783517294504931461e-01
-1.223225822339665037e+00
-6.242924207945360626e-01
1.243719067554604152e+00
-2.166286229574955868e+00
-3.306591594658275124e+00
-2.191438400049616764e-01
-1.837750133631730565e+00
-1.901108328440509032e+00
3.040879456711165219e-02
-2.160955818045576571e+00
-6.666875862021264254e-01
2.177539706767154915e+00
3.968649814369062945e-03
-4.527158053956390482e-01
1.047281229255669022e+00
2.092173377810883750e+00
1.816939197408041551e+00
-1.168043407915621668e+00
2.412815351303546629e-01
2.835017420187806447e+00
-7.600735106700009514e-01
-1.025438700681612358e+00
1.001338112243489231e+00
-1.002370713088081677e+00
2.220942779822882296e-01
1.018148863221539191e+00
-1.738430232801347231e+00
-1.680751895758650916e-01
1.599689450553756664e+00
2.986879438612537463e-01
-6.082091359081146509e-01
-1.065287183321692144e+00
1.220455553520769509e+00
1.211752986007944122e+00
-2.931445177802853408e+00
-1.028362479942514840e+00
1.122477557673589033e+00
-2.002649439389989183e+00
-1.164179303014188482e+00
-4.113239556824189180e-01
-1.908176276788401404e+00
6.163691742923447237e-01
9.730486427050201170e-01
-8.850025312988231141e-01
5.699068683323885720e-01
1.902467483863980791e+00
2.650517925678463449e+00
1.290410271663304798e+00
-4.122976373963260777e-01
3.121292120279622662e+00
2.853389501413574170e+00
-1.624471465850561902e+00
1.884034158770506728e-01
7.909409067481583122e-01
-1.760287684436989242e+00
-7.705817498404732291e-01
-1.921272571566185361e+00
-3.229023367718806270e+00
-9.424602448642710462e-01
-1.129498988093261325e+00
-1.983890439962601615e+00
-1.760510750899693555e+00
-6.770233375208883908e-01
2.219470033485640315e+00
3.895385594057556577e-01
-1.435788436947753821e+00
3.243106712230598099e+00
3.057895822823960774e+00
-6.368939644628235364e-02
1.887957689424766494e+00
1.500000000000346612e+00
5.148653402962226622e-01
1.623939858166056460e+00
-4.533838432282268904e-01
-1.289486818279208524e+00
-1.608647046959531535e-01
-3.850401247903972868e-01
-4.652839574182652260e-01
-2.446578744857478949e+00
-1.803918617603449404e+00
2.004600747086912715e+00
-9.068266027655979000e-01
-2.807429177022372269e+00
1.435779870047181550e+00
8.178774246698826689e-01
-7.280468684967398296e-01
5.906448778416710788e-01
-4.930616616516505513e-01
7.382838872368538419e-02
1.049085283911116662e+00
-5.660731289409814959e-01
-6.131422826292622918e-01
-6.190055419592210839e-01
4.697750053756267752e-01
1.583501897526294222e+00
-1.844146324198261855e+00
-7.269662388256773466e-01
3.559125863929632594e+00
4.038278262629503290e-01
-8.836492147631501703e-01
2.028778811109446245e+00
1.131790135440166711e+00
8.967309343480330819e-01
8.083537239265912167e-01
-8.606363927998033070e-01
-6.642146328630582630e-03
-1.580861768473661999e-01
-1.046056140990178962e+00
-1.418589401868503019e+00
-3.231119471799764664e+00
-9.190644977890425338e-01
5.903745444947061660e-01
-3.740121771360541025e+00
-2.033106323913263846e+00
2.027206295735248354e+00
-2.297206730094032423e-01
-2.520334600456910490e-01
1.439410968686270609e+00
1.409832669476482447e+00
2.710979005260957919e+00
1.999999999999971134e+00
1.103655032303877181e+00
1.867665712634412944e+00
1.003980969253329247e+00
1.648961380393060505e+00
4.729920325882602805e-01
-2.930504324239537439e+00
1.014190916071327497e-01
9.943665782413479981e-01
-3.864590902558421526e+00
-2.558522462737837788e+00
-1.203157908246579311e-01
-1.507047865091010186e+00
-1.213753843008471778e+00
-1.277452575084897735e+00
-5.397382524631544332e-01
1.173769210598130996e+00
2.498167824366461787e-01
7.259803496923242783e-01
8.342545983505307294e-01
4.719243248319704431e-02
2.852069236900764526e+00
1.279822198327259075e+00
-2.279510497889287279e+00
1.550381328106180456e+00
2.226112335448808821e+00
-1.570390918441341377e+00
-7.114794458095057283e-01
2.567308554322401681e-01
2.617245181686254085e-01
3.325485345607772647e-01
-1.099206637953938470e+00
7.309199468442904857e-02
7.966484853663022836e-01
-2.184276620824283643e-01
1.047179202003662990e+00
-6.875283624831738383e-01
-1.621198769543486407e+00
2.210506386018574077e+00
-1.469134975831264400e-01
-3.497053696778345877e+00
-4.096788683432295297e-02
3.992101956126913875e-01
-1.584534751837524791e+00
-1.438432581724186532e+00
-1.205330709182942828e+00
5.848675106100694743e-01
5.606554818292516229e-01
-6.308846891221620012e-01
1.346920616621072986e+00
1.118033988750208430e+00
1.284927859012759965e+00
3.518291720123037702e+00
3.597515367879685066e-01
-1.941496327972872527e-01
3.806435785785112103e+00
1.049213991159185344e+00
-1.881408905230933959e+00
-1.494031658426853149e-01
-1.799763176434566736e-01
-9.089915282848313183e-01
-2.457900818068873061e+00
-3.010897826823194734e+00
-7.243347039685462674e-01
-1.666127234595685236e+00
-2.122300218407305650e+00
-1.801993841064042368e-01
-1.617367410110990500e+00
1.496577123774267548e-01
3.063224016415134532e+00
-4.827421525754293508e-01
-7.233504084634302667e-02
3.829944997007655783e+00
2.164192052014088929e+00
5.223676227592459753e-01
7.155665048859969346e-01
1.291879088585026203e+00
1.878057700343008118e+00
-8.657770041041773501e-01
-1.320988481961809846e+00
5.419808629097007113e-01
-1.412148750831794253e+00
-8.856394062420474000e-01
-4.471910985495120006e-02
-2.967364062110472211e+00
-4.640904697492973519e-01
1.877705077453822202e+00
-1.808675777011010011e+00
-1.405874453017342152e+00
1.195636245507908590e+00
9.273414694155085458e-01
7.352927189803681873e-02
-1.296102626839261029e+00
3.149955729838277430e-01
1.688308878758701503e+00
-1.251673457601546247e+00
-5.735120424434294595e-01
6.400960265613548916e-01
-1.243042552676771439e+00
1.038549679766057832e+00
1.142039521920431788e+00
-2.011602330906715252e+00
1.038333830909606625e+00
2.851693432505621129e+00
1.514808247299327393e-01
-1.620213421828742284e-02
9.187635045346785878e-01
2.075427089436082895e+00
1.054201856549071614e+00
-1.864406888968844545e+00
1.203071874098770727e-01
7.254170661136890574e-01
-2.290218778565391577e+00
-1.024528938519663646e+00
-1.513685128992595441e+00
-3.258443120521269165e+00
3.237523659375329821e-02
-5.794689635444116860e-01
-3.175406299860134673e+00
-2.790056077101836784e-01
1.466497181918236858e+00
9.185761908971732392e-01
2.667703537481308507e-01
5.274526456168602273e-01
3.664150920439678050e+00
2.707106781186931599e+00
-1.982209528375477037e-01
2.306244226474447601e+00
1.907983036097221419e+00
-2.327139032025120624e-01
1.346387840226196175e+00
-9.597817077034109801e-01
-2.556985320053466904e+00
4.190398829190029595e-01
-9.727896293915976322e-01
-3.213429267589152705e+00
-2.101838659514063234e+00
-8.032127211460042826e-01
2.274962558171660931e-01
-1.757225176813224099e+00
-1.990211619762023876e+00
2.190648573172760294e+00
9.961142357708550055e-01
-8.416412186101095427e-01
1.864208236101349669e+00
7.619452557917139046e-01
4.738578874959834542e-01
2.529759165898707529e+00
-2.685312604363250255e-01
-9.661395491801186841e-01
1.499999999999988232e+00
7.185403151806085686e-01
-5.778033617425251123e-01
-1.451773856028172549e+00
-8.199233114040360704e-03
2.123314899890154983e+00
-1.239843172247262260e+00
-1.672919370016264118e+00
2.085819378089129206e+00
1.703487706032910109e-01
-6.444156046952259631e-01
9.713140714845023282e-01
-1.188934312033195884e+00
-3.702996820099747066e-01
1.162735396865686166e+00
-1.576019730497871585e+00
-1.951542744370160509e+00
-6.875827581286479973e-01
-2.897167479787332578e-02
-3.816304281374247598e-01
-2.792370208727963821e+00
-3.853496213567758621e-01
2.655098471718865483e+00
-8.233159226241931750e-01
-3.327043739909356646e-01
2.733721359419043040e+00
1.087421919800886538e+00
1.879543869650153187e+00
2.434596172735446373e+00
4.105989857761460637e-02
1.353597726021000813e+00
1.984248396479292742e+00
-5.466897514352087040e-02
-1.137679673826973215e+00
-1.814930991964013085e+00
3.732504057158969601e-04
-5.804750085377520241e-01
-4.630485371524756033e+00
-1.960415919039098176e+00
5.507179839221290063e-01
-2.653906835547289678e+00
-1.469661040924557405e+00
2.216250027391523658e-01
-6.089181111477003361e-01
1.596070481253433870e+00
1.625032878931998992e+00
2.206569814238681371e-01
1.754991188277050584e+00
2.319583917101771142e+00
2.354266762313400818e+00
7.212317420828504577e-01
-9.529251127393737475e-01
2.380610298555879911e+00
1.506153377874727806e+00
-3.041554658473208050e+00
-5.140214508289138173e-01
6.661847445618021002e-01
-1.847584671527589428e+00
-7.830775529394664591e-01
-1.102771997230775680e+00
-1.508241259650998423e+00
5.748707240051483813e-01
-8.511783038269882251e-02
-7.141628579500738372e-01
-4.044600005534284559e-01
7.114280899534852765e-02
2.038622574006225374e+00
-4.789610712949374793e-01
-2.413696687332929969e+00
2.061635016836774525e+00
1.162087876005520659e+00
-2.338195690351647649e+00
7.112517181647304287e-02
4.578820072453440582e-01
-2.352913568109755715e-01
8.811153115206584729e-01
-3.164062199853227009e-01
1.411955467104801520e-01
1.570585215942611690e+00
1.179372360334491887e+00
1.372220275688699198e+00
-2.647061816362196729e-01
2.358926667187093429e-01
3.216403334075006448e+00
-5.937224138150859476e-01
-2.789373043341344172e+00
1.170845267963611214e+00
-2.659923782529630687e-01
-2.676391238489986169e+00
-1.524789529371897157e+00
-2.046418905983546921e+00
-1.290528434047422124e+00
-6.585272038127550909e-01
-1.755155171935339986e+00
-5.883871276816559082e-01
-1.320659825799724851e-02
1.137072493786708716e+00
2.481046090297903017e+00
-3.901191785671350720e-01
1.126942027643421440e+00
