5.000000000000000000e+00
1.764354944176562690e+00
1.357585157460716729e+00
2.103903452304527022e+00
-5.639170557277450868e-02
-4.397317107971873140e-01
-1.870375199326728577e+00
2.516616249415692397e-01
3.715875147848818338e-01
-1.404969720170027525e+00
2.615826711223375955e+00
2.185820791945929820e+00
1.079252344282650711e+00
2.161870478766583226e+00
1.411643784987054673e+00
1.817878394847566526e+00
-8.658683752435920589e-01
-1.569410922741416026e-01
1.610945521140210168e+00
-1.743671277761571936e+00
5.827658518607559124e-03
1.010714464979187044e+00
-1.292199869550985092e-01
7.912722282511464034e-02
-8.884282470567287371e-01
1.092178085954237376e+00
-7.488678124801120273e-01
-1.957967574098895547e+00
1.561534699283760208e+00
-2.516409523729379316e-01
-2.494164494370076091e-01
1.063988902729441577e+00
7.865719924438850930e-01
9.856828278351791317e-01
-1.770550288274078898e+00
-3.354215236548182544e-01
-6.195344854450710592e-01
-4.182538418028563854e+00
-1.711425228443745006e+00
-1.550997984871197222e+00
-1.758413093765762270e+00
-6.539021734746841563e-01
-8.003778467445299416e-02
2.435989139068718501e+00
-5.393497015039805387e-02
-9.909337296437104037e-02
1.749225927294218774e+00
-2.115727877562218140e+00
-2.365167721990928840e+00
-2.327876099737861804e+00
-2.680881290507835413e+00
-2.397268933979360916e+00
-3.390636949130032107e+00
3.280538492425792430e-01
5.153125560419724582e-02
-1.420696647948932689e+00
1.809920330389040100e+00
4.745957869330562628e-01
-3.963163723883383338e-01
-8.836193141482716618e-01
-1.140176165754889226e+00
-1.821524853566572899e-01
-3.192645932102931461e+00
-1.206710136465297900e+00
4.794730573174188493e-01
-2.164652549670259774e+00
-3.168931624082589327e-01
-7.869974138681307130e-02
-1.166660238613709266e-01
-7.039101566919504505e-01
-1.572627674159509326e+00
1.396904937078249587e+00
-7.724633741891560046e-01
-1.006508365001779204e+00
2.168652760546635250e+00
5.080779111764365252e-01
7.296309568281145186e-01
4.454513893012514436e-01
6.986226881012811418e-01
4.513587439690168734e-01
-2.730031993301762050e+00
-1.240877397139900085e-01
-2.304855217538140100e-01
-2.171171429048696311e+00
8.203662490974550359e-01
1.310195480751736863e+00
2.296720564684770149e+00
1.936447402610344648e+00
2.166093854114604866e+00
4.021692938441862708e+00
1.231570087441169470e-02
2.598867543085418841e-02
1.100690144950848604e+00
-1.738095912077041838e+00
-1.073755673297198676e+00
-8.630828348975951858e-01
9.308112482503430041e-01
1.213626841107338095e+00
2.849058966157920203e-01
4.187940592545275287e+00
2.618033988749900676e+00
9.972469818649016826e-01
2.709414306459122734e+00
1.033726800259693990e+00
6.653888780795516045e-01
-8.230350496752494305e-01
1.625404761891852123e-01
1.490170673770922605e+00
-1.508615461777399247e+00
1.170773286335190955e+00
2.080163732180018155e+00
-2.180216468985363143e-03
1.078617815238483768e+00
5.947879491231774507e-01
1.519634480248834851e+00
-3.646601618303196846e-02
-4.907163522100093100e-01
2.767637246408325424e+00
1.128567123341580603e-01
2.592441989666406377e-01
2.069595949791064093e+00
4.388578635656205096e-01
2.382224830515233815e-01
-1.442683225422412008e+00
-2.209517805358769960e-01
-7.071067811865189290e-01
-3.358167929176282485e+00
2.587590941779108755e-01
1.981540970104953003e-01
-5.522528029890000356e-01
1.463525060978464465e+00
1.421346506055594094e+00
2.224014752666753303e+00
-3.595876362596883702e-01
-4.547294092987202441e-01
6.426314370964323341e-01
-3.639904100434409706e+00
-2.744730677120364781e+00
-1.689473863530652986e+00
-2.581536454421252014e+00
-1.407634308883249918e+00
-1.267592785040390302e+00
1.609696722728668927e+00
6.179311111386349697e-01
-8.315445814837477689e-01
2.153263171694714373e+00
-5.486175906492333221e-01
-1.902393383187496845e+00
-1.308882419444226786e+00
-2.066585885165523884e+00
-1.533530982664727427e+00
-3.349637343018162294e+00
-9.278117008246569153e-01
2.634382799375359907e-01
-2.564966199047321815e+00
1.124127156742701361e-01
1.332193330782505680e-01
-1.090292232556599128e+00
-8.884144126726563062e-01
-1.313464536022758589e+00
6.877269357082830270e-01
-1.539050695515033595e+00
-1.248626816299666320e+00
1.741825675152597785e+00
-1.094492481512051585e+00
-7.625382301963993248e-01
-2.529542508100667275e-01
-9.937992425760128201e-01
-1.222690261102320264e+00
-3.036753915077248678e+00
-1.187364400950111643e-01
-4.070405450632203492e-01
-1.912837996798752993e+00
1.975254655298512407e+00
1.612715008073882572e+00
1.350662261124531138e+00
1.492995683028239817e+00
1.068194973676456438e+00
1.599956277418952855e+00
-2.149659715082801625e+00
-1.296258313090377534e+00
2.313405669813428656e-02
-2.868696018023890293e+00
-7.018698478130983576e-01
5.479804832756693944e-01
1.393697549423818849e+00
1.896363321506262967e+00
1.400036740690895343e+00
4.232887425923111735e+00
1.586626223903803590e+00
-2.722000415970449172e-02
2.112257326399974655e+00
-4.398596730977248903e-01
-7.376457066230998061e-01
-6.023410320847258914e-01
2.960669346446972439e-01
1.341144994016830738e+00
-7.774569921826621766e-01
2.366364582491892854e+00
2.657847735210686846e+00
-6.439293542825907934e-15
2.007866735152133764e+00
1.399954282841211040e+00
1.202011449328334924e+00
4.226273602124571149e-01
4.522501190966612405e-01
2.931826830269712580e+00
-7.672500364298906472e-02
5.832411493944987813e-01
2.534805152016639695e+00
-2.134024274204381344e-01
2.678766707900015476e-02
-4.164255104729388535e-01
2.763877504725969492e-01
-2.490595815929186330e-02
-1.504981623935591095e+00
2.415920768925317041e+00
1.599643284658979425e+00
4.681039550002550342e-01
2.999687424445432793e+00
1.726910987254515195e+00
1.187279812977867888e+00
-6.988129880350312240e-01
-7.879319434852818382e-01
-1.725959035483836113e-01
-3.817439721673798747e+00
-1.507108395226295361e+00
4.193639312516142525e-02
-1.391813400460329531e+00
7.143389427430466565e-01
1.147267910992623374e+00
2.384182201780154386e+00
8.956469433289271365e-01
-4.859225559994500565e-01
1.767942200373572303e+00
-1.857993367743530744e+00
-2.797747189286846847e+00
-1.063974871472322281e+00
-2.388981178734629118e+00
-1.680123884935942113e+00
-2.054525268414400418e+00
1.152849968897344535e-01
6.171897506522427967e-01
-2.026520187966053488e+00
1.004556490643441879e+00
2.232176360456877284e-01
-1.866917670120556982e+00
-6.732746807998843952e-01
-1.194073186408751930e+00
-2.965644911408280571e-01
-1.999999999999989786e+00
-1.300069004686967844e+00
1.050307478511524062e+00
-2.425837718910994312e+00
-1.457555263762354558e+00
-4.366748176318975827e-01
-2.151285704993463277e+00
-1.756505805381712193e+00
-2.294422745400029662e+00
1.393226179355397942e-01
-4.150673034656111593e-01
-1.464036570357380551e+00
2.422926214740170892e+00
7.021270628864996199e-01
-3.712974002000641871e-01
4.317563960300470627e-01
-8.452779898103369716e-01
-1.023488663238643070e+00
-3.523478424086134542e+00
-1.865048584568025580e+00
-4.904539202451974056e-01
-2.976301169942635383e+00
4.470122463489421549e-01
1.699664358032627609e+00
1.155814586420685908e+00
1.915326689083463929e+00
1.283631625703615775e+00
2.547101172086156495e+00
-5.144051800893288950e-01
-1.564131571950019284e+00
8.282893237526426367e-01
-2.162949682716653665e+00
-1.593848861346007784e+00
5.314990989348680750e-02
3.577217846219314934e-01
1.311457916663178569e+00
1.446085308121420887e-01
2.923188806626579428e+00
2.298376985159963581e+00
-4.856032699350407711e-01
2.206199045341754594e+00
1.004005112656423115e+00
5.562097771677380897e-02
4.810791689773781243e-01
6.027822215910348946e-01
2.186112018863052064e+00
-4.545897070134880535e-01
8.128232430156552279e-01
2.533328865360936710e+00
-8.405644402821084160e-01
3.819660112500727900e-01
8.132319563621346337e-01
6.467438877000437625e-01
8.560504218543443233e-01
3.204407468710883666e-01
3.602099554802116188e+00
1.940210991281472230e+00
7.596169632526212911e-01
3.428192259366111827e+00
8.705104477429896903e-01
-1.073593671781198355e-01
-6.396829015062623913e-01
-7.850481371176899481e-01
-2.316659585359194251e-01
-2.531244431502199799e+00
7.453803033644582632e-01
2.048558128705235681e+00
9.280033174326629553e-02
2.823488168973971479e+00
2.643878326337743445e+00
2.039873340898953114e+00
6.661166380193149772e-01
-5.595545592015254144e-01
8.975248058394594830e-01
-2.718080260211648724e+00
-2.526232765709462313e+00
8.191589423745249121e-02
-1.777379600528396164e+00
-4.612930109393611477e-01
2.597068886839995483e-01
1.360255423121643270e+00
1.207716116239359039e+00
-1.051939676446430383e+00
1.691483692764208957e+00
-5.914114810430938507e-02
-2.377606775845904075e+00
-1.552234182185729949e-01
-1.156383639873620250e+00
-1.015123309970381804e+00
-1.634654291470861054e+00
-8.478236696153745866e-01
6.751579449413338541e-01
-2.741666662722857861e+00
-1.019813050616887651e+00
4.701608357431108498e-03
-2.511905522594334972e+00
-1.171010626342715577e+00
-1.012152186005760957e+00
2.567538097015237830e-01
-3.867836231773895683e-01
-1.084503006085292487e+00
2.057755049348965137e+00
-8.510493762860669165e-01
-1.979224696304714648e+00
-4.471408672772895221e-01
-2.514349718733432493e+00
-2.584932993426772185e+00
-3.346744937313550050e+00
-1.438254739644390767e+00
-2.704094549077195042e-01
-2.194629082495636929e+00
1.682397188484050066e+00
1.959383443073526188e+00
4.361273039446811328e-02
1.169246154822002559e+00
-8.547836749373094456e-03
-1.439261866117467203e-01
-2.602498657224875167e+00
-2.750299005407207620e+00
-2.889377265116995774e-01
-3.153212639686314489e+00
-1.385745021116642883e+00
1.074148469074881262e+00
2.733217723678686983e-01
1.272876785349170259e+00
7.071067811864626407e-01
2.306242924362938762e+00
9.106023588767486743e-01
-1.510525049136955289e+00
1.499139960539901839e+00
-3.799083710831271388e-01
-1.391652978510494298e+00
4.134275404062842663e-01
1.944490470762828549e-01
1.089371948120587907e+00
-5.976175841640818387e-01
9.510234653635611934e-01
2.106329997602753412e+00
-1.348527394781314559e+00
9.013194824060662969e-01
1.522099659198866695e+00
3.672289536129855758e-01
1.337173478692931017e+00
1.238643152404050873e+00
3.253937098721309873e+00
1.184121596714039271e+00
3.303695798469954426e-01
2.847891279232450668e+00
-5.494825107286441801e-01
-9.884161460482958628e-01
2.514655150775979564e-14
-4.515196263496492612e-01
3.861519945072865445e-01
-4.649129350391636439e-01
2.805165577139684618e+00
3.262575641817547112e+00
9.358347318616917487e-01
3.848201195250534390e+00
2.529390930444771257e+00
6.123179156506201037e-01
1.477810330327253840e-01
-8.479879514559653941e-01
9.765627215556293983e-02
-2.521889437889258456e+00
-1.047004664954344300e+00
1.829949525290599510e+00
-5.082708501830361936e-01
1.473486978860422347e+00
2.505115459302582614e+00
1.953125538551965468e+00
1.488513010275233972e+00
-3.040250875898630190e-01
1.675508319636765275e+00
-6.433264440711440324e-01
-2.424261859139500430e+00
6.674925934084708912e-01
-9.435681833631640592e-01
-9.592114145141730219e-01
-2.679383440281534190e-01
8.663813998531089133e-02
8.290126463510516519e-01
-1.963102226343962142e+00
1.618738729111566244e-01
6.877692574567968453e-01
-2.279645449572601734e+00
2.557469688175650901e-02
1.554080526784392680e-01
3.833935431031008922e-02
-2.551933567025471694e-01
-7.647908370409022272e-01
1.274755537092680857e+00
-2.099148459994554905e+00
-2.592016213880172337e+00
-4.965670435625896273e-01
-3.147790289585647105e+00
-2.477469841497866199e+00
-1.713116996492188404e+00
-4.066472789142790978e-01
3.775284789380654038e-01
-1.073810757593514520e+00
2.298915279257733424e+00
1.160573804867935710e+00
-1.568115426211258656e+00
1.008931852180495747e-01
-1.717263580493020303e+00
-2.539268764995208372e+00
-3.480674081710406043e+00
-2.840343304403042168e+00
-5.588243424368675161e-01
-2.884908091198197244e+00
-2.343835241555525528e-01
2.009813587727285800e+00
-1.705262462430788828e-01
9.829618609293382381e-01
4.998319127923283034e-01
5.289452309273553476e-01
-1.003092265273230588e+00
-2.638476022387643560e+00
3.391729139017718442e-01
-1.900726644458134995e+00
-2.305783861570360749e+00
6.284927113450348157e-01
-3.483165311594655922e-01
1.987983454981335774e-01
-3.621679096750320404e-01
8.099349466360594718e-01
1.239722055862477523e+00
-1.820727973982826597e+00
1.074021141066336282e+00
1.251247762220596416e+00
-6.626416492660415214e-01
1.224537660549440687e+00
1.016885959617048973e+00
1.666352311512249162e+00
-5.679583531950463393e-02
-3.916414231340763497e-01
1.757400804499832603e+00
-1.800022670180610351e+00
-1.113197380288308835e+00
9.583396633474801085e-01
-1.462341393432144976e-01
1.150362105344685304e+00
1.305645479962847633e+00
3.531364368406158416e+00
3.017104413676924946e+00
6.531888923834459071e-01
3.380864639455525733e+00
9.952089474064170771e-01
-1.213819449563521502e+00
-1.677214483490006014e-01
-1.000000000000000000e+00
-1.677214483488931318e-01
-1.213819449563562358e+00
9.952089474061855956e-01
3.380864639455642084e+00
6.531888923835343919e-01
3.017104413676724661e+00
3.531364368406214371e+00
1.305645479963001065e+00
1.150362105344694186e+00
-1.462341393433168601e-01
9.583396633475376181e-01
-1.113197380288145411e+00
-1.800022670180811080e+00
1.757400804499754221e+00
-3.916414231338912755e-01
-5.679583531958828924e-02
1.666352311512147022e+00
1.016885959617114032e+00
1.224537660549578355e+00
-6.626416492661024726e-01
1.251247762220467630e+00
1.074021141066552554e+00
-1.820727973982835257e+00
1.239722055862272132e+00
8.099349466361487337e-01
-3.621679096749585991e-01
1.987983454980639664e-01
-3.483165311595579627e-01
6.284927113451745928e-01
-2.305783861570235960e+00
-1.900726644458334169e+00
3.391729139018574424e-01
-2.638476022387603592e+00
-1.003092265273331174e+00
5.289452309270967767e-01
4.998319127922965510e-01
9.829618609293380160e-01
-1.705262462433172477e-01
2.009813587727221851e+00
-2.343835241557006288e-01
-2.884908091198288282e+00
-5.588243424369537804e-01
-2.840343304403091018e+00
-3.480674081710369627e+00
-2.539268764995417982e+00
-1.717263580493017638e+00
1.008931852182934907e-01
-1.568115426211229568e+00
1.160573804868072045e+00
2.298915279257712552e+00
-1.073810757593517184e+00
3.775284789381030404e-01
-4.066472789142832056e-01
-1.713116996491987676e+00
-2.477469841497995429e+00
-3.147790289585705725e+00
-4.965670435625021417e-01
-2.592016213880072861e+00
-2.099148459994456317e+00
1.274755537092696622e+00
-7.647908370408587064e-01
-2.551933567024172733e-01
3.833935431036196440e-02
1.554080526785294181e-01
2.557469688210245451e-02
-2.279645449572679894e+00
6.877692574563560868e-01
1.618738729116436792e-01
-1.963102226343978352e+00
8.290126463507736521e-01
8.663813998539759975e-02
-2.679383440281488116e-01
-9.592114145140395731e-01
-9.435681833633776661e-01
6.674925934086242130e-01
-2.424261859139356989e+00
-6.433264440717516575e-01
1.675508319636765275e+00
-3.040250875897400062e-01
1.488513010274997495e+00
1.953125538551834683e+00
2.505115459302435177e+00
1.473486978860732322e+00
-5.082708501832197134e-01
1.829949525290463175e+00
-1.047004664953808284e+00
-2.521889437889536012e+00
9.765627215547145745e-02
-8.479879514557597808e-01
1.477810330327800070e-01
6.123179156504841014e-01
2.529390930444380459e+00
3.848201195250697815e+00
9.358347318617171728e-01
3.262575641817357486e+00
2.805165577139924427e+00
-4.649129350391153492e-01
3.861519945071468785e-01
-4.515196263496045193e-01
2.475797344914099085e-14
-9.884161460482376871e-01
-5.494825107289634802e-01
2.847891279232464878e+00
3.303695798472741085e-01
1.184121596713842761e+00
3.253937098721459087e+00
1.238643152404331094e+00
1.337173478693004736e+00
3.672289536127754106e-01
1.522099659198819177e+00
9.013194824063469612e-01
-1.348527394781362077e+00
2.106329997602437221e+00
9.510234653637441582e-01
-5.976175841640738451e-01
1.089371948120515521e+00
1.944490470762954004e-01
4.134275404062097703e-01
-1.391652978510597993e+00
-3.799083710834514349e-01
1.499139960539990657e+00
-1.510525049136862474e+00
9.106023588764140531e-01
2.306242924362937430e+00
7.071067811864630848e-01
1.272876785349143614e+00
2.733217723677581201e-01
1.074148469075064671e+00
-1.385745021116442599e+00
-3.153212639686427732e+00
-2.889377265116981341e-01
-2.750299005406913189e+00
-2.602498657224869838e+00
-1.439261866118940469e-01
-8.547836749419501778e-03
1.169246154822021655e+00
4.361273039456947664e-02
1.959383443073443809e+00
1.682397188484281436e+00
-2.194629082495541894e+00
-2.704094549078561727e-01
-1.438254739644174940e+00
-3.346744937313553159e+00
-2.584932993426916958e+00
-2.514349718733545291e+00
-4.471408672772146931e-01
-1.979224696304523690e+00
-8.510493762861890410e-01
2.057755049349044185e+00
-1.084503006085047572e+00
-3.867836231774706146e-01
2.567538097013684073e-01
-1.012152186005631727e+00
-1.171010626342660954e+00
-2.511905522594368279e+00
4.701608357290387730e-03
-1.019813050616895200e+00
-2.741666662722877401e+00
6.751579449413047662e-01
-8.478236696153591545e-01
-1.634654291470942100e+00
-1.015123309970689114e+00
-1.156383639873641123e+00
-1.552234182184477618e-01
-2.377606775845923615e+00
-5.914114810441201131e-02
1.691483692764161439e+00
-1.051939676446326466e+00
1.207716116239286430e+00
1.360255423121556007e+00
2.597068886841767399e-01
-4.612930109394066669e-01
-1.777379600528336212e+00
8.191589423761402866e-02
-2.526232765709377492e+00
-2.718080260211525712e+00
8.975248058394577066e-01
-5.595545592014962155e-01
6.661166380193656034e-01
2.039873340898732401e+00
2.643878326337916640e+00
2.823488168974009671e+00
9.280033174309598731e-02
2.048558128705263215e+00
7.453803033644237352e-01
-2.531244431502092773e+00
-2.316659585360836271e-01
-7.850481371175035417e-01
-6.396829015062552859e-01
-1.073593671780776471e-01
8.705104477427185738e-01
3.428192259366147798e+00
7.596169632528083637e-01
1.940210991281068109e+00
3.602099554802367543e+00
3.204407468714191021e-01
8.560504218541966637e-01
6.467438877000573072e-01
8.132319563622629754e-01
3.819660112502558658e-01
-8.405644402823784223e-01
2.533328865360671145e+00
8.128232430159805233e-01
-4.545897070137520091e-01
2.186112018862740758e+00
6.027822215912572723e-01
4.810791689773982194e-01
5.562097771669996527e-02
1.004005112656117138e+00
2.206199045341936227e+00
-4.856032699349992487e-01
2.298376985159582109e+00
2.923188806626849878e+00
1.446085308122457835e-01
1.311457916663069545e+00
3.577217846221167896e-01
5.314990989375928399e-02
-1.593848861345736223e+00
-2.162949682716887700e+00
8.282893237526333108e-01
-1.564131571949784139e+00
-5.144051800893312265e-01
2.547101172085943332e+00
1.283631625703802515e+00
1.915326689083495459e+00
1.155814586420712775e+00
1.699664358032610512e+00
4.470122463491542630e-01
-2.976301169942705993e+00
-4.904539202453963576e-01
-1.865048584567905676e+00
-3.523478424086145200e+00
-1.023488663238714569e+00
-8.452779898103840450e-01
4.317563960302243653e-01
-3.712974002002182305e-01
7.021270628862635865e-01
2.422926214740328543e+00
-1.464036570357283296e+00
-4.150673034658453608e-01
1.393226179354768446e-01
-2.294422745399821828e+00
-1.756505805381790797e+00
-2.151285704993577408e+00
-4.366748176320501829e-01
-1.457555263762220443e+00
-2.425837718911267427e+00
1.050307478511433246e+00
-1.300069004686670748e+00
-1.999999999999917177e+00
-2.965644911408871209e-01
-1.194073186408719955e+00
-6.732746807998652994e-01
-1.866917670120698869e+00
2.232176360456140096e-01
1.004556490643592870e+00
-2.026520187966015740e+00
6.171897506520842569e-01
1.152849968899047339e-01
-2.054525268414116201e+00
-1.680123884935992074e+00
-2.388981178734722821e+00
-1.063974871472268768e+00
-2.797747189286639902e+00
-1.857993367743635105e+00
1.767942200373591399e+00
-4.859225559993366472e-01
8.956469433288251070e-01
2.384182201780129962e+00
1.147267910992709972e+00
7.143389427430142380e-01
-1.391813400460537586e+00
4.193639312508240513e-02
-1.507108395226239628e+00
-3.817439721673812514e+00
-1.725959035484623261e-01
-7.879319434852867232e-01
-6.988129880349789325e-01
1.187279812977651172e+00
1.726910987254497876e+00
2.999687424445620643e+00
4.681039550001995786e-01
1.599643284658944786e+00
2.415920768925403639e+00
-1.504981623935468527e+00
-2.490595815937968194e-02
2.763877504724979728e-01
-4.164255104729853163e-01
2.678766707894775223e-02
-2.134024274206668403e-01
2.534805152016743612e+00
5.832411493946796366e-01
-7.672500364299084108e-02
2.931826830269717021e+00
4.522501190966879969e-01
4.226273602125441009e-01
1.202011449328177273e+00
1.399954282841332498e+00
2.007866735152163962e+00
2.531308496145356912e-14
2.657847735210751683e+00
2.366364582492038071e+00
-7.774569921825762453e-01
1.341144994016700176e+00
2.960669346445781169e-01
-6.023410320846862565e-01
-7.376457066230650561e-01
-4.398596730978271419e-01
2.112257326400085233e+00
-2.722000415979114463e-02
1.586626223903814026e+00
4.232887425922986502e+00
1.400036740691126713e+00
1.896363321506168820e+00
1.393697549423750237e+00
5.479804832758142785e-01
-7.018698478126599305e-01
-2.868696018024024408e+00
2.313405669789481145e-02
-1.296258313090151271e+00
-2.149659715083132028e+00
1.599956277418603356e+00
1.068194973676573678e+00
1.492995683028120801e+00
1.350662261124488062e+00
1.612715008073733802e+00
1.975254655298918749e+00
-1.912837996798530726e+00
-4.070405450636019329e-01
-1.187364400948002774e-01
-3.036753915077194499e+00
-1.222690261102450382e+00
-9.937992425763028104e-01
-2.529542508098340248e-01
-7.625382301962980724e-01
-1.094492481512361115e+00
1.741825675152572472e+00
-1.248626816299576170e+00
-1.539050695515262746e+00
6.877269357081801093e-01
-1.313464536022591611e+00
-8.884144126727580026e-01
-1.090292232556846930e+00
1.332193330781287766e-01
1.124127156747052325e-01
-2.564966199047403084e+00
2.634382799371198791e-01
-9.278117008244345376e-01
-3.349637343018152524e+00
-1.533530982664740527e+00
-2.066585885165492797e+00
-1.308882419443919254e+00
-1.902393383187604536e+00
-5.486175906495704968e-01
2.153263171694787204e+00
-8.315445814835228378e-01
6.179311111383998245e-01
1.609696722728677365e+00
-1.267592785040155601e+00
-1.407634308883273233e+00
-2.581536454421170745e+00
-1.689473863530485787e+00
-2.744730677120163609e+00
-3.639904100434685486e+00
6.426314370962912248e-01
-4.547294092983798497e-01
-3.595876362596426845e-01
2.224014752666674699e+00
1.421346506055674697e+00
1.463525060978575265e+00
-5.522528029892455059e-01
1.981540970104950783e-01
2.587590941780867348e-01
-3.358167929176266941e+00
-7.071067811869826691e-01
-2.209517805359499931e-01
-1.442683225422231041e+00
2.382224830514341196e-01
4.388578635655699944e-01
2.069595949790975720e+00
2.592441989665538737e-01
1.128567123339573319e-01
2.767637246408360951e+00
-4.907163522097701125e-01
-3.646601618329686767e-02
1.519634480248625685e+00
5.947879491232090921e-01
1.078617815238567923e+00
-2.180216469062967732e-03
2.080163732180174030e+00
1.170773286335228924e+00
-1.508615461777404132e+00
1.490170673770885745e+00
1.625404761894764238e-01
-8.230350496749305744e-01
6.653888780793548730e-01
1.033726800259636036e+00
2.709414306459155153e+00
9.972469818649978279e-01
2.618033988749847829e+00
4.187940592545290386e+00
2.849058966159018214e-01
1.213626841107237730e+00
9.308112482505247476e-01
-8.630828348974249886e-01
-1.073755673297219326e+00
-1.738095912077199046e+00
1.100690144950773774e+00
2.598867543072792829e-02
1.231570087443178974e-02
4.021692938441812082e+00
2.166093854114817585e+00
1.936447402610234070e+00
2.296720564684496146e+00
1.310195480751834118e+00
8.203662490974432675e-01
-2.171171429048682100e+00
-2.304855217541059154e-01
-1.240877397140825456e-01
-2.730031993301639481e+00
4.513587439688950820e-01
6.986226881013395396e-01
4.454513893010667580e-01
7.296309568278694924e-01
5.080779111763964462e-01
2.168652760546715630e+00
-1.006508365001665961e+00
-7.724633741893491834e-01
1.396904937078157660e+00
-1.572627674159349453e+00
-7.039101566919564457e-01
-1.166660238613989875e-01
-7.869974138655017049e-02
-3.168931624083340948e-01
-2.164652549670299742e+00
4.794730573173979771e-01
-1.206710136465067196e+00
-3.192645932103053585e+00
-1.821524853569044256e-01
-1.140176165754617665e+00
-8.836193141482133750e-01
-3.963163723884097212e-01
4.745957869327651624e-01
1.809920330389266363e+00
-1.420696647948610281e+00
5.153125560397908700e-02
3.280538492427716446e-01
-3.390636949129866018e+00
-2.397268933979628258e+00
-2.680881290508042802e+00
-2.327876099737678839e+00
-2.365167721990859118e+00
-2.115727877562499248e+00
1.749225927294037142e+00
-9.909337296416587115e-02
-5.393497015062398425e-02
2.435989139068650111e+00
-8.003778467425348708e-02
-6.539021734747454406e-01
-1.758413093765856861e+00
-1.550997984871223867e+00
-1.711425228443389734e+00
-4.182538418028649119e+00
-6.195344854455738792e-01
-3.354215236547331003e-01
-1.770550288274149953e+00
9.856828278348914729e-01
7.865719924439733557e-01
1.063988902729327890e+00
-2.494164494370034457e-01
-2.516409523731033548e-01
1.561534699283845473e+00
-1.957967574098527397e+00
-7.488678124803286318e-01
1.092178085954168321e+00
-8.884282470565605383e-01
7.912722282500272986e-02
-1.292199869549822688e-01
1.010714464979409977e+00
5.827658518811174027e-03
-1.743671277761746019e+00
1.610945521140040082e+00
-1.569410922737231040e-01
-8.658683752435650804e-01
1.817878394847239898e+00
1.411643784987113071e+00
2.161870478766665382e+00
1.079252344282795706e+00
2.185820791945882746e+00
2.615826711223515844e+00
-1.404969720169838787e+00
3.715875147845071891e-01
2.516616249414806439e-01
-1.870375199326537841e+00
-4.397317107972655847e-01
-5.639170557284500784e-02
2.103903452304527910e+00
1.357585157460715841e+00
1.764354944176333539e+00
