5.000000000000000000e+00
9.886664272603159498e-01
1.680880617177016867e-01
2.282906402733694939e+00
4.997854679667661504e-01
1.212153215129191164e+00
1.390893892224662753e-01
-1.595787539456390958e+00
-8.243297471508769236e-01
-2.714724356136566374e-01
6.863012235843124476e-01
-2.129498355669658061e+00
-1.966930810215618886e+00
1.969195558369889243e+00
-5.022273533230846576e-01
-2.112682444942658444e-01
9.060275043645587001e-01
-1.885047554905260991e+00
9.856280660520891912e-01
1.310989778598699473e+00
-2.173250784727688512e+00
-1.746678390806450043e+00
-1.145315763901880501e+00
-3.658920814732963267e-01
-1.915001118313260475e+00
-2.842063040483520098e+00
-8.670225761017582577e-01
-1.941269192450769898e+00
2.462999099156096827e-01
1.057476117868682230e+00
-2.608649411477109936e+00
1.290350332289442292e+00
3.163001377311435824e+00
4.001729408484528960e-01
1.584528401628968908e+00
9.921844359533730229e-01
1.201362129780091825e+00
2.165761533351552970e+00
7.761415309001619134e-01
6.218677810834394304e-02
-1.231194594900687500e+00
1.152467016047734161e+00
1.800554100867163942e+00
-2.326685391409028636e+00
2.105643283415395417e-01
1.314313152554339670e+00
-2.532448976528544060e-01
2.492016020222598716e+00
3.885912982434277518e-01
-7.019392318066252079e-01
2.396802246667417258e+00
1.610176923415508554e+00
1.355616514559536689e-01
-1.341799293832548923e+00
-4.203312906621177181e-01
4.456670788112008230e-01
-2.284754572017063445e+00
-1.336747308156941427e+00
-2.369155490879401249e+00
-3.461757231987458550e+00
8.684213813583337993e-01
-1.544724892416636131e+00
-3.482153306340613153e+00
2.974611372024571487e-01
7.798080159974596359e-02
3.861305590706755608e-01
4.288710263738149675e-01
-4.724432817353088065e-01
7.173249330328936857e-01
7.448344452482664746e-01
1.565407543825483305e+00
-6.814373285379639045e-01
-2.253761455247789591e+00
2.019901065546823027e+00
1.113567713026941963e-01
-1.744219717332685438e+00
7.901350901531797311e-01
-9.816702441882226848e-01
7.993108588852861907e-01
2.734912437835341326e+00
5.083351311294781461e-02
6.786479968649000716e-01
2.133685589868017818e+00
3.220688849999712833e+00
1.797801766854274508e+00
-2.506097790811705472e-01
2.040670325869697876e+00
6.393060850889994429e-01
1.184581740773937852e-02
1.210861483926425342e+00
-3.108058124817500101e+00
-1.577580676106724589e+00
1.283369491501970661e+00
-2.175888501618686632e+00
-1.959761429645684450e+00
-1.123918208168460442e+00
-6.614125459333648482e-01
4.898618758325650746e-01
-5.581343451621366691e-01
-2.406891734758232482e-01
-1.000000000000013101e+00
3.361229824228637586e-01
2.102997957275808183e+00
-2.566233770865282260e+00
-1.731332216685967262e+00
8.635392327991974204e-01
-1.994538397219152381e+00
-7.130888479729121654e-01
-1.266939024410725922e+00
-2.853547129083302991e+00
2.798595605757429050e-01
6.344626129820889471e-01
-1.865580693974644710e-01
-6.733931893830238380e-01
9.377486224989176611e-01
3.537678978744676961e+00
8.999418310184972292e-01
1.384892349171981563e+00
2.410964887117675648e+00
1.069269579463788533e-01
3.122443944857514531e+00
1.806063831353737381e+00
-2.160226170591627248e+00
7.644853801274367200e-01
9.712122262960692920e-01
-2.928932188134499293e-01
-5.811773248936951131e-01
-1.203676288917521431e+00
4.140859750874937295e-01
2.563419558901204320e-01
9.729366028559983670e-01
4.556218134379425022e-01
-1.815013056278842019e+00
2.315174790301730567e+00
1.891558117957724328e+00
-2.069596285911964095e+00
2.203422400691216199e-01
-7.767293924785815262e-01
-1.389741655638753848e+00
3.078469916032799958e-02
-2.721083328735911966e+00
-2.989909676483787138e+00
-1.639440601666785957e+00
-5.285789709108283940e-01
-1.072561977382935572e+00
-3.216544280015580348e+00
1.964467053563870580e-01
1.005627706418107614e+00
-5.376027217373297029e-01
2.063095295862060752e+00
-2.600735106701176358e-01
-1.393081014735808032e-01
3.682137113564956543e+00
5.785524452898423986e-01
-7.469307791106560845e-01
4.394583083923405131e-01
5.693939373903015300e-01
9.485765272165554984e-01
-7.578553254946958084e-01
-1.953019514382846045e-01
-7.644667591422027453e-02
1.564699998859040431e-01
3.059172546989056940e+00
-2.731710623166299090e-01
-6.398824704772286820e-01
3.824837287130614882e+00
1.447145470158184066e+00
9.979621499101138937e-01
1.547985898966611540e+00
-5.115132524266607916e-01
1.058250206743846178e+00
7.873619246797776139e-01
-1.042419472934918989e+00
-2.291940519095471807e+00
-2.079047919700575786e+00
5.754735928875867046e-01
-2.199301702564643968e+00
-3.183760355565946387e+00
-1.749745359097835129e-01
-1.969253084014376931e+00
-7.432994582487834068e-03
1.104155530334624657e+00
-2.544444727731498102e+00
7.619779187345876448e-02
1.791055582424972759e+00
7.662912769945828817e-02
-5.962440393901595748e-01
-1.234086093690744956e+00
3.789087038086265125e-01
-3.505684841167192589e-01
-9.722051885619903411e-01
-2.765386226031470995e-01
-2.746527558523751189e+00
4.397046828366891758e-01
2.315676057603795801e+00
-1.888091356439823620e+00
5.228152478035134054e-01
2.226253345298740971e+00
1.316160405603106209e+00
2.922577321104999459e+00
1.381966011250093329e+00
9.782851436242868681e-01
2.013540773205162449e+00
2.248240940680598321e+00
1.595565861067926861e+00
-1.856603254664512370e+00
6.742104502918044862e-02
1.623778804696136557e+00
-1.980654324087102847e+00
-3.808621920657219162e-01
-9.386774799627924937e-01
-2.239355580152344150e+00
1.685618211889652773e+00
7.566528531366001342e-02
-1.833929629533355588e+00
6.793947622475549064e-02
8.246437334344568493e-01
1.122167491694813890e+00
-1.063783598722325641e+00
-8.906728515802757595e-01
-9.420735840075011858e-02
-1.719157477899838860e+00
3.203906497503620776e-01
-1.971693785893169348e+00
-4.357138238403482688e+00
4.050470160346761883e-01
-6.767828882110870081e-01
-2.463254982958057226e+00
-4.741361414844127431e-01
-8.989088651338640323e-01
8.397123933305175036e-01
1.636376505280674243e+00
7.932190607651441461e-01
7.277945079842286225e-01
7.202590742200910556e-01
3.628651910086680754e+00
1.623088694821060773e+00
-1.363097622014417976e+00
2.001955571936306022e+00
5.885104479434692948e-01
-1.675066002711241842e-01
1.513888246476686072e+00
-1.850592418252067217e+00
-6.051111410058591655e-01
2.016956805659544383e+00
5.167937767995300913e-01
-1.003997394354466666e-01
-2.021167505777591300e-01
2.082009488380605955e+00
1.884550346928159037e+00
3.996802888650563546e-14
1.450028859564713946e+00
-7.997746266393894743e-01
-1.621852616812655690e-01
2.195109447552496373e+00
-2.823483616553358555e+00
-2.770121772577198271e+00
-2.283424978389323456e-01
-2.011104699684657326e+00
-1.600900155064951313e+00
-2.302085971608882620e+00
-2.254247201055522343e+00
-6.488713667221730486e-01
-2.166759959504933608e-01
6.037103019816039140e-01
-1.759951454208144916e+00
-3.079777739856671692e-01
3.255013839925860353e+00
-4.636770550960747084e-01
-2.610398894237084266e-01
1.053169574916725804e+00
-1.207595025318165094e+00
1.269642753611270658e+00
5.567762062164700598e-01
-2.168224766662121272e+00
-5.029339834443827817e-01
6.773733252570109942e-01
1.296503864724753985e+00
-5.063101438344534966e-01
-1.710060140286359109e-01
2.649407669407730204e+00
1.072732137609065273e+00
2.491122628420288532e+00
2.434638775207538242e+00
-8.817952116985009470e-01
2.919188724382354216e+00
2.880451139724710341e+00
-1.032926391010577705e+00
-7.047880709847809122e-02
-4.354319795475128929e-01
-3.045938796156971717e-01
-5.059548702688921873e-01
-1.927630421713987463e+00
-1.588709316481320410e+00
-2.055092781953189451e+00
5.023201605451848017e-01
3.288256811236035526e-01
-3.313725935585201565e+00
4.732755492006089915e-01
1.280687789181057745e+00
-9.999999999999590328e-01
9.241982717115316825e-01
-1.171394662266149300e+00
-1.424954953055411755e+00
9.900724028807832422e-01
-7.259960891665157012e-01
-2.033599433967101078e+00
-2.492769221166023286e+00
-3.514530770816480798e-01
2.826357661752894046e-01
-2.398442160275569446e+00
-7.919788622692491842e-02
5.214153844717783759e-02
-2.216336223797154004e-01
3.562094239337723067e+00
5.778975128470882350e-01
-3.268872542151629590e-01
3.569223409146988324e+00
2.319754598343386487e+00
1.426075171744243697e+00
7.510480223910590558e-01
4.030539951799433362e-01
1.322784331346182229e+00
2.173203392509120979e-01
5.654615005351946166e-01
-1.399903088302674847e+00
-1.740215156844449940e+00
2.549056576639955551e+00
-3.791776351352411090e-01
-1.787174497040187937e+00
1.419336753782574956e+00
-8.229665298922095307e-02
1.101393893301190197e+00
1.532171123753532482e+00
-1.211968111490356659e+00
-2.422287969233437588e-01
5.157260943202034431e-01
4.472102617856063556e-01
-1.942052885312189225e+00
-3.227965678251402792e+00
-8.365005799290170518e-02
-1.892517981874908051e+00
-2.462093303314799808e+00
-7.278179988885689067e-01
-3.519297996971984865e+00
-5.601125228126704325e-01
1.813919682500026553e+00
-1.612974933945412026e+00
-3.837361639904958155e-01
1.170109911263474745e+00
1.642039521920138689e+00
1.536825185253618997e+00
4.648623100705884248e-02
9.804687749654880102e-01
2.047149150714299148e-01
1.057483805714134029e+00
1.795187911097720690e+00
-2.629334328774522778e+00
-2.694084356224664134e-01
2.346855277365337500e+00
-8.811800626429323602e-01
5.302402123161226166e-01
5.909648066231972807e-01
1.442456183783470403e-01
2.761040439382164369e+00
1.877976169729884903e+00
8.051663953430775456e-01
3.583404586763198063e-01
1.791353518739376760e+00
2.749989443725946003e+00
-1.426556204063958111e+00
-7.319691128992654727e-01
3.223362390779924702e-01
-2.246528184211657564e+00
7.228996935929710155e-02
-1.707106781186596312e+00
-4.181430814314714972e+00
-2.301554166839654414e-01
-2.793132098341423175e-01
-1.581598752461823798e+00
-1.432756366149637861e+00
-7.628422561155940862e-01
1.117921370597159347e+00
-8.994879289203705497e-02
2.776663001952909826e-01
-1.099908850627904222e-01
-1.775824122034184382e+00
2.055402221826006848e+00
2.358096600701639622e-01
-3.338794704374409061e+00
8.633585330332704810e-02
-3.777311163130118166e-01
-7.926707435580061523e-01
3.657754274829266294e-01
-1.277783495490260934e+00
5.945326400236672360e-02
1.581332674375314218e+00
2.283254455741938749e+00
1.303993043140234231e+00
-2.169375199853798009e-01
3.618033988749933538e+00
2.928993307238773713e+00
1.756079052733119372e-01
2.247677779083374627e+00
-1.544142793386631407e-01
8.504445088821283028e-03
2.359969530232618240e+00
-1.550096746884593202e+00
-2.031879667950323487e+00
-2.089320350947278526e-01
3.208688122482350469e-02
-2.826729854766765193e-01
-1.878490737427544133e+00
-6.382002621522737951e-02
2.267932302033275338e-01
-9.593073362632731360e-02
1.841353518992380423e+00
-1.782363318405336461e+00
-1.277838661960457589e+00
2.464857867545681813e+00
-1.292352496139539175e+00
-1.986261943592079637e+00
-1.080830917075414677e+00
-2.191320323041990648e+00
-6.899779571611706075e-01
-1.431350787252104073e+00
-2.196622512826207796e+00
-1.969335558917424178e+00
-5.971655064490196674e-01
1.996474339255149166e+00
-1.072954594134089223e+00
-7.253691883323462042e-01
3.012591916530522163e+00
7.954808859726466563e-01
1.981293289930954993e+00
2.195410777882705222e+00
-9.005238216313317112e-01
1.907783837210768940e+00
2.301577805741854110e+00
-1.688159171556140592e-01
-7.338420100204812169e-01
-4.186725560992147210e-01
1.498677321226806747e+00
-1.154148736892784133e-01
-5.470180106142009668e-01
9.323523892953881065e-01
-8.413942819048106925e-01
2.243618067849290298e+00
2.635547114892820453e+00
-1.737846572679023538e+00
1.221231742082443006e+00
2.162072242554295975e+00
4.046688903633288703e-02
2.765861409423225892e-01
-1.419984566421265360e+00
-1.196098035934911596e+00
-7.725885504124065939e-01
-1.213610816981196106e+00
-1.860728160323975366e+00
-4.139982598227656574e+00
-7.616020230205202690e-01
4.692936016753374018e-01
-3.140806194034163390e+00
-4.589751693114809683e-01
-1.045764600553842211e-01
-7.432446590609523840e-01
2.346955721149638130e+00
1.147959750727334249e-02
-1.085113686834023650e+00
1.077286340676356202e+00
1.289517077969771108e+00
5.815252959427872348e-01
-1.763497582091528848e+00
-2.994153960667200742e-01
8.276815456952419936e-01
-1.060049992106754324e+00
1.040902829633251203e+00
-6.435036514706101718e-01
-1.353308014485300248e+00
3.602020203141022670e+00
1.516436793980263431e+00
-1.366304354608567362e-01
2.190056648454178578e+00
1.870698012253035447e+00
2.556023839915613216e+00
1.578635766115614736e+00
4.187355364365904498e-01
3.601033179379615756e-01
-1.356786533415669238e-01
1.651927928865878803e+00
-1.452776629204076464e+00
-3.515848300312656161e+00
7.175680598295279822e-01
-1.075985541874171059e+00
-1.935620381299723469e+00
-1.415313528750009597e-01
-2.343333097966617817e+00
-2.154872242144705297e-01
1.465551586226655267e+00
-6.041396902000574221e-01
-1.000000000000000000e+00
-6.041396902001086033e-01
1.465551586226560010e+00
-2.154872242142940042e-01
-2.343333097966456613e+00
-1.415313528750667960e-01
-1.935620381299783421e+00
-1.075985541874150631e+00
7.175680598296791946e-01
-3.515848300312633512e+00
-1.452776629204238112e+00
1.651927928865812634e+00
-1.356786533415830220e-01
3.601033179380443983e-01
4.187355364365813459e-01
1.578635766115379369e+00
2.556023839915620322e+00
1.870698012253188436e+00
2.190056648454211441e+00
-1.366304354608562921e-01
1.516436793980290521e+00
3.602020203141099053e+00
-1.353308014485115285e+00
-6.435036514707075384e-01
1.040902829633131299e+00
-1.060049992106850913e+00
8.276815456953339201e-01
-2.994153960665992265e-01
-1.763497582091806626e+00
5.815252959426627788e-01
1.289517077969759118e+00
1.077286340676493204e+00
-1.085113686833812485e+00
1.147959750729932171e-02
2.346955721149493357e+00
-7.432446590608388082e-01
-1.045764600551902374e-01
-4.589751693116987941e-01
-3.140806194034180265e+00
4.692936016754536421e-01
-7.616020230208033759e-01
-4.139982598227565092e+00
-1.860728160323964708e+00
-1.213610816981319340e+00
-7.725885504124367920e-01
-1.196098035934944015e+00
-1.419984566421195193e+00
2.765861409423286954e-01
4.046688903653450353e-02
2.162072242554315515e+00
1.221231742082437233e+00
-1.737846572678992896e+00
2.635547114892970999e+00
2.243618067849234343e+00
-8.413942819048056965e-01
9.323523892954761472e-01
-5.470180106145037247e-01
-1.154148736892263161e-01
1.498677321226821402e+00
-4.186725560991748640e-01
-7.338420100205722552e-01
-1.688159171558089588e-01
2.301577805741964688e+00
1.907783837211132205e+00
-9.005238216311114430e-01
2.195410777882325082e+00
1.981293289931086443e+00
7.954808859724377124e-01
3.012591916530786840e+00
-7.253691883319912659e-01
-1.072954594134539308e+00
1.996474339255128960e+00
-5.971655064488294862e-01
-1.969335558917433282e+00
-2.196622512826173157e+00
-1.431350787252329670e+00
-6.899779571611822648e-01
-2.191320323041795692e+00
-1.080830917075466191e+00
-1.986261943592061652e+00
-1.292352496139699269e+00
2.464857867545750203e+00
-1.277838661960140954e+00
-1.782363318405604691e+00
1.841353518992406846e+00
-9.593073362623216749e-02
2.267932302032565905e-01
-6.382002621480027671e-02
-1.878490737427727986e+00
-2.826729854768618155e-01
3.208688122483382976e-02
-2.089320350947673488e-01
-2.031879667950149848e+00
-1.550096746884955801e+00
2.359969530232532975e+00
8.504445088847206735e-03
-1.544142793386069079e-01
2.247677779083265381e+00
1.756079052731912560e-01
2.928993307238931365e+00
3.618033988749998819e+00
-2.169375199852944247e-01
1.303993043140069474e+00
2.283254455742055544e+00
1.581332674375222958e+00
5.945326400265349420e-02
-1.277783495490280918e+00
3.657754274826378049e-01
-7.926707435579984917e-01
-3.777311163129364324e-01
8.633585330347115505e-02
-3.338794704374509870e+00
2.358096600699759460e-01
2.055402221826015285e+00
-1.775824122034060482e+00
-1.099908850626550860e-01
2.776663001950943621e-01
-8.994879289208063122e-02
1.117921370597156017e+00
-7.628422561154462045e-01
-1.432756366149604776e+00
-1.581598752461730317e+00
-2.793132098342625547e-01
-2.301554166839704374e-01
-4.181430814314498257e+00
-1.707106781186718658e+00
7.228996935928777567e-02
-2.246528184211653123e+00
3.223362390781356890e-01
-7.319691128992666940e-01
-1.426556204064142186e+00
2.749989443726029492e+00
1.791353518739513984e+00
3.583404586763436206e-01
8.051663953429926135e-01
1.877976169729735023e+00
2.761040439382209222e+00
1.442456183784903700e-01
5.909648066233124108e-01
5.302402123158225233e-01
-8.811800626429590055e-01
2.346855277365312631e+00
-2.694084356221533860e-01
-2.629334328774657781e+00
1.795187911097590572e+00
1.057483805714077407e+00
2.047149150715122379e-01
9.804687749656963991e-01
4.648623100690951748e-02
1.536825185253507753e+00
1.642039521920160006e+00
1.170109911263523816e+00
-3.837361639904540711e-01
-1.612974933945393818e+00
1.813919682500031438e+00
-5.601125228127199485e-01
-3.519297996971839648e+00
-7.278179988885388196e-01
-2.462093303315042725e+00
-1.892517981874832556e+00
-8.365005799279068288e-02
-3.227965678251525805e+00
-1.942052885312215427e+00
4.472102617857222073e-01
5.157260943201344983e-01
-2.422287969232876925e-01
-1.211968111490372202e+00
1.532171123753502728e+00
1.101393893301059634e+00
-8.229665298908006577e-02
1.419336753782622251e+00
-1.787174497040442400e+00
-3.791776351349684382e-01
2.549056576639901817e+00
-1.740215156844688638e+00
-1.399903088302404619e+00
5.654615005350059898e-01
2.173203392509518439e-01
1.322784331346277042e+00
4.030539951801220822e-01
7.510480223908035935e-01
1.426075171744155767e+00
2.319754598343610752e+00
3.569223409146970560e+00
-3.268872542152241323e-01
5.778975128471564027e-01
3.562094239337494361e+00
-2.216336223797709115e-01
5.214153844714630726e-02
-7.919788622668438860e-02
-2.398442160275755075e+00
2.826357661751672801e-01
-3.514530770814140448e-01
-2.492769221165977545e+00
-2.033599433967060666e+00
-7.259960891667593952e-01
9.900724028806379140e-01
-1.424954953055017626e+00
-1.171394662266333153e+00
9.241982717114899382e-01
-1.000000000000006217e+00
1.280687789180862568e+00
4.732755492009480536e-01
-3.313725935585238425e+00
3.288256811232576071e-01
5.023201605454821195e-01
-2.055092781953132164e+00
-1.588709316481192513e+00
-1.927630421714068731e+00
-5.059548702689461441e-01
-3.045938796156001382e-01
-4.354319795474017596e-01
-7.047880709851073178e-02
-1.032926391010728251e+00
2.880451139724271581e+00
2.919188724382796529e+00
-8.817952116984292266e-01
2.434638775207118133e+00
2.491122628420337826e+00
1.072732137609062164e+00
2.649407669407970012e+00
-1.710060140284498376e-01
-5.063101438346531147e-01
1.296503864724798838e+00
6.773733252570462993e-01
-5.029339834441669543e-01
-2.168224766662005365e+00
5.567762062163590375e-01
1.269642753611163188e+00
-1.207595025318132897e+00
1.053169574916826168e+00
-2.610398894236496958e-01
-4.636770550963608128e-01
3.255013839925855024e+00
-3.079777739855578123e-01
-1.759951454208259713e+00
6.037103019815355243e-01
-2.166759959504662714e-01
-6.488713667220512571e-01
-2.254247201055341598e+00
-2.302085971609019399e+00
-1.600900155064997943e+00
-2.011104699684554298e+00
-2.283424978388157167e-01
-2.770121772577140540e+00
-2.823483616553633002e+00
2.195109447552439974e+00
-1.621852616812973769e-01
-7.997746266392572467e-01
1.450028859564601369e+00
-1.268984917146553926e-13
1.884550346928054676e+00
2.082009488380989204e+00
-2.021167505779005724e-01
-1.003997394354871897e-01
5.167937767995038900e-01
2.016956805659569696e+00
-6.051111410057486983e-01
-1.850592418251989058e+00
1.513888246476632560e+00
-1.675066002711862456e-01
5.885104479436795710e-01
2.001955571936404610e+00
-1.363097622014541432e+00
1.623088694820898459e+00
3.628651910086634569e+00
7.202590742199931340e-01
7.277945079843569642e-01
7.932190607649977077e-01
1.636376505280582760e+00
8.397123933306670507e-01
-8.989088651337441283e-01
-4.741361414844327271e-01
-2.463254982958019035e+00
-6.767828882110480393e-01
4.050470160347927617e-01
-4.357138238403400976e+00
-1.971693785893066764e+00
3.203906497501340378e-01
-1.719157477899890818e+00
-9.420735840068916733e-02
-8.906728515803531421e-01
-1.063783598722577217e+00
1.122167491694774144e+00
8.246437334345695369e-01
6.793947622468310410e-02
-1.833929629533363359e+00
7.566528531382354927e-02
1.685618211889655438e+00
-2.239355580152044389e+00
-9.386774799626447230e-01
-3.808621920658424864e-01
-1.980654324087175899e+00
1.623778804696273781e+00
6.742104502916834718e-02
-1.856603254664516811e+00
1.595565861067667512e+00
2.248240940680465094e+00
2.013540773205178880e+00
9.782851436242891996e-01
1.381966011250153503e+00
2.922577321104812498e+00
1.316160405603128414e+00
2.226253345299087805e+00
5.228152478033746275e-01
-1.888091356439768331e+00
2.315676057603953897e+00
4.397046828364369331e-01
-2.746527558523728096e+00
-2.765386226029785677e-01
-9.722051885623005374e-01
-3.505684841167791554e-01
3.789087038087571302e-01
-1.234086093690696773e+00
-5.962440393904073765e-01
7.662912769923685419e-02
1.791055582424954551e+00
7.619779187375963492e-02
-2.544444727731525191e+00
1.104155530334471891e+00
-7.432994582262195116e-03
-1.969253084014169541e+00
-1.749745359095915553e-01
-3.183760355565712796e+00
-2.199301702565151118e+00
5.754735928878029760e-01
-2.079047919700436786e+00
-2.291940519095557072e+00
-1.042419472935191438e+00
7.873619246794306692e-01
1.058250206743975186e+00
-5.115132524265936231e-01
1.547985898966421914e+00
9.979621499100803650e-01
1.447145470158091918e+00
3.824837287130859131e+00
-6.398824704770921246e-01
-2.731710623167531438e-01
3.059172546988978780e+00
1.564699998860931140e-01
-7.644667591407805496e-02
-1.953019514382665078e-01
-7.578553254951143625e-01
9.485765272164521367e-01
5.693939373906148349e-01
4.394583083922128375e-01
-7.469307791106187810e-01
5.785524452895962622e-01
3.682137113564788677e+00
-1.393081014731904488e-01
-2.600735106701694277e-01
2.063095295861992362e+00
-5.376027217374397260e-01
1.005627706418163347e+00
1.964467053568805244e-01
-3.216544280015502189e+00
-1.072561977383126752e+00
-5.285789709108040801e-01
-1.639440601666831254e+00
-2.989909676483689438e+00
-2.721083328735972362e+00
3.078469916018422570e-02
-1.389741655638590867e+00
-7.767293924785884096e-01
2.203422400690173699e-01
-2.069596285912228772e+00
1.891558117957573115e+00
2.315174790301744334e+00
-1.815013056278842019e+00
4.556218134380795037e-01
9.729366028560368918e-01
2.563419558899275863e-01
4.140859750878669865e-01
-1.203676288917419956e+00
-5.811773248938013614e-01
-2.928932188133324677e-01
9.712122262961460084e-01
7.644853801274252847e-01
-2.160226170591758699e+00
1.806063831353288629e+00
3.122443944857291598e+00
1.069269579464146025e-01
2.410964887117753364e+00
1.384892349172059278e+00
8.999418310185620662e-01
3.537678978744859926e+00
9.377486224990486674e-01
-6.733931893829766535e-01
-1.865580693975993076e-01
6.344626129820208904e-01
2.798595605757705496e-01
-2.853547129083281675e+00
-1.266939024410928427e+00
-7.130888479732461205e-01
-1.994538397219179693e+00
8.635392327993386408e-01
-1.731332216685951053e+00
-2.566233770865310682e+00
2.102997957275792640e+00
3.361229824228054719e-01
-9.999999999999096278e-01
-2.406891734758942469e-01
-5.581343451622695628e-01
4.898618758326317435e-01
-6.614125459331281487e-01
-1.123918208168226185e+00
-1.959761429645665132e+00
-2.175888501618917115e+00
1.283369491502007076e+00
-1.577580676106482782e+00
-3.108058124817450363e+00
1.210861483926323867e+00
1.184581740751011747e-02
6.393060850888826474e-01
2.040670325869573087e+00
-2.506097790812495951e-01
1.797801766854270955e+00
3.220688849999882031e+00
2.133685589868195009e+00
6.786479968649379302e-01
5.083351311308448306e-02
2.734912437835288479e+00
7.993108588851425278e-01
-9.816702441878311092e-01
7.901350901531561943e-01
-1.744219717332877284e+00
1.113567713029692680e-01
2.019901065546779506e+00
-2.253761455247959233e+00
-6.814373285379917711e-01
1.565407543825463321e+00
7.448344452481112654e-01
7.173249330330438989e-01
-4.724432817353168002e-01
4.288710263736675854e-01
3.861305590705938484e-01
7.798080160000764316e-02
2.974611372025417477e-01
-3.482153306340550536e+00
-1.544724892417062678e+00
8.684213813583588903e-01
-3.461757231987128591e+00
-2.369155490879427894e+00
-1.336747308156937875e+00
-2.284754572017438257e+00
4.456670788110883574e-01
-4.203312906616295530e-01
-1.341799293832741435e+00
1.355616514558947161e-01
1.610176923415359340e+00
2.396802246667515846e+00
-7.019392318064443526e-01
3.885912982431557472e-01
2.492016020222417083e+00
-2.532448976526469053e-01
1.314313152554639874e+00
2.105643283418498490e-01
-2.326685391409113013e+00
1.800554100866911700e+00
1.152467016047707737e+00
-1.231194594900822503e+00
6.218677810812656137e-02
7.761415308999407570e-01
2.165761533351145740e+00
1.201362129780298771e+00
9.921844359532009383e-01
1.584528401629010652e+00
4.001729408486022210e-01
3.163001377311486451e+00
1.290350332290013391e+00
-2.608649411477079294e+00
1.057476117868480614e+00
2.462999099156015781e-01
-1.941269192450843395e+00
-8.670225761018071076e-01
-2.842063040483615577e+00
-1.915001118313445438e+00
-3.658920814732162241e-01
-1.145315763901676220e+00
-1.746678390806509773e+00
-2.173250784727884355e+00
1.310989778598512512e+00
9.856280660525199577e-01
-1.885047554905002087e+00
9.060275043643561954e-01
-2.112682444943136673e-01
-5.022273533233465592e-01
1.969195558370082200e+00
-1.966930810215447245e+00
-2.129498355669635856e+00
6.863012235842538278e-01
-2.714724356136344330e-01
-8.243297471507826657e-01
-1.595787539456518633e+00
1.390893892222746508e-01
1.212153215129042394e+00
4.997854679667702582e-01
2.282906402733954287e+00
1.680880617177523129e-01
9.886664272603216119e-01
