5.000000000000000000e+00
8.967971227769750975e-01
3.402839274558823179e-01
5.228100383166656151e-01
3.830727832787823584e-01
3.914916783242639031e-02
-1.262777392100773444e+00
-1.143290396277533150e-01
-3.269153930302539202e+00
3.761476799926283809e-01
1.615427632831184290e+00
-5.781320686609580095e-01
-9.874414177524315495e-01
-9.232446603474978586e-01
1.038164370606651454e+00
-1.956007126635410653e+00
-2.660935821040631977e-01
-1.847015663757603621e+00
-2.914765918294978775e+00
6.195724351762601501e-01
1.090218840917852816e+00
1.249643660111703136e+00
-9.516202248629280769e-01
2.879384132396226814e+00
2.457244063506014875e+00
1.218718265810732948e+00
2.172969587574423489e+00
-9.251565997039956635e-01
-4.785425029391763285e-01
-5.058509259877942421e-01
1.742641520700345614e+00
-1.467647017869748938e+00
-2.021758542290168936e+00
1.473212619518389888e+00
7.097019913809177183e-03
1.066452395277470266e+00
-6.065305012024055920e-01
-6.013322322794208974e-01
-2.405744788425989711e+00
-8.520249021563544023e-01
5.954504546234913320e-01
-3.759245827100276216e+00
-1.589162437760135660e+00
-4.672882719704720689e-01
1.441131944660920539e+00
7.477575205959681170e-01
1.371363042649001773e+00
1.817932847090955484e+00
-4.294420576826496472e-01
3.419522913364046790e+00
1.278768257917535900e+00
-7.342330798483489573e-01
-1.369700957279136766e+00
4.475412563737310445e-01
1.295629547101542878e+00
-1.046371227343415367e+00
1.621213681300886833e+00
-8.428956609351915263e-01
1.750373969250487161e-01
1.647803094115174893e+00
4.557784280254605913e-01
-1.750217088051562175e+00
-3.479532737037882129e+00
3.415135918058396225e-01
-2.179889952297881628e+00
-1.573374813995298993e+00
-9.647021801412626330e-01
-1.503781872987077328e+00
5.424744592207859650e-01
1.522384204405408337e+00
3.155828733731607549e+00
-1.228933658051715394e+00
7.046556137541409859e-01
2.117581321167708808e+00
2.541821954847316434e-01
4.266096908275573973e-01
-9.350487530068861686e-01
4.129418525762781345e-01
-7.129246803107833763e-01
2.789347698290931543e+00
1.699393455833990707e+00
-1.360850318113667523e+00
1.063170486893581845e+00
7.305565775559502706e-01
7.518432170665578784e-01
-2.419274607660887089e+00
-1.348172310126937834e+00
-2.578611588711183789e+00
-2.648210898841613314e+00
9.734832173185260507e-01
-1.563476157217965845e+00
-1.210001729801468251e+00
-5.226965931476493799e-01
2.727539060521774417e+00
1.147311565253732457e+00
-3.313239205835565859e-01
1.350709150449151297e+00
-1.447604038516020486e+00
8.783911206395453863e-01
9.003153403689883039e-01
4.999999999999836242e-01
-1.284743611608579750e+00
5.170889632458797180e-01
3.847816420339746024e+00
4.023162233415881195e-01
1.575242953192228068e+00
1.369464465731085046e-01
-1.778999010031047101e-01
-3.574458200045651513e-01
-3.492974893068030440e-01
-1.195665834975678132e+00
-4.856077561533776787e+00
-3.866836425303425973e-01
-2.183153144483183095e-01
-6.078293253510558269e-01
-5.385390484298657743e-01
-2.216867204306648409e-01
8.900943064127325721e-01
-2.872244875471007264e-01
2.549981282528412052e+00
-1.328819757158157699e+00
-1.946324485896517853e+00
5.994761120768814511e-01
9.651766556565312127e-01
8.771545060840790775e-01
-7.071067811865650032e-01
2.447235025036286871e+00
7.263574637447755000e-01
2.377788094442580213e+00
2.953887322309202368e+00
-7.359314661137493774e-01
-8.866208650845111006e-01
-8.433654687036250541e-01
1.040883412905912797e+00
-2.906794188351331076e+00
-2.093896263275310421e+00
-8.808115741220328143e-01
-1.777681240614073399e+00
1.151200347225559417e+00
2.263323809896434780e-01
-2.781514783200567109e-02
-2.098466961063424563e+00
1.178877876699144789e+00
1.175415238139853047e+00
-2.242785949403027779e+00
-4.125585089846047770e-01
-1.209593884462801583e+00
7.200335033137965635e-01
8.108488999341209036e-01
2.516516602569635719e+00
8.579604780798208985e-01
-1.029356460065059542e-01
4.155837999982850306e+00
1.485435005149930987e+00
3.504476973096611880e-01
-1.316355683959838707e+00
-4.185613433268807748e-01
-1.022895662072815792e+00
-1.306475136339869003e+00
6.748723204318441971e-01
-3.156235169039649069e+00
-6.539375963436546702e-01
1.045939565138690908e+00
1.087251330962135665e+00
-1.024780049346287969e+00
-1.687613955375722341e+00
5.091925881169053758e-01
-2.164034006060260751e+00
3.951921801450634097e-01
-7.861075328637725512e-01
-1.891014636924404968e+00
-2.154268329837747409e-01
2.046526263133735313e+00
3.317028818183836325e+00
-4.334346120115715184e-01
2.360170422367379839e+00
1.594247397453965265e+00
1.037982557212801860e+00
1.479165234526009787e+00
-5.983925483331615780e-01
-1.320521696688184754e+00
-2.401448453755050672e+00
1.946553789319247274e+00
-4.569942078730954149e-01
-1.684485687517853325e+00
2.047565596666285903e-01
-1.876063478268642504e-01
8.360365784238750209e-01
-7.968375335763455691e-01
3.516137013366005259e-02
-3.404418760806431354e+00
-1.814196252224431927e+00
1.009047785983526291e+00
-1.590525679219153332e+00
-9.487684629529802294e-01
-6.244617174175619567e-01
2.509039794817788938e+00
1.259503211632764019e+00
2.452843017547590154e+00
2.212083285208731542e+00
-1.118033988749896235e+00
1.758723182786369854e+00
1.219599364568849875e+00
4.196559365211793291e-01
-2.435436755490543614e+00
-3.441037752116558601e-01
9.943853291725948118e-01
-6.947962804806320225e-01
1.890858565092801147e+00
-7.647305097144827535e-01
-7.111256670378428568e-01
-3.550960205426640925e-01
9.960691045327062509e-01
-1.282570583433176203e+00
-4.218819371828282705e+00
-5.230090226757110328e-01
-1.782229655261197809e+00
-2.675902228950108874e-01
-4.345746065386285606e-02
1.368896195709974895e-01
2.555471885306022095e-01
1.285711192945920622e+00
4.438716528651892368e+00
-3.116775201806322171e-01
-8.084047196029842119e-03
6.002637698881596595e-01
6.183040080827163498e-01
3.729927897524719649e-01
-5.075645881702092188e-01
7.380711907653474402e-01
-1.770085890740871193e+00
2.261852811189069445e+00
2.226228412685171687e+00
-5.858318609122765697e-01
-8.409639948692901879e-01
-7.333376425645452557e-01
4.836789576053556194e-01
-2.777208083380382497e+00
-9.952219875737056132e-01
-2.690793551816996310e+00
-2.813318314609605242e+00
8.951966960349028168e-01
6.324367421348671137e-01
3.833802751644843632e-01
-1.211998582080421771e+00
2.755186451699328742e+00
1.520439114988057394e+00
3.691800983964296234e-01
1.260577143128517097e+00
-1.424117188383002386e+00
-1.421085471520200372e-14
4.893069147346046366e-01
2.374328376104910987e+00
-8.959602254297609480e-01
-3.297152986809970265e-01
2.943403078336398693e+00
7.477115226881050347e-01
1.335856682500274895e+00
-7.728631974628429324e-01
-8.752659266299622765e-01
-2.438555685438093423e+00
-7.021919710231089296e-01
-2.124746538992530187e-01
-4.310194096999108382e+00
-1.191377122479027939e+00
-1.753554304860578394e-01
1.158878093538393772e+00
2.023867835322326614e-02
5.791632174283758427e-01
6.970711900359545243e-01
-1.033836785371525346e+00
2.731403046833352999e+00
-8.355036832613671471e-02
-1.373532119867346690e+00
-8.223140416931563612e-01
1.508244769367327764e+00
1.961044621862368498e+00
-7.348319999097330246e-02
2.608234183410027551e+00
-1.795625765568742427e-02
1.327200778488643707e+00
2.064336976150995095e+00
6.802730232776443842e-03
-2.165782512875473742e+00
-2.937375062105868295e+00
7.028050846302666965e-01
-2.350161486914880360e+00
-1.420690634862294965e+00
-9.529846410403193246e-01
-1.351466231221795988e+00
6.579685448195784492e-01
1.028551563855888196e+00
1.565584234703183419e+00
-2.677411542619564599e+00
1.656341671858278519e-01
1.156118364049531611e+00
-7.334477919012143410e-01
-8.988551484558437998e-02
-7.789795807123687243e-01
1.104947123476445636e+00
4.999999999999349409e-01
3.807672164285790029e+00
1.763557171198701479e+00
-7.372998885852458661e-01
2.036041800770254540e+00
1.097022336590391500e+00
5.262577717633870611e-01
-2.453437770581029298e+00
-9.682557034923624517e-01
-2.102217817328851712e+00
-1.594764655874477022e+00
1.376532523207077752e+00
-1.825716601139320439e+00
-1.104216614556387199e+00
-2.880949841864943739e-01
2.086518097574996400e+00
-4.886757214026997143e-01
-1.642707848195281262e+00
6.057271753356308075e-02
-2.313512217119289449e+00
6.166446255690001266e-01
4.412421369082442091e-01
1.471414996575408085e-01
-7.769862918694115939e-01
1.869827978823138448e+00
4.335547103557745530e+00
4.407969212903073419e-01
1.850518125738633834e+00
3.186794287481797827e-01
2.453520203694234403e-01
1.050388199320940047e-01
-8.503889248125240385e-02
-1.192788617150525976e+00
-3.789422334926434655e+00
1.151079807731351323e+00
3.113991653557180994e-01
-5.030970367664171494e-01
-6.081045412081129697e-01
-4.625631963335021801e-01
1.633605531291155710e-01
-1.172005766410745053e+00
1.012539209857325817e+00
-3.094157984642394332e+00
-2.401123278847448361e+00
5.668933397697305532e-01
6.354778399176060910e-01
5.011013083656200573e-01
-3.787072197666686568e-01
2.920118773802200973e+00
1.041928605182766088e+00
2.760073510669974084e+00
2.478819723139054521e+00
-1.113206443238053289e+00
-3.622090009399377974e-01
8.451803867600693465e-02
1.422950742383463085e+00
-2.468498719149936793e+00
-7.914751718511054968e-01
2.597181554562664196e-01
-6.665939950199146757e-01
1.724798212255690633e+00
-1.853928365500904230e-01
-8.410668710607511755e-01
-2.525599652089754343e+00
6.761130290119466979e-01
-4.397351147259794812e-01
-3.500877351505460311e+00
-9.590771088063546612e-01
-1.413403993643602474e+00
7.815360021417524505e-01
8.050950194378369007e-01
2.182719337754435163e+00
3.878860604800667966e-01
3.392585276429315178e-01
4.211817477906184770e+00
7.071067811865734409e-01
-6.425335824656008832e-02
-9.970043792301169772e-01
3.987526823743665627e-01
-1.009790061561534058e-01
-5.397177766085470285e-02
1.446689541271611201e+00
-2.204268065581778124e+00
8.775280184815266171e-01
1.688042369062528802e+00
5.856277072743802936e-01
-1.863212047932506721e+00
-2.073205621117700126e+00
-2.109812494288429985e-01
-2.898915752882813113e+00
-2.321584867723014423e-01
-1.745628327293651472e+00
-2.133718717631597261e+00
1.845116262511449778e-01
2.124169067613078443e+00
2.369538734461767326e+00
-1.122568798681336855e+00
2.165927255743407720e+00
1.062992834280723997e+00
7.149010931530812574e-01
1.118033988749917107e+00
-7.395888782818867968e-01
-6.941857436337411924e-01
-7.230533051068686046e-01
3.345026950970426238e+00
1.049625622095324839e-01
-5.930559440853222508e-01
1.278232800147682813e+00
3.740698390323966560e-01
7.612874604965886860e-01
-1.312809690089273618e+00
-8.518999574884233983e-01
-3.961382410347437322e+00
-1.517589220098054748e+00
5.825909675396667708e-01
-2.356453089504553677e+00
-1.142353392923039390e+00
-4.348243817812654788e-01
2.279031082282706677e+00
5.122494553829033404e-01
1.573812416775214107e+00
8.431506763267626603e-01
-1.720171083582341609e+00
1.772848610020994364e+00
8.637617501259353681e-01
1.137407607471458970e-01
-1.726740655908543642e+00
1.277409864343987289e+00
2.196537904602711588e+00
4.796212053467890923e-01
2.658448959401832568e+00
-4.756816649507454864e-01
-1.231646298251697358e-01
1.068338984351515086e-01
6.384317896005858861e-01
-2.250850654485642810e+00
-4.177363865509970076e+00
-1.436848697849563150e-01
-1.764479424650529094e+00
-2.667335425740826604e-01
-3.957801551046701838e-01
-3.313491430900749601e-01
-1.254137813164050708e-01
9.613722578011257847e-01
2.971879297543069676e+00
-2.064454058844111817e+00
-6.476339187279410714e-01
3.345041874097284262e-01
5.077667580287210658e-01
4.716260035297604181e-01
1.031977533325626473e-01
1.529396763004541526e+00
-3.540616923428068219e-01
3.751935822615754645e+00
2.421712302571656039e+00
-5.748662100512459405e-01
-3.790799967090195399e-01
-2.041595537858944542e-01
3.842094506556592570e-01
-2.873729365022474447e+00
-8.624868002194165939e-01
-2.586166304485239209e+00
-1.957203266527369090e+00
1.393892780443022339e+00
1.062932562240925805e-01
-5.138576294738936845e-01
-1.625581481520583793e+00
2.103185658828958360e+00
-2.239016372359148299e-02
-9.338430392291248161e-01
5.398566969646312330e-02
-2.022574756565262533e+00
3.272703684880812203e-01
1.060608609435564453e+00
2.523015705524915830e+00
-5.632947825658657370e-01
1.069937451880185186e+00
3.853884383847052231e+00
1.002916022273612207e+00
1.412824883248086971e+00
-7.693341308586294502e-01
-6.260031258000776644e-01
-1.780228020041422665e+00
5.894301927676873221e-02
-2.912256618705321154e-01
-3.876594497989271026e+00
-5.462432286210439081e-02
3.612606460056535518e-01
8.530222769792139559e-01
-7.913543772114082220e-01
-3.491468686263745624e-01
-5.541544761621993720e-01
-1.846082575884015142e+00
1.644303580753311067e+00
-1.662197353129420963e+00
-1.951974761373836742e+00
-3.764854077648265296e-01
2.071816158713941647e+00
2.001475725847580378e+00
3.147247891203659442e-01
3.000000000000000000e+00
3.147247891205277037e-01
2.001475725847391640e+00
2.071816158714069100e+00
-3.764854077647258324e-01
-1.951974761373723943e+00
-1.662197353129659660e+00
1.644303580753364580e+00
-1.846082575883864818e+00
-5.541544761624254134e-01
-3.491468686262658716e-01
-7.913543772114711716e-01
8.530222769791968584e-01
3.612606460056004831e-01
-5.462432286188945163e-02
-3.876594497989230170e+00
-2.912256618708065625e-01
5.894301927697759291e-02
-1.780228020041466852e+00
-6.260031258001015342e-01
-7.693341308587072769e-01
1.412824883248112506e+00
1.002916022273514951e+00
3.853884383846932771e+00
1.069937451880511148e+00
-5.632947825660346020e-01
2.523015705524873642e+00
1.060608609435667926e+00
3.272703684881912434e-01
-2.022574756565291842e+00
5.398566969636620083e-02
-9.338430392289431836e-01
-2.239016372353924700e-02
2.103185658829078264e+00
-1.625581481520548932e+00
-5.138576294739404249e-01
1.062932562240740397e-01
1.393892780443156454e+00
-1.957203266527197227e+00
-2.586166304485337797e+00
-8.624868002192197514e-01
-2.873729365022397175e+00
3.842094506554656341e-01
-2.041595537858795772e-01
-3.790799967090291989e-01
-5.748662100512538231e-01
2.421712302571752407e+00
3.751935822615748872e+00
-3.540616923427368778e-01
1.529396763004474247e+00
1.031977533325783014e-01
4.716260035296411801e-01
5.077667580285715188e-01
3.345041874097437473e-01
-6.476339187278213894e-01
-2.064454058844112261e+00
2.971879297542940002e+00
9.613722578011769659e-01
-1.254137813165864812e-01
-3.313491430902931190e-01
-3.957801551043987343e-01
-2.667335425742418664e-01
-1.764479424650452044e+00
-1.436848697848193135e-01
-4.177363865509613028e+00
-2.250850654486252544e+00
6.384317896004345627e-01
1.068338984350896692e-01
-1.231646298251685145e-01
-4.756816649510919870e-01
2.658448959401925826e+00
4.796212053470568781e-01
2.196537904602279934e+00
1.277409864344559054e+00
-1.726740655908564293e+00
1.137407607468867710e-01
8.637617501256825703e-01
1.772848610021402926e+00
-1.720171083582184401e+00
8.431506763264736692e-01
1.573812416775605572e+00
5.122494553825747143e-01
2.279031082282955367e+00
-4.348243817811077161e-01
-1.142353392922861310e+00
-2.356453089504622067e+00
5.825909675395470888e-01
-1.517589220097283365e+00
-3.961382410347645600e+00
-8.518999574885314230e-01
-1.312809690089331571e+00
7.612874604964779968e-01
3.740698390323855538e-01
1.278232800147763637e+00
-5.930559440850565744e-01
1.049625622093817157e-01
3.345026950970558133e+00
-7.230533051067999928e-01
-6.941857436337520726e-01
-7.395888782818831331e-01
1.118033988749836727e+00
7.149010931532123747e-01
1.062992834280555687e+00
2.165927255743584467e+00
-1.122568798681281343e+00
2.369538734461522633e+00
2.124169067613208561e+00
1.845116262512918048e-01
-2.133718717631555517e+00
-1.745628327293834658e+00
-2.321584867720671852e-01
-2.898915752882849972e+00
-2.109812494289461382e-01
-2.073205621117619746e+00
-1.863212047932626625e+00
5.856277072743576451e-01
1.688042369062443093e+00
8.775280184817049189e-01
-2.204268065581833191e+00
1.446689541271436230e+00
-5.397177766075988981e-02
-1.009790061563857755e-01
3.987526823743729465e-01
-9.970043792301750418e-01
-6.425335824653788386e-02
7.071067811863125385e-01
4.211817477906212304e+00
3.392585276431270280e-01
3.878860604797497169e-01
2.182719337754361888e+00
8.050950194377056723e-01
7.815360021419003322e-01
-1.413403993643564505e+00
-9.590771088063662075e-01
-3.500877351505467416e+00
-4.397351147262626991e-01
6.761130290120439534e-01
-2.525599652089702829e+00
-8.410668710608659726e-01
-1.853928365501621434e-01
1.724798212255778784e+00
-6.665939950196970720e-01
2.597181554561142081e-01
-7.914751718508246103e-01
-2.468498719150053589e+00
1.422950742383199518e+00
8.451803867622242894e-02
-3.622090009399718813e-01
-1.113206443237910515e+00
2.478819723138804498e+00
2.760073510670217889e+00
1.041928605182747880e+00
2.920118773802189871e+00
-3.787072197664460571e-01
5.011013083655043721e-01
6.354778399176960191e-01
5.668933397697194509e-01
-2.401123278847432374e+00
-3.094157984642434300e+00
1.012539209857320932e+00
-1.172005766410612271e+00
1.633605531290071022e-01
-4.625631963335653518e-01
-6.081045412078475154e-01
-5.030970367664855392e-01
3.113991653558635386e-01
1.151079807731263616e+00
-3.789422334926433766e+00
-1.192788617150492225e+00
-8.503889248118590150e-02
1.050388199322140337e-01
2.453520203693196899e-01
3.186794287482557220e-01
1.850518125738694675e+00
4.407969212903326550e-01
4.335547103557644277e+00
1.869827978823150882e+00
-7.769862918692757026e-01
1.471414996574268441e-01
4.412421369084058576e-01
6.166446255691305778e-01
-2.313512217119427561e+00
6.057271753356463506e-02
-1.642707848195458231e+00
-4.886757214027736551e-01
2.086518097575052355e+00
-2.880949841864086092e-01
-1.104216614556387199e+00
-1.825716601139540263e+00
1.376532523207080194e+00
-1.594764655873885051e+00
-2.102217817329200322e+00
-9.682557034921688288e-01
-2.453437770581145649e+00
5.262577717631395924e-01
1.097022336590272928e+00
2.036041800770470811e+00
-7.372998885849311179e-01
1.763557171198206763e+00
3.807672164285940575e+00
5.000000000000357492e-01
1.104947123476526016e+00
-7.789795807121978610e-01
-8.988551484562057325e-02
-7.334477919010923275e-01
1.156118364049249170e+00
1.656341671864580700e-01
-2.677411542619812401e+00
1.565584234702797062e+00
1.028551563856117124e+00
6.579685448196957998e-01
-1.351466231221538417e+00
-9.529846410404383406e-01
-1.420690634861795809e+00
-2.350161486915301801e+00
7.028050846301879817e-01
-2.937375062105601842e+00
-2.165782512875685129e+00
6.802730232748410710e-03
2.064336976150943581e+00
1.327200778488769828e+00
-1.795625765587738343e-02
2.608234183410066187e+00
-7.348319999090047183e-02
1.961044621862097159e+00
1.508244769367461435e+00
-8.223140416929467511e-01
-1.373532119867319157e+00
-8.355036832638718103e-02
2.731403046833531967e+00
-1.033836785371395894e+00
6.970711900355898161e-01
5.791632174285855639e-01
2.023867835324480446e-02
1.158878093538517229e+00
-1.753554304860168722e-01
-1.191377122478840089e+00
-4.310194096999151014e+00
-2.124746538994901623e-01
-7.021919710229062028e-01
-2.438555685438295040e+00
-8.752659266299984697e-01
-7.728631974628608070e-01
1.335856682500339954e+00
7.477115226879386123e-01
2.943403078336359169e+00
-3.297152986806576314e-01
-8.959602254300967905e-01
2.374328376104805738e+00
4.893069147347902659e-01
4.263256414560601115e-14
-1.424117188383039023e+00
1.260577143128325694e+00
3.691800983964587668e-01
1.520439114987858664e+00
2.755186451699494832e+00
-1.211998582080433762e+00
3.833802751643134998e-01
6.324367421349086360e-01
8.951966960349696523e-01
-2.813318314609515980e+00
-2.690793551817278306e+00
-9.952219875736530996e-01
-2.777208083380449555e+00
4.836789576050840589e-01
-7.333376425644929641e-01
-8.409639948691380873e-01
-5.858318609123539522e-01
2.226228412685398617e+00
2.261852811189082324e+00
-1.770085890740822343e+00
7.380711907653008108e-01
-5.075645881701601470e-01
3.729927897524384361e-01
6.183040080827455487e-01
6.002637698880086692e-01
-8.084047196033061766e-03
-3.116775201807752138e-01
4.438716528651786675e+00
1.285711192946012327e+00
2.555471885305927726e-01
1.368896195710330721e-01
-4.345746065392647184e-02
-2.675902228950075568e-01
-1.782229655261394985e+00
-5.230090226756924920e-01
-4.218819371828389286e+00
-1.282570583433251477e+00
9.960691045328294857e-01
-3.550960205428729255e-01
-7.111256670379689782e-01
-7.647305097145421504e-01
1.890858565092891297e+00
-6.947962804807598092e-01
9.943853291725948118e-01
-3.441037752114493031e-01
-2.435436755490709704e+00
4.196559365210267289e-01
1.219599364568875188e+00
1.758723182786447126e+00
-1.118033988749889573e+00
2.212083285208689354e+00
2.452843017547767790e+00
1.259503211632642561e+00
2.509039794817674363e+00
-6.244617174175459695e-01
-9.487684629529711255e-01
-1.590525679219125799e+00
1.009047785983708145e+00
-1.814196252224385963e+00
-3.404418760806566358e+00
3.516137013357856222e-02
-7.968375335762023504e-01
8.360365784236973852e-01
-1.876063478270402207e-01
2.047565596666600651e-01
-1.684485687517421670e+00
-4.569942078735840241e-01
1.946553789319500627e+00
-2.401448453754957413e+00
-1.320521696688380153e+00
-5.983925483333321083e-01
1.479165234525816386e+00
1.037982557213048995e+00
1.594247397453730564e+00
2.360170422367675158e+00
-4.334346120116806533e-01
3.317028818183439309e+00
2.046526263134061274e+00
-2.154268329837571438e-01
-1.891014636924251091e+00
-7.861075328643065685e-01
3.951921801452985550e-01
-2.164034006060367776e+00
5.091925881165761947e-01
-1.687613955375474539e+00
-1.024780049346561528e+00
1.087251330962227591e+00
1.045939565138425120e+00
-6.539375963434543859e-01
-3.156235169039743216e+00
6.748723204316129376e-01
-1.306475136339762422e+00
-1.022895662073013412e+00
-4.185613433267831862e-01
-1.316355683960014122e+00
3.504476973094494685e-01
1.485435005149640109e+00
4.155837999982925801e+00
-1.029356460060240064e-01
8.579604780795478947e-01
2.516516602569748073e+00
8.108488999341302295e-01
7.200335033137332807e-01
-1.209593884462792479e+00
-4.125585089846186548e-01
-2.242785949402942514e+00
1.175415238139597029e+00
1.178877876699451654e+00
-2.098466961063644831e+00
-2.781514783217919895e-02
2.263323809895075867e-01
1.151200347225632026e+00
-1.777681240613819380e+00
-8.808115741220392536e-01
-2.093896263274951153e+00
-2.906794188351739638e+00
1.040883412905674543e+00
-8.433654687034377595e-01
-8.866208650845175399e-01
-7.359314661138282032e-01
2.953887322309271646e+00
2.377788094442718769e+00
7.263574637446144067e-01
2.447235025036460065e+00
-7.071067811864415464e-01
8.771545060840857388e-01
9.651766556567000777e-01
5.994761120771026075e-01
-1.946324485896383072e+00
-1.328819757158471448e+00
2.549981282528577697e+00
-2.872244875469270875e-01
8.900943064126267679e-01
-2.216867204305241756e-01
-5.385390484295443647e-01
-6.078293253510214100e-01
-2.183153144485220354e-01
-3.866836425299383651e-01
-4.856077561533754583e+00
-1.195665834975755182e+00
-3.492974893066246311e-01
-3.574458200047727630e-01
-1.778999010030690719e-01
1.369464465729791636e-01
1.575242953192378170e+00
4.023162233415350508e-01
3.847816420339639887e+00
5.170889632463141483e-01
-1.284743611608780922e+00
4.999999999998101519e-01
9.003153403690447032e-01
8.783911206396537441e-01
-1.447604038516140168e+00
1.350709150449193929e+00
-3.313239205832976264e-01
1.147311565253495758e+00
2.727539060521641634e+00
-5.226965931475636706e-01
-1.210001729801424508e+00
-1.563476157218016027e+00
9.734832173186276361e-01
-2.648210898841535155e+00
-2.578611588711393843e+00
-1.348172310127034201e+00
-2.419274607660824472e+00
7.518432170665101388e-01
7.305565775558662267e-01
1.063170486893826761e+00
-1.360850318113663970e+00
1.699393455833697830e+00
2.789347698290942645e+00
-7.129246803107831543e-01
4.129418525764442238e-01
-9.350487530068803954e-01
4.266096908275718302e-01
2.541821954847198195e-01
2.117581321167533837e+00
7.046556137539322640e-01
-1.228933658051725608e+00
3.155828733731566693e+00
1.522384204405469621e+00
5.424744592208247118e-01
-1.503781872987244084e+00
-9.647021801413327990e-01
-1.573374813995463084e+00
-2.179889952297894951e+00
3.415135918057691233e-01
-3.479532737037520640e+00
-1.750217088052044900e+00
4.557784280256521048e-01
1.647803094115230627e+00
1.750373969253578577e-01
-8.428956609354805174e-01
1.621213681301079124e+00
-1.046371227343272814e+00
1.295629547101275758e+00
4.475412563742229843e-01
-1.369700957279357256e+00
-7.342330798484867360e-01
1.278768257917101359e+00
3.419522913364448691e+00
-4.294420576824709013e-01
1.817932847090593551e+00
1.371363042649448083e+00
7.477575205957204263e-01
1.441131944660889896e+00
-4.672882719703319587e-01
-1.589162437759895408e+00
-3.759245827100396120e+00
5.954504546233023721e-01
-8.520249021559426206e-01
-2.405744788426267267e+00
-6.013322322795487951e-01
-6.065305012024924114e-01
1.066452395277550425e+00
7.097019913616442466e-03
1.473212619518600386e+00
-2.021758542289673333e+00
-1.467647017870387094e+00
1.742641520700236590e+00
-5.058509259876207143e-01
-4.785425029390980578e-01
-9.251565997041614198e-01
2.172969587574276495e+00
1.218718265810879275e+00
2.457244063505573450e+00
2.879384132396445750e+00
-9.516202248629233029e-01
1.249643660111541266e+00
1.090218840917961618e+00
6.195724351764397841e-01
-2.914765918294704328e+00
-1.847015663758066806e+00
-2.660935821040633087e-01
-1.956007126635501026e+00
1.038164370606374121e+00
-9.232446603472885815e-01
-9.874414177523243019e-01
-5.781320686611515214e-01
1.615427632830902294e+00
3.761476799932365056e-01
-3.269153930302564959e+00
-1.143290396278368037e-01
-1.262777392100673080e+00
3.914916783240052212e-02
3.830727832787897413e-01
5.228100383164843157e-01
3.402839274561283434e-01
8.967971227767298492e-01
