5.000000000000000000e+00
7.067299807247439114e-01
5.702842456542988048e-01
1.297372387048043141e+00
1.923599251580100145e+00
-1.566203389889706810e-01
-1.167335303716080963e+00
6.541293401351614412e-01
-1.401206190215014802e+00
1.451629026293046021e+00
-4.115273867449671386e-01
-1.765982335220523947e-01
4.205271353452745831e-01
2.742077191194503882e+00
8.260885736133845025e-01
-1.897040922123845119e+00
2.061585672508503553e+00
1.999178715564341458e-01
-9.543119869985734471e-01
-2.956337633354415573e+00
-3.094021578161133545e-01
-1.758541793307673462e+00
-2.052252671629666736e+00
-9.301675396337403257e-01
-2.543078621829521158e+00
3.543746998883784416e-01
4.433410415592420328e-02
3.128427228195451715e-01
-2.350184368625808151e+00
1.417345772504826629e+00
1.067691093180869188e+00
-2.492431707196758328e+00
-1.495135940877150516e+00
-8.559166543312026754e-01
-1.505748594850339073e-01
-3.399858463581455936e+00
-4.305611886915010622e-01
-1.281742798326157118e+00
7.433617458979424608e-02
1.037047881167354024e+00
-9.030805094981514403e-02
6.759898517052187472e-01
1.436839652839932313e+00
3.493151763276296951e+00
-1.550872358440584131e+00
5.113901086426304587e-01
1.641433800427242851e+00
5.924289104260324068e-01
-1.448089797120772682e+00
-5.878457733632397320e-01
1.847858762962563128e+00
-6.004018111392747103e-01
1.862448397195198169e+00
3.430953039173215702e-01
1.857579427724538323e+00
2.349287741473895963e+00
2.763514393686762105e+00
5.365985407125279938e-01
-1.070984583563922010e-01
3.534043034268215422e+00
-5.302981690158030670e-01
-1.191460666401567892e+00
-1.128013923516346440e+00
1.404687233958509474e+00
-1.272254518706476212e+00
-1.221294266556117059e+00
7.506803626805154117e-01
-4.005586251322923452e-01
1.747119963270652443e+00
-8.302994508482375302e-03
3.848967328274293109e-01
-9.565334251306863989e-01
1.858631202059958021e+00
-8.549884537518837035e-01
-3.533457259849031473e+00
-6.467868068556785754e-01
-9.696769333167581939e-01
-1.789102955076572243e+00
-3.960836806849009406e+00
3.165419705601529854e-01
-1.023944301970293624e+00
-5.411032926889456363e-01
-8.894208321281790730e-02
-6.513350522262033593e-01
6.879864201865801832e-01
2.227643539568965325e-01
5.679054072718076052e-01
-3.299158762380005605e+00
4.392725856746314550e-01
4.783425455908396629e-02
-2.172600937743993210e+00
-2.330770726296769180e+00
7.413334603305532511e-02
1.389291238966700703e+00
-1.680896906712586292e+00
1.605998106470881925e+00
8.047442027967518507e-01
2.249700463509177073e+00
1.593950478920308278e+00
1.327587056861428971e+00
3.090169943749140335e-01
7.454342802347077024e-01
2.690441824766645063e+00
-2.114342714717547533e+00
-3.724982316202013477e-01
8.518198986497772518e-01
1.801651974162500558e+00
-1.196524790104134928e+00
6.910790175587272488e-01
3.071593290533879195e+00
9.667165447022580960e-01
2.310092720778026631e+00
6.070378370559353920e-01
1.798150318328206154e+00
4.387578909459892706e-01
1.628692652201285007e+00
-1.537264164428982616e+00
-1.985244094827465444e+00
1.278357174765623272e+00
-1.056085864198260449e+00
-1.778113330408508830e+00
-1.763896698293407450e+00
2.394289115730676709e+00
-7.637414188630572420e-01
-4.573045383451248558e-01
5.857864376268940854e-01
7.094135776296583984e-02
4.638259116913459046e-01
-1.249680361563300091e+00
-8.805009548841020717e-01
-3.212284550235827485e+00
3.137160413198232245e-01
-2.073650566486761271e+00
-3.550923884767622329e+00
-1.456243359761266065e+00
3.812001071229904614e-01
-2.846586315061812034e-01
-2.663194720179335562e+00
1.881519620990597552e+00
3.399492919366674526e-01
5.654513181631356522e-01
-5.014840543211338542e-01
-1.449968556400863529e-01
-4.279912100529852381e-01
-5.047985167216703095e-01
1.609570134121683926e-01
-3.374296493819173293e+00
5.403966051202797605e-01
8.458534672603632565e-01
3.065479415840725030e-01
-1.172288258377640169e+00
2.377284390660429292e+00
3.353576055406853218e+00
6.016055482062054871e-02
2.057927268140742338e+00
1.113541149607837344e+00
2.138675688122371632e+00
-7.826751263849240914e-03
8.396894172674450596e-01
-1.053902341418341049e+00
2.796983552359397218e-02
2.110097430659661377e+00
-1.199861098247585023e+00
6.357101807490694867e-02
1.398386545088170507e+00
3.621089352565782349e+00
-6.924410314602360561e-01
1.078716564335514771e+00
2.444565980951781015e+00
6.479103605070704042e-01
1.510785641123396639e-01
-1.234373284393442516e+00
-1.879358603271663597e-02
-2.007233001016881957e+00
3.776379865141655801e-01
-2.529464092627068172e+00
-2.002921228670716758e+00
7.163458305839063289e-01
3.708262801141786746e-01
-1.061893264588687824e+00
-1.560708114368237531e+00
2.838777127529875433e+00
-9.148171625703078735e-01
-1.151388138284905160e+00
-1.316052535766436549e+00
-6.711341252224359843e-01
-1.611075345028098349e+00
-2.329371922082690727e+00
-1.411560680956132297e+00
-3.286164299045589487e+00
8.408999372316032783e-01
-7.452183018483116150e-01
-1.167953008618830779e+00
-5.760600965135742602e-01
2.555028516098206026e+00
1.088478534584890633e+00
-1.894315424243904644e+00
1.641263046820677474e+00
2.929389087412201942e-01
2.083603280562459359e-01
-1.809016994374970100e+00
1.240724139638641477e-01
-7.837382217901364134e-01
2.566150557288395806e-01
1.241862236794886831e+00
-1.204089029439846303e+00
2.022932392178268479e+00
2.568411076415915595e+00
2.691585259254038576e+00
-7.351070522579684630e-01
2.813934675957891596e+00
2.896379171062795077e+00
-2.977142468162817246e-01
6.988625078547228142e-02
-3.425747207646789860e-02
1.173784272346424240e+00
-1.295699895944370184e+00
9.396485550222294370e-01
-9.644012886429522702e-01
8.722248112691695088e-01
2.390789223243412476e+00
4.385753731485724227e-01
1.547863937082666341e-01
9.587816230520397331e-01
3.329227159172024830e+00
-2.061481481074896038e+00
-8.423763939394043332e-01
-1.443105841625439423e-01
-5.992658162813484513e-01
-2.280257667883789807e+00
-2.271870435180324055e+00
-4.964701045800374857e-01
-2.074188291646079652e+00
9.360628427282506880e-01
-1.573618967117277556e+00
-6.835773820997347316e-01
4.964226321178704104e-01
1.387654260900392789e+00
-1.429557007673930347e+00
-2.532879340018417302e+00
1.456700668119904840e+00
-1.813792142756647241e+00
-2.247985095123742560e+00
-2.719313137703243122e+00
-7.003187476026206948e-02
-1.522557330396159703e+00
-9.178717424038849160e-01
2.019205356569055421e-01
-9.804056657297076649e-01
2.378483417439102965e+00
1.000000000000023981e+00
6.233458815608811099e-01
-8.326820020720444582e-01
2.843242369019602478e+00
6.431751984536275835e-01
-2.233899826059871252e+00
3.017317724149088942e-01
4.460595723706344273e-01
6.005540016998283104e-01
-1.538643067853125768e+00
1.858316385053590425e+00
6.466991964827848438e-01
2.212557642110912326e+00
2.412798714211318085e+00
6.661127247106084504e-01
1.945731982268328775e+00
2.243125382335023232e+00
2.366933389044453495e+00
-2.389034245524431110e+00
1.074212788469493862e+00
1.093277233533510362e+00
-8.065224624570037637e-01
-1.562864878758125631e+00
2.078686112673000519e-02
1.553681890764175844e+00
-8.406315515153259810e-01
1.702618560922513291e+00
-3.901132404063676340e-01
1.263869194151672426e+00
1.240475299881454552e+00
2.643826606160301074e-01
-1.828701775995242418e+00
-1.212537607953104501e+00
1.312043507715075386e+00
-3.596504450666393016e+00
-2.468287153015440438e+00
-1.465319856289538425e+00
1.422273568074470806e-01
-2.342223281214470987e+00
-1.098489798511521842e+00
5.672147519729787701e-01
-7.448356535977374016e-01
1.351894694700637611e+00
-1.121114323307435434e+00
-5.663524535108748204e-01
-1.062915000183392689e+00
9.739362892207699129e-01
-2.521946518865878062e+00
-3.239387421310488957e+00
5.875684077418515949e-01
-8.090169943748908299e-01
-1.218373293286885151e+00
-1.645397550617302862e+00
2.477117694932042369e+00
3.406879956391820619e-01
1.210174263870231970e+00
1.356852998379322051e+00
5.333471831295388821e-01
2.027225336062690175e+00
8.462316234768521017e-01
4.173519213258501948e-01
-2.138079113090070038e+00
2.264717537484346455e+00
4.009256851006466338e-01
-1.396906607230713693e+00
1.958230482793258953e-01
2.240240445934248203e+00
2.205991715695131195e+00
-3.160776197724001202e-01
3.098078555122051991e+00
1.263558835677529579e+00
2.333957686942350396e+00
1.063105181156012158e+00
1.218209912051152061e-01
-4.161720016468897221e-01
3.538935880422209301e-01
9.162702218073673910e-01
-3.546414669375936413e+00
3.121679061274873490e-02
7.243496179733835971e-01
3.977918713135223383e-01
-1.727414251443475823e+00
9.259293520979176018e-01
1.907047028561700941e+00
-7.341902362451760977e-01
7.181555971671003125e-01
-1.444161362002198246e+00
-2.164264431311281323e-01
-1.391866686844411838e+00
-8.573365355135750265e-01
-3.661809846821381331e+00
-2.219219454084583543e+00
7.258284006454112092e-01
-2.505969783424548680e+00
-1.779506726509259007e+00
-5.800037616637829796e-01
2.270086508245930279e+00
-1.469876260976897164e+00
-1.486124560920509818e-01
5.565987798625610106e-01
-4.457457303722900388e-01
1.032156746882767484e-01
-1.689977621410295061e+00
-1.054429742133811354e+00
-2.071613702319023531e+00
1.420759225903089007e+00
-1.716402735245556865e+00
-1.565272112910822688e+00
1.631428262227685222e+00
2.095569439369737275e+00
7.855463249909632184e-01
-2.680101577335770591e-01
3.868041541801009231e+00
8.945751937846161406e-01
1.217475433132515050e+00
2.176962377594063858e-01
3.603115819140471077e-01
4.029805676693656857e-01
3.478375665693329566e-01
3.955169509246454496e-01
-1.983959154147896697e+00
2.818739801720731020e+00
1.599410647369728267e+00
5.469924462237673035e-01
3.494062988971238792e-01
3.414213562372943489e+00
2.303299709858513733e+00
-8.894876929587952619e-01
1.507986965329946027e+00
-2.723096969499175790e-01
4.562022705394923605e-01
-1.500038146426020180e+00
-7.766677087301907534e-01
-2.059782266068244549e+00
-1.098287761569022303e-01
8.972183890878853152e-01
-2.555711133365467624e+00
2.051922988483159127e-01
1.143786568602450426e+00
1.462155240763086006e+00
-2.531593411233933999e+00
2.709551611184006226e-01
4.439476028260336271e-01
-1.888546274928650792e+00
-1.631233293899654546e+00
-2.647415361342490225e+00
-1.153991754980927098e+00
-2.346434199127505060e+00
-7.887231014518891747e-02
-2.846436109125306313e+00
-6.909830056250465535e-01
1.807273386380608748e+00
-6.126224600227492267e-04
-8.488162904702191147e-01
-1.171543091500946154e-01
2.919646195186462290e+00
-1.779392310660888210e+00
-7.579340451088898423e-01
-5.663736632461797704e-01
-2.422588333051287901e-01
-7.117138152106898819e-01
-8.957718792582688438e-01
1.449612238246938967e-01
-6.877838187458502617e-01
3.374955376856597411e+00
4.971723859121485178e-01
6.599955353590698515e-01
2.071603977774462368e+00
3.610198146942236619e+00
7.453738409815031662e-01
-9.768812215988564862e-01
2.654169381697813801e+00
1.865303247751770588e-02
1.445277789564893833e-01
-1.086527018530331512e+00
8.223573114407103368e-01
7.099800437199699221e-02
1.291708416136150284e+00
1.368833123570437627e+00
-7.214546219484058165e-01
3.037059932034774423e+00
1.945474500345242719e+00
7.769206850022272182e-01
-1.561843320401980151e+00
2.056323276148542600e+00
2.446502553559672388e-01
-2.681723421647241423e+00
-1.064057674433690703e+00
-1.312959610469056626e+00
-3.462558140752493019e-01
-2.179908777684780752e+00
9.613519310012985652e-02
-1.659972237211509327e+00
7.992602386015341676e-01
1.198631280324374160e+00
-1.523133153757297631e+00
-7.098756238452199607e-01
1.999197412303148624e-01
7.648970288540879459e-01
-4.271137709424508877e+00
-1.229824774212759930e+00
-8.860907918682013884e-01
-1.727007406291546143e+00
-2.256858017080433765e+00
-1.396544640604859833e+00
3.036588328373956980e-01
-7.809409228708681372e-01
1.951302880394544914e+00
-1.074287088348817365e+00
7.253035419906730397e-01
1.768340312620454213e+00
1.062148713495880248e+00
-1.574196652740827762e+00
-9.378647848594392489e-01
2.334961787504246544e+00
-1.823793420002199461e+00
-8.033721490090512951e-01
-3.224979077062124500e-01
1.789635496642661971e+00
3.477884161626104698e-01
1.336318712561280764e+00
1.919207224498575393e+00
9.226972476485182373e-01
3.916790350309864444e+00
9.925637895146564027e-01
5.477383327020028947e-01
1.405349123861827643e-01
2.821136623140962474e+00
-7.604266841890200412e-01
-2.127078259090908752e+00
1.274116136085226003e+00
3.278123777604708966e-01
3.392001361724359398e-01
-8.814560763565724155e-01
2.205541748974643834e+00
4.210070985776577235e-01
1.855563165302176021e+00
9.578554021439289468e-01
-9.688046790002318165e-01
8.786419362643013153e-01
2.213177197431175358e-01
-8.422185341160473016e-01
-4.144332394355242144e+00
3.950006913153959465e-01
-9.112556123182371515e-01
-2.605077268807558077e+00
-1.746870256036690661e+00
-9.052892485760094532e-02
6.003926682406983684e-01
-1.442216451551332046e+00
1.000000000000000000e+00
-1.442216451551262768e+00
6.003926682405870130e-01
-9.052892485759950203e-02
-1.746870256036440860e+00
-2.605077268807692636e+00
-9.112556123184405443e-01
3.950006913156023369e-01
-4.144332394355111582e+00
-8.422185341163362926e-01
2.213177197430481469e-01
8.786419362645112585e-01
-9.688046790003365105e-01
9.578554021438214772e-01
1.855563165302237083e+00
4.210070985776365182e-01
2.205541748974601202e+00
-8.814560763564196488e-01
3.392001361723741004e-01
3.278123777602794942e-01
1.274116136085439166e+00
-2.127078259090795065e+00
-7.604266841892942663e-01
2.821136623140883870e+00
1.405349123864546579e-01
5.477383327019164083e-01
9.925637895144434619e-01
3.916790350309985236e+00
9.226972476485755248e-01
1.919207224498511222e+00
1.336318712561340938e+00
3.477884161626508819e-01
1.789635496642441037e+00
-3.224979077061692623e-01
-8.033721490090285355e-01
-1.823793420002292276e+00
2.334961787504359343e+00
-9.378647848594401371e-01
-1.574196652740792013e+00
1.062148713495513652e+00
1.768340312620753085e+00
7.253035419906782577e-01
-1.074287088348793606e+00
1.951302880394418349e+00
-7.809409228708616979e-01
3.036588328374736356e-01
-1.396544640604894472e+00
-2.256858017080232148e+00
-1.727007406291882541e+00
-8.860907918679653550e-01
-1.229824774212738614e+00
-4.271137709424492002e+00
7.648970288541649953e-01
1.999197412303329591e-01
-7.098756238451672251e-01
-1.523133153757622704e+00
1.198631280324280013e+00
7.992602386014555638e-01
-1.659972237211396529e+00
9.613519310007678786e-02
-2.179908777684683052e+00
-3.462558140752137747e-01
-1.312959610469368599e+00
-1.064057674433549927e+00
-2.681723421647197458e+00
2.446502553557107773e-01
2.056323276148854351e+00
-1.561843320401699042e+00
7.769206850018561816e-01
1.945474500345002244e+00
3.037059932035079068e+00
-7.214546219483889411e-01
1.368833123570016852e+00
1.291708416136207571e+00
7.099800437186271074e-02
8.223573114407394247e-01
-1.086527018530214939e+00
1.445277789565814208e-01
1.865303247718819168e-02
2.654169381697932373e+00
-9.768812215982799474e-01
7.453738409808742249e-01
3.610198146942218855e+00
2.071603977774765237e+00
6.599955353593103258e-01
4.971723859115635413e-01
3.374955376856714206e+00
-6.877838187455103114e-01
1.449612238247175444e-01
-8.957718792579744127e-01
-7.117138152108348770e-01
-2.422588333053035670e-01
-5.663736632461870979e-01
-7.579340451086633568e-01
-1.779392310661126464e+00
2.919646195186341497e+00
-1.171543091498215006e-01
-8.488162904701900269e-01
-6.126224604181551570e-04
1.807273386380730873e+00
-6.909830056248282837e-01
-2.846436109125406677e+00
-7.887231014527451567e-02
-2.346434199127265696e+00
-1.153991754980959072e+00
-2.647415361342526197e+00
-1.631233293899653880e+00
-1.888546274928826207e+00
4.439476028259294327e-01
2.709551611185987419e-01
-2.531593411233911795e+00
1.462155240762899489e+00
1.143786568602563669e+00
2.051922988485830324e-01
-2.555711133365641707e+00
8.972183890877891699e-01
-1.098287761566304616e-01
-2.059782266068254319e+00
-7.766677087303311966e-01
-1.500038146425962893e+00
4.562022705394390698e-01
-2.723096969501532794e-01
1.507986965330081697e+00
-8.894876929588034775e-01
2.303299709858380062e+00
3.414213562372996336e+00
3.494062988975050743e-01
5.469924462235795648e-01
1.599410647369558180e+00
2.818739801720865135e+00
-1.983959154147829196e+00
3.955169509244636505e-01
3.478375665693470564e-01
4.029805676693117844e-01
3.603115819140482179e-01
2.176962377595918485e-01
1.217475433132613860e+00
8.945751937844446111e-01
3.868041541801084282e+00
-2.680101577332297813e-01
7.855463249909062640e-01
2.095569439369651565e+00
1.631428262227985648e+00
-1.565272112910848445e+00
-1.716402735245885047e+00
1.420759225903106548e+00
-2.071613702318841899e+00
-1.054429742133789816e+00
-1.689977621410424291e+00
1.032156746882773035e-01
-4.457457303723930675e-01
5.565987798624610905e-01
-1.486124560920161763e-01
-1.469876260976920479e+00
2.270086508245810375e+00
-5.800037616635267401e-01
-1.779506726509147763e+00
-2.505969783424875530e+00
7.258284006456361404e-01
-2.219219454084660370e+00
-3.661809846821310277e+00
-8.573365355137603228e-01
-1.391866686844170253e+00
-2.164264431311772041e-01
-1.444161362002213789e+00
7.181555971671366168e-01
-7.341902362453134323e-01
1.907047028561622115e+00
9.259293520978529868e-01
-1.727414251443220028e+00
3.977918713133973272e-01
7.243496179734637552e-01
3.121679061278337386e-02
-3.546414669376012796e+00
9.162702218074796345e-01
3.538935880422797720e-01
-4.161720016466067262e-01
1.218209912050315508e-01
1.063105181156191570e+00
2.333957686942174981e+00
1.263558835677434100e+00
3.098078555122087963e+00
-3.160776197724651793e-01
2.205991715695242661e+00
2.240240445933941338e+00
1.958230482796324001e-01
-1.396906607230894215e+00
4.009256851007421130e-01
2.264717537484604915e+00
-2.138079113089807137e+00
4.173519213254516247e-01
8.462316234767619516e-01
2.027225336062737693e+00
5.333471831297214028e-01
1.356852998379301178e+00
1.210174263870646083e+00
3.406879956389772257e-01
2.477117694932167602e+00
-1.645397550616778171e+00
-1.218373293286983960e+00
-8.090169943751075454e-01
5.875684077421495788e-01
-3.239387421310028436e+00
-2.521946518866676090e+00
9.739362892206255840e-01
-1.062915000183144443e+00
-5.663524535109139002e-01
-1.121114323307672578e+00
1.351894694700751742e+00
-7.448356535976886628e-01
5.672147519727319676e-01
-1.098489798511244731e+00
-2.342223281214607766e+00
1.422273568073177952e-01
-1.465319856289248879e+00
-2.468287153015178426e+00
-3.596504450667003194e+00
1.312043507714800938e+00
-1.212537607952620666e+00
-1.828701775995354772e+00
2.643826606157757553e-01
1.240475299881678595e+00
1.263869194151728603e+00
-3.901132404065011938e-01
1.702618560922516178e+00
-8.406315515154444418e-01
1.553681890763974671e+00
2.078686112689509535e-02
-1.562864878758088549e+00
-8.065224624572931988e-01
1.093277233533452186e+00
1.074212788469755875e+00
-2.389034245524490618e+00
2.366933389044266089e+00
2.243125382335015683e+00
1.945731982268516624e+00
6.661127247105491644e-01
2.412798714211245699e+00
2.212557642110825729e+00
6.466991964827134565e-01
1.858316385053818021e+00
-1.538643067853037172e+00
6.005540016998023312e-01
4.460595723706646254e-01
3.017317724152798752e-01
-2.233899826059901894e+00
6.431751984532276811e-01
2.843242369019455040e+00
-8.326820020717423665e-01
6.233458815606714998e-01
9.999999999998712141e-01
2.378483417439283265e+00
-9.804056657295192601e-01
2.019205356566363130e-01
-9.178717424037864392e-01
-1.522557330396150155e+00
-7.003187476023831071e-02
-2.719313137702912275e+00
-2.247985095123737231e+00
-1.813792142756914139e+00
1.456700668120102016e+00
-2.532879340018271197e+00
-1.429557007674329139e+00
1.387654260900371472e+00
4.964226321182739210e-01
-6.835773820997894656e-01
-1.573618967117492273e+00
9.360628427284107822e-01
-2.074188291646081428e+00
-4.964701045801063195e-01
-2.271870435180515901e+00
-2.280257667883559769e+00
-5.992658162815851508e-01
-1.443105841622566166e-01
-8.423763939393976719e-01
-2.061481481075212230e+00
3.329227159171802342e+00
9.587816230520479488e-01
1.547863937082682995e-01
4.385753731486541351e-01
2.390789223243832140e+00
8.722248112691655120e-01
-9.644012886431019282e-01
9.396485550221043148e-01
-1.295699895944427471e+00
1.173784272346305002e+00
-3.425747207654994408e-02
6.988625078561649939e-02
-2.977142468165074884e-01
2.896379171062492208e+00
2.813934675957912912e+00
-7.351070522579302713e-01
2.691585259253956863e+00
2.568411076415924477e+00
2.022932392178510508e+00
-1.204089029439827430e+00
1.241862236795025831e+00
2.566150557285925005e-01
-7.837382217901285308e-01
1.240724139635684953e-01
-1.809016994374856857e+00
2.083603280562495996e-01
2.929389087412180848e-01
1.641263046820859772e+00
-1.894315424243970591e+00
1.088478534584841562e+00
2.555028516097972879e+00
-5.760600965132114393e-01
-1.167953008618918487e+00
-7.452183018482573251e-01
8.408999372315864029e-01
-3.286164299045470027e+00
-1.411560680956048586e+00
-2.329371922082386082e+00
-1.611075345028451844e+00
-6.711341252224184428e-01
-1.316052535766425002e+00
-1.151388138284608953e+00
-9.148171625708101384e-01
2.838777127529995337e+00
-1.560708114367721944e+00
-1.061893264588937846e+00
3.708262801139324272e-01
7.163458305839622842e-01
-2.002921228670621279e+00
-2.529464092627348837e+00
3.776379865143147940e-01
-2.007233001016822449e+00
-1.879358603276659601e-02
-1.234373284393359693e+00
1.510785641122202039e-01
6.479103605066829363e-01
2.444565980951792117e+00
1.078716564335906236e+00
-6.924410314602823524e-01
3.621089352565483477e+00
1.398386545088424082e+00
6.357101807510212588e-02
-1.199861098247871904e+00
2.110097430659513051e+00
2.796983552417528496e-02
-1.053902341418358812e+00
8.396894172674118639e-01
-7.826751264126796670e-03
2.138675688122255281e+00
1.113541149607728542e+00
2.057927268140884447e+00
6.016055482046700487e-02
3.353576055406472189e+00
2.377284390660899582e+00
-1.172288258377311543e+00
3.065479415837386035e-01
8.458534672602152638e-01
5.403966051208095589e-01
-3.374296493819192388e+00
1.609570134118263329e-01
-5.047985167213001612e-01
-4.279912100529233987e-01
-1.449968556401753927e-01
-5.014840543211844803e-01
5.654513181629908791e-01
3.399492919366421395e-01
1.881519620990785402e+00
-2.663194720179240527e+00
-2.846586315064492112e-01
3.812001071229954574e-01
-1.456243359760976297e+00
-3.550923884767824390e+00
-2.073650566486921587e+00
3.137160413200473785e-01
-3.212284550235732894e+00
-8.805009548843460987e-01
-1.249680361563187292e+00
4.638259116915397495e-01
7.094135776290266815e-02
5.857864376268829831e-01
-4.573045383452448154e-01
-7.637414188632651868e-01
2.394289115730696693e+00
-1.763896698293141663e+00
-1.778113330408527482e+00
-1.056085864198468949e+00
1.278357174765632598e+00
-1.985244094827558925e+00
-1.537264164428949309e+00
1.628692652201340074e+00
4.387578909462934718e-01
1.798150318328182617e+00
6.070378370559521564e-01
2.310092720778201159e+00
9.667165447020045210e-01
3.071593290533880083e+00
6.910790175589510698e-01
-1.196524790104005032e+00
1.801651974162218117e+00
8.518198986498171088e-01
-3.724982316200861066e-01
-2.114342714717664329e+00
2.690441824766504286e+00
7.454342802347538877e-01
3.090169943751083781e-01
1.327587056861403880e+00
1.593950478920445279e+00
2.249700463509089587e+00
8.047442027965827638e-01
1.605998106470954534e+00
-1.680896906712651795e+00
1.389291238966504416e+00
7.413334603322596639e-02
-2.330770726296404582e+00
-2.172600937744217031e+00
4.783425455898548950e-02
4.392725856748089241e-01
-3.299158762379907017e+00
5.679054072716296364e-01
2.227643539568576747e-01
6.879864201867522677e-01
-6.513350522264220732e-01
-8.894208321284419183e-02
-5.411032926891495842e-01
-1.023944301970237225e+00
3.165419705601859590e-01
-3.960836806848858416e+00
-1.789102955076700141e+00
-9.696769333167871707e-01
-6.467868068551017036e-01
-3.533457259849146048e+00
-8.549884537518872563e-01
1.858631202059735532e+00
-9.565334251305562807e-01
3.848967328272195898e-01
-8.302994508472827384e-03
1.747119963270780563e+00
-4.005586251323879354e-01
7.506803626804406937e-01
-1.221294266556346431e+00
-1.272254518706443571e+00
1.404687233958493486e+00
-1.128013923516115291e+00
-1.191460666401486401e+00
-5.302981690163666162e-01
3.534043034268274930e+00
-1.070984583559309034e-01
5.365985407120476003e-01
2.763514393686468562e+00
2.349287741474014979e+00
1.857579427724907806e+00
3.430953039172428554e-01
1.862448397195522132e+00
-6.004018111392214196e-01
1.847858762962470536e+00
-5.878457733629532944e-01
-1.448089797120989397e+00
5.924289104254490956e-01
1.641433800427336109e+00
5.113901086431160703e-01
-1.550872358440944510e+00
3.493151763275904820e+00
1.436839652840382175e+00
6.759898517050608735e-01
-9.030805095003047178e-02
1.037047881167350027e+00
7.433617459016289564e-02
-1.281742798326203081e+00
-4.305611886913301989e-01
-3.399858463581491463e+00
-1.505748594853700828e-01
-8.559166543310969821e-01
-1.495135940876915592e+00
-2.492431707196811619e+00
1.067691093180634931e+00
1.417345772505214541e+00
-2.350184368625899189e+00
3.128427228192552922e-01
4.433410415595184784e-02
3.543746998884663713e-01
-2.543078621829748531e+00
-9.301675396337665269e-01
-2.052252671629504643e+00
-1.758541793307570211e+00
-3.094021578161192387e-01
-2.956337633354238825e+00
-9.543119869988196946e-01
1.999178715562516251e-01
2.061585672508579936e+00
-1.897040922123605533e+00
8.260885736131797774e-01
2.742077191194518981e+00
4.205271353453412519e-01
-1.765982335223430510e-01
-4.115273867451233469e-01
1.451629026293137947e+00
-1.401206190215004588e+00
6.541293401353047710e-01
-1.167335303715910655e+00
-1.566203389891779318e-01
1.923599251579811709e+00
1.297372387048115083e+00
5.702842456545585970e-01
7.067299807244745713e-01
