5.000000000000000000e+00
1.169355680136881848e+00
2.953149065104468951e-01
1.248041312477206954e+00
1.741884540328726416e-01
1.107535871117941717e+00
5.388159107740153608e-03
6.901103274881614791e-01
-1.179146314105665727e+00
-1.196143411936871681e+00
3.653473074339828486e+00
1.458267272683461790e+00
8.472751648459400098e-01
1.643344227677080216e+00
4.897971379445559270e-01
1.482359860131988061e+00
6.258938706044782085e-01
1.444541337333023812e+00
-1.304858484417436459e+00
-3.223043968422207861e+00
1.188816729585128851e+00
-9.350651674482224340e-02
-3.273128772746748405e-01
6.048903894640412782e-01
-4.855028411642614561e-01
6.642764031001641145e-01
4.872665702694428669e-01
2.526136453280158900e+00
1.928482955912822483e-01
-3.216334455247415569e+00
5.625141932069255279e-02
-1.172171237263452959e+00
-1.474346105015246433e+00
-6.496143967691878629e-01
-2.053694300043187315e+00
-1.413258211048564306e+00
-1.538183507302242958e+00
1.918655775023809795e+00
1.259943401052050937e+00
-2.318952487003973495e+00
3.114873963263130596e-01
-8.688616441600647278e-01
-1.200140151966942126e+00
-3.157958957069659789e-01
-1.992929391266895500e+00
-2.431602055810762941e+00
-3.802060380611580026e+00
-1.136415367411602734e-01
8.048114372509374004e-01
-2.245292167089053326e+00
3.090169943749520032e-01
-5.471360914728309321e-01
-5.890625701680118897e-01
9.966184852235682179e-01
1.990502921410275405e-02
-8.211722401510540559e-01
-3.850850353376132684e+00
-1.203477877313453570e+00
3.082435941600453200e-01
-2.498424125538806440e+00
-1.564203957122470845e-01
-9.976262645252690353e-01
-1.130043452285418581e+00
1.117796694733953711e+00
1.657779731387580835e+00
1.854610270868477739e+00
-1.867998720527705547e+00
-3.687814328027980704e-01
1.235607639449541217e+00
-1.565657214603821235e+00
4.100226052949506039e-01
-8.369421549727020793e-01
-1.977195898127339202e+00
-2.606889412880092349e-01
1.217005092737079019e+00
3.050816264970273917e+00
-2.707216170491600904e-01
6.750779150744041779e-01
2.548478751384649854e+00
6.578421524754174410e-02
2.210869696558151798e+00
1.066483786216214869e+00
-1.179074836322550723e+00
-1.094763109102659282e+00
-1.364856111196407484e-01
2.621891043052687831e+00
-1.785249672720145564e-01
3.523114393557660318e-01
2.391720192309226167e+00
2.582920658032245020e-01
3.073352045539909927e+00
3.152738293801687686e+00
1.012537732464235729e+00
-2.326785177745801514e-01
-5.370694066959715851e-01
2.309438951619592117e+00
-3.003034595759203618e-01
-4.422335525186896765e-01
1.176599106007962359e+00
-1.422587439280751376e+00
1.427050983124854344e+00
2.974916060972948806e+00
2.166188181470039442e+00
8.141611534168191611e-01
-3.544732602542179922e-01
2.533879103427051138e+00
3.056844556020910098e-01
-1.998078250203071948e-01
9.762061946116645794e-01
-2.769924227814248407e+00
-1.212659327556560696e+00
6.854046073088311264e-01
1.161532653877052734e+00
3.802110945295706923e-01
-1.190597556374426436e+00
1.877904540747836748e+00
4.221926145614155468e-01
3.879628495482003725e-01
2.160473122842511806e+00
-2.085884092406652179e+00
-2.256125841095113937e+00
-1.203192700356609635e+00
-2.957867719892069425e-01
-6.742864923852279757e-01
-2.780739790647987597e+00
-2.031708135064036469e-14
-1.098571395683262786e+00
-5.583419812530781012e-01
2.739502586882852420e+00
-5.412900571404845040e-01
-1.504747143991377545e+00
-1.382474432656557450e+00
-4.302994614848911215e-01
-4.387055122152081488e-01
-3.076846267590963357e+00
-1.076922816300923458e+00
-2.813793840756008358e+00
-2.819632066460832309e+00
1.535623653941350586e+00
-1.139850335398503445e-01
-8.104082687894201831e-01
-1.092281788425224054e+00
6.370040310604518918e-02
8.824150123486125263e-01
-1.525225129548323677e+00
2.312180872082650884e-01
-2.308952233664019804e+00
-3.945186677915140550e+00
9.621242239912597416e-02
-5.243917206732546799e-01
-8.090169943749982995e-01
-1.444467036900317192e+00
-3.401487943400847147e-01
1.314656348970424160e+00
-1.995334312529741805e-01
2.493812814484969387e+00
2.960896982209042516e-01
-2.721183819107536372e+00
2.695087396188470263e-01
-5.599935820802770525e-02
-1.546146965110128946e-01
-1.403436559011585594e+00
-1.111094863647466013e+00
4.104361661461206623e-01
-7.958711265907537635e-01
3.118677908607354166e+00
2.424467142510282613e+00
-8.682786590410076499e-01
1.349704446576868611e+00
1.265903353787851682e+00
1.646314130064593151e+00
1.916089129868368823e-01
-4.425594734254697515e-01
7.849699338589655184e-02
-2.171903205830976180e+00
1.875245760385233940e+00
2.619605801299301095e+00
-3.673299514294717794e-01
1.347478241645702735e+00
1.490784253726497033e+00
2.734922634401425690e+00
2.025892021233711038e+00
1.500887887103429685e+00
1.509935873230151993e+00
-2.285231568341135500e+00
7.184094342224929264e-01
2.102644503398920062e+00
-7.203680513035184418e-01
2.380447376183854047e-01
-5.972713880467184211e-02
1.513640974695333208e+00
1.724646763520982562e+00
2.288891893359053853e+00
3.139606149483548769e+00
-1.361952006983261576e+00
4.771267514984336433e-01
2.177919602338054705e+00
-3.708734243685939957e-01
-1.175221831712944809e-01
-1.456658268558204128e+00
-6.909830056251085040e-01
-6.427152084597897996e-01
6.458672419558804112e-01
2.975490723868011944e+00
-1.249151862664823698e+00
-1.487553773044304473e-01
2.005248633061654573e+00
3.311515458768595765e-01
8.087595527400071038e-01
-1.002737690175633523e+00
-1.304691199276705849e+00
-2.477633491910766761e+00
-1.687823043155956659e+00
1.607660893002213820e+00
-2.162612788758627058e+00
-1.831566060155392694e+00
4.107130077255150558e-01
-3.337155449584833233e-01
1.202115197384525658e+00
2.150709744041937599e-01
-6.155393280652912691e-02
-2.219489535271709890e+00
-2.543876798179675713e+00
1.133449040326755863e+00
-2.241003918036574838e+00
-2.900344380600050620e+00
-1.433375555947202562e+00
-2.261386662060135500e+00
-1.427386566624143649e-01
1.241649635290967835e-01
1.011919668296981101e+00
-1.097080980292717944e+00
-2.250316755640784816e+00
1.828162621984112945e+00
-6.615335714136206802e-01
-1.752384582110456446e+00
-1.204094298919739847e+00
-3.062358313821492040e+00
-1.670901719474077840e+00
-1.086642034839520932e+00
9.355370037448496046e-01
-6.153790584593277213e-01
-2.422984892612995100e+00
1.953593205082607920e+00
8.153794745879927586e-01
4.008478661823264844e-01
1.089568584728317413e+00
-1.409076735155332383e+00
-1.288865079677601333e+00
-1.449448239258608329e+00
9.999999999999500400e-01
-1.256145475076702045e-01
-2.923013587801666535e+00
8.927746327440687635e-01
5.009345575093951952e-01
1.015502188516702375e+00
2.856911572195946381e+00
9.564480046574941330e-01
4.960222522228218134e-01
-5.322406033760171962e-01
2.084803944183734714e+00
1.576090888288301795e+00
-2.139138950587088583e+00
3.477687870719007313e-01
-5.859081712258566998e-01
-2.191171547394224484e-01
2.458173011757446069e+00
1.716346293073296447e+00
1.464091795718620803e+00
-1.375782562184614255e-01
2.725827702625783111e+00
3.488157789443343759e+00
-1.143934125087983089e-01
1.531540116271944196e+00
-3.602680589039333192e-01
-1.237836629490157492e+00
1.131121181955188293e+00
1.067720906239126633e+00
1.089363539603349862e+00
-1.267432777551372958e+00
1.316296798109898747e+00
3.363470831445637632e+00
8.180265460862614635e-01
2.917149687947856673e+00
1.027971490716841796e+00
-9.452288123011092225e-01
5.617505681027512576e-01
7.176207781910192152e-01
9.996206035300768677e-01
-2.362639812024343033e+00
-1.065821868237219139e+00
1.152338969487425535e+00
-7.157163664245879131e-01
2.336975302528628617e+00
1.516686216415068955e+00
-6.439160712266083220e-01
2.634485692909203092e-01
7.626237105558891782e-01
1.928499625439601406e+00
-1.757886709361075717e+00
-1.927050983124989347e+00
-5.791883511675722795e-01
-2.991595804880772036e+00
2.283452440295806740e-01
4.941298444217552266e-01
-1.426163196298221747e+00
-1.032783943460122256e+00
-2.903326859163143370e-01
2.320931474470236289e+00
-3.955104592679872799e-01
-9.112639816781378244e-01
-1.230038870155568675e-01
-3.576485004272801582e+00
-1.076743994222499223e+00
-2.629405965346358620e-01
-2.027719870924557632e+00
-2.534688223431289522e+00
-2.471997563631851413e+00
9.760720334121514297e-01
-3.580100150859914510e-01
-1.008653513576532879e-01
1.287235839220918443e+00
-2.564207887414076570e+00
-8.255831357453840003e-01
4.538677761778141528e-01
-8.147482874705399558e-01
-2.099273669915826535e+00
-3.532696415563076009e+00
-6.121774649338680430e-01
-1.538030497642757233e+00
-6.862874299960786129e-01
1.815731879043807506e+00
-1.765151065036175249e+00
-5.665421912089185774e-01
1.304583991564997270e+00
1.306299295836910179e+00
3.789534790949367071e-01
-2.069564834458898162e+00
-2.164029015373594156e-01
-1.804685328624975771e+00
-1.351849325527559209e+00
1.820709154639466698e+00
-1.510600926991967352e+00
-1.187586693026767559e+00
6.447235527251559128e-01
1.927628270859087056e+00
2.375733486881883572e+00
2.185303953254776888e-01
1.797069036105533923e+00
-3.960109562179082165e-01
-8.090169943750599169e-01
2.666072268714342108e+00
-4.106775759646461577e-01
-1.316838881248567183e+00
-6.861151785040302542e-01
6.595651284514297830e-01
2.126677048009505633e+00
8.025973124226486455e-01
3.006643510243451445e+00
9.189475705195920829e-01
-1.480899260296321129e-01
3.793158569431059668e+00
1.672691861312489703e+00
2.180684881367604966e-01
-6.387230690878669126e-01
-4.084226177421300674e-01
8.510618679612125259e-01
-3.178916650579338699e-01
2.464884311104926784e+00
7.198621124496682455e-01
-1.064187250916794447e+00
3.172125262470057994e+00
2.615748163834429540e+00
1.967549053978981721e+00
7.103825440304726291e-01
-4.241051954068097984e-14
5.097352103338081974e-01
-1.238890031672000402e+00
1.671233454781173577e+00
1.337190783483542811e-01
-2.862504512807815704e+00
6.244318501420771383e-01
1.014188776657592772e+00
1.666039852373979002e+00
1.171481164795312946e+00
5.658990281239326681e-01
8.519298527985743608e-01
-1.416280005504703565e+00
1.695378075173666232e+00
8.081915416454212853e-01
-3.251065587437845128e+00
-1.403094166906828644e+00
-1.458408076516161778e+00
-3.842556467155828215e-01
-1.556580766347729350e-01
-1.705976770286483646e-01
4.091758921317300013e-01
-2.167114218307535367e+00
1.367457351308721814e+00
2.048000586619779462e+00
-1.809016994375057141e+00
-1.117982789738711791e+00
-2.191117316603690135e+00
-1.685544393669107910e+00
-1.512132085837637030e+00
-1.265309568283481179e+00
-4.930267085512373137e-01
-3.776612376132975069e+00
-4.600970554774685417e-01
1.877328505498663258e+00
-6.113572623206229295e-01
2.709018163866019346e-01
-1.092874934482079841e+00
-1.114357063871050046e+00
-1.281758705383160279e+00
-9.351022623232340125e-01
7.714352521589162848e-02
-4.286801517978624076e+00
-2.412333376728144962e+00
3.576491226424875491e-01
-9.996809183723966985e-01
6.884927199416229771e-01
-1.475220209725234266e-01
-1.321194466892962882e-01
-4.028342524320238094e-01
3.608222171143938839e-01
2.407629647478406909e+00
-2.310795838584766670e+00
-2.223298329337997981e+00
-2.715646837384805279e-01
-1.650297966765647883e+00
2.834867513187591115e-01
-8.992589702578912547e-02
7.622098883901751165e-03
-5.603011390146092063e-01
4.553875022936338945e-01
4.176872001900673759e+00
5.151978845147051622e-01
-1.506386792431646249e-01
1.015872511424131819e+00
-9.443197775307530240e-01
6.212924903081540329e-01
3.469727947175950122e-01
2.807891973091020121e-01
-1.245216829551401450e+00
-1.122623753308109595e+00
3.598140405640438466e+00
1.524900804174488922e+00
1.234880012731309540e+00
2.473135174533599212e+00
3.090169943749272452e-01
1.593153315871761677e+00
1.618794699464932929e+00
1.837263164621922851e+00
-5.876208399412894412e-01
-2.353176306433167664e+00
1.874440358003456986e+00
5.522015533342858884e-01
6.426346775027862446e-01
2.302237362700510825e+00
2.338740458454560134e-01
1.340205738401799129e+00
1.949961650468650998e+00
3.423631419113809748e+00
1.362968801499229166e+00
-1.864869595665087365e+00
1.182087984796409641e+00
-3.423171568463047043e-01
-5.042489086471371174e-01
1.269978024435182817e+00
-9.448157339333400628e-01
-5.718950796874696652e-01
-3.573581131292957735e-02
2.820187221832003654e+00
2.341108031765958941e+00
-9.982313480096716152e-01
1.466472449564238056e+00
-2.429291931828438389e-01
-7.778476315848905642e-01
1.117605423439592904e+00
-1.170175302215202828e+00
-1.986060510169127991e+00
-2.775496866018247744e+00
2.616481352383409065e-01
1.221009729272890976e+00
-1.526846900574939880e+00
1.070312552078271917e+00
-3.733993178537336477e-01
-9.763884454436133620e-01
1.541947025928014581e+00
1.163931319317297319e-01
-1.139642576206720825e+00
-3.593959035121353285e+00
-1.614156273817500598e+00
-2.525173218606875380e-01
-2.773238787521995707e+00
-1.028016938824948268e-01
-1.362896555483530170e+00
-2.279691108036993707e+00
7.847464388367464405e-01
1.000000000000000000e+00
7.847464388366276467e-01
-2.279691108036822289e+00
-1.362896555483673833e+00
-1.028016938823054227e-01
-2.773238787521955295e+00
-2.525173218608462999e-01
-1.614156273817360709e+00
-3.593959035121546908e+00
-1.139642576206632008e+00
1.163931319317252910e-01
1.541947025927859150e+00
-9.763884454434932358e-01
-3.733993178539402602e-01
1.070312552078421131e+00
-1.526846900574859944e+00
1.221009729272771516e+00
2.616481352385136017e-01
-2.775496866018424047e+00
-1.986060510169035176e+00
-1.170175302215169300e+00
1.117605423439454793e+00
-7.778476315847764333e-01
-2.429291931831057405e-01
1.466472449564324654e+00
-9.982313480096153269e-01
2.341108031765830599e+00
2.820187221832166635e+00
-3.573581131309988557e-02
-5.718950796873829567e-01
-9.448157339332893256e-01
1.269978024435099995e+00
-5.042489086472086157e-01
-3.423171568465100956e-01
1.182087984796230895e+00
-1.864869595665158641e+00
1.362968801499393923e+00
3.423631419113815522e+00
1.949961650468266861e+00
1.340205738401767377e+00
2.338740458456129989e-01
2.302237362700616963e+00
6.426346775027772518e-01
5.522015533341728677e-01
1.874440358003409024e+00
-2.353176306433211629e+00
-5.876208399410893790e-01
1.837263164622065181e+00
1.618794699464702225e+00
1.593153315871685072e+00
3.090169943749870862e-01
2.473135174533722669e+00
1.234880012731674581e+00
1.524900804174519564e+00
3.598140405640386064e+00
-1.122623753308234384e+00
-1.245216829551288429e+00
2.807891973095111848e-01
3.469727947174590099e-01
6.212924903080747630e-01
-9.443197775308252995e-01
1.015872511424110503e+00
-1.506386792429285637e-01
5.151978845143909691e-01
4.176872001900722609e+00
4.553875022938428385e-01
-5.603011390149148507e-01
7.622098884267999863e-03
-8.992589702586739620e-02
2.834867513188762400e-01
-1.650297966765803093e+00
-2.715646837387639123e-01
-2.223298329337477952e+00
-2.310795838585073092e+00
2.407629647478376711e+00
3.608222171146349133e-01
-4.028342524323462182e-01
-1.321194466891110475e-01
-1.475220209727954312e-01
6.884927199418062749e-01
-9.996809183724356673e-01
3.576491226421452119e-01
-2.412333376727759049e+00
-4.286801517978950038e+00
7.714352521576117727e-02
-9.351022623230963449e-01
-1.281758705383581276e+00
-1.114357063870895947e+00
-1.092874934482399807e+00
2.709018163867384921e-01
-6.113572623205898449e-01
1.877328505498286448e+00
-4.600970554769758802e-01
-3.776612376133230420e+00
-4.930267085512070047e-01
-1.265309568283253583e+00
-1.512132085837878614e+00
-1.685544393669064167e+00
-2.191117316603820253e+00
-1.117982789738573235e+00
-1.809016994374915033e+00
2.048000586619560082e+00
1.367457351308712488e+00
-2.167114218307621520e+00
4.091758921317418807e-01
-1.705976770284443056e-01
-1.556580766349298650e-01
-3.842556467153821487e-01
-1.458408076516322316e+00
-1.403094166906829532e+00
-3.251065587437723892e+00
8.081915416452544187e-01
1.695378075173898269e+00
-1.416280005504873429e+00
8.519298527986186587e-01
5.658990281240783293e-01
1.171481164795332930e+00
1.666039852374174401e+00
1.014188776657456437e+00
6.244318501420484946e-01
-2.862504512807638513e+00
1.337190783482651857e-01
1.671233454781360983e+00
-1.238890031672196024e+00
5.097352103337058349e-01
5.173639294753229478e-14
7.103825440304689653e-01
1.967549053979066764e+00
2.615748163834309636e+00
3.172125262469927431e+00
-1.064187250916602601e+00
7.198621124496357160e-01
2.464884311105114190e+00
-3.178916650579980407e-01
8.510618679611506865e-01
-4.084226177420147152e-01
-6.387230690880630890e-01
2.180684881369269190e-01
1.672691861312449069e+00
3.793158569430988170e+00
-1.480899260295297504e-01
9.189475705192778898e-01
3.006643510243660167e+00
8.025973124226314370e-01
2.126677048009407933e+00
6.595651284514537638e-01
-6.861151785043013707e-01
-1.316838881248324267e+00
-4.106775759647710577e-01
2.666072268714273275e+00
-8.090169943750499248e-01
-3.960109562180277321e-01
1.797069036105717554e+00
2.185303953254930098e-01
2.375733486881779655e+00
1.927628270859140125e+00
6.447235527249373099e-01
-1.187586693026830620e+00
-1.510600926991790827e+00
1.820709154639470029e+00
-1.351849325527796797e+00
-1.804685328625024177e+00
-2.164029015374009379e-01
-2.069564834458795133e+00
3.789534790950350729e-01
1.306299295837136221e+00
1.304583991564709722e+00
-5.665421912090423673e-01
-1.765151065036036915e+00
1.815731879043886998e+00
-6.862874299961556623e-01
-1.538030497642866479e+00
-6.121774649339914998e-01
-3.532696415563053804e+00
-2.099273669915659557e+00
-8.147482874702682842e-01
4.538677761776589437e-01
-8.255831357454103125e-01
-2.564207887414001075e+00
1.287235839221075429e+00
-1.008653513577570937e-01
-3.580100150859941710e-01
9.760720334122058306e-01
-2.471997563632026385e+00
-2.534688223431228238e+00
-2.027719870924337364e+00
-2.629405965346163221e-01
-1.076743994222597589e+00
-3.576485004272952573e+00
-1.230038870158668418e-01
-9.112639816778962398e-01
-3.955104592685191323e-01
2.320931474470205647e+00
-2.903326859161524665e-01
-1.032783943460223064e+00
-1.426163196298028790e+00
4.941298444213750307e-01
2.283452440298250341e-01
-2.991595804880701870e+00
-5.791883511677687890e-01
-1.927050983124548589e+00
-1.757886709361554889e+00
1.928499625439614951e+00
7.626237105559410256e-01
2.634485692907901910e-01
-6.439160712264534459e-01
1.516686216414737665e+00
2.336975302528809806e+00
-7.157163664245116408e-01
1.152338969487136433e+00
-1.065821868236801029e+00
-2.362639812024660557e+00
9.996206035300165826e-01
7.176207781910449723e-01
5.617505681026351283e-01
-9.452288123009200405e-01
1.027971490716451219e+00
2.917149687947926395e+00
8.180265460862561344e-01
3.363470831445371179e+00
1.316296798110212718e+00
-1.267432777551482870e+00
1.089363539603436681e+00
1.067720906239172596e+00
1.131121181955015986e+00
-1.237836629489828200e+00
-3.602680589040459513e-01
1.531540116271861596e+00
-1.143934125087580078e-01
3.488157789443183887e+00
2.725827702626115290e+00
-1.375782562186272928e-01
1.464091795718765132e+00
1.716346293073492735e+00
2.458173011757390558e+00
-2.191171547391910224e-01
-5.859081712259303076e-01
3.477687870721438701e-01
-2.139138950586922050e+00
1.576090888288122382e+00
2.084803944183876379e+00
-5.322406033761148958e-01
4.960222522229243980e-01
9.564480046576498973e-01
2.856911572195669713e+00
1.015502188516942406e+00
5.009345575092114533e-01
8.927746327441651308e-01
-2.923013587801521762e+00
-1.256145475078681573e-01
1.000000000000149880e+00
-1.449448239258710469e+00
-1.288865079677607772e+00
-1.409076735155256443e+00
1.089568584727972578e+00
4.008478661825318201e-01
8.153794745877941397e-01
1.953593205082732709e+00
-2.422984892612881858e+00
-6.153790584595336677e-01
9.355370037451306020e-01
-1.086642034839802040e+00
-1.670901719473985914e+00
-3.062358313821393008e+00
-1.204094298919786921e+00
-1.752384582110166900e+00
-6.615335714138247392e-01
1.828162621984067648e+00
-2.250316755640862532e+00
-1.097080980292816532e+00
1.011919668297214026e+00
1.241649635288806230e-01
-1.427386566623761732e-01
-2.261386662060173247e+00
-1.433375555947317581e+00
-2.900344380599807259e+00
-2.241003918036705400e+00
1.133449040326745427e+00
-2.543876798179768972e+00
-2.219489535271795155e+00
-6.155393280636570208e-02
2.150709744039818183e-01
1.202115197384494127e+00
-3.337155449585545997e-01
4.107130077254074196e-01
-1.831566060155370490e+00
-2.162612788758651927e+00
1.607660893002281544e+00
-1.687823043155974423e+00
-2.477633491910830266e+00
-1.304691199276470925e+00
-1.002737690175769192e+00
8.087595527400884832e-01
3.311515458768871101e-01
2.005248633061524011e+00
-1.487553773042583072e-01
-1.249151862664837687e+00
2.975490723868177589e+00
6.458672419557520694e-01
-6.427152084598399817e-01
-6.909830056248283947e-01
-1.456658268558146618e+00
-1.175221831711316112e-01
-3.708734243685142817e-01
2.177919602338006300e+00
4.771267514983444924e-01
-1.361952006983225605e+00
3.139606149483794795e+00
2.288891893358964147e+00
1.724646763520940818e+00
1.513640974695268371e+00
-5.972713880470281733e-02
2.380447376184124941e-01
-7.203680513035177757e-01
2.102644503398469755e+00
7.184094342228544150e-01
-2.285231568341373087e+00
1.509935873230014325e+00
1.500887887103713680e+00
2.025892021233325568e+00
2.734922634401422137e+00
1.490784253726507025e+00
1.347478241645835961e+00
-3.673299514292028833e-01
2.619605801298959147e+00
1.875245760385678251e+00
-2.171903205830991723e+00
7.849699338574300800e-02
-4.425594734251753204e-01
1.916089129866093144e-01
1.646314130064601144e+00
1.265903353787783736e+00
1.349704446576907024e+00
-8.682786590407450822e-01
2.424467142509966422e+00
3.118677908607507820e+00
-7.958711265907197907e-01
4.104361661460905752e-01
-1.111094863647168252e+00
-1.403436559011689289e+00
-1.546146965110031246e-01
-5.599935820811885456e-02
2.695087396187305639e-01
-2.721183819107350299e+00
2.960896982206068229e-01
2.493812814485075080e+00
-1.995334312529706278e-01
1.314656348970326016e+00
-3.401487943397519809e-01
-1.444467036900339840e+00
-8.090169943749135895e-01
-5.243917206733864633e-01
9.621242239904115312e-02
-3.945186677914878537e+00
-2.308952233664265385e+00
2.312180872083051675e-01
-1.525225129548492209e+00
8.824150123483068819e-01
6.370040310622537838e-02
-1.092281788425280897e+00
-8.104082687893452430e-01
-1.139850335398490122e-01
1.535623653941263989e+00
-2.819632066460649344e+00
-2.813793840756039000e+00
-1.076922816300876606e+00
-3.076846267590961137e+00
-4.387055122154092102e-01
-4.302994614848147936e-01
-1.382474432656689567e+00
-1.504747143991402414e+00
-5.412900571404524186e-01
2.739502586882785806e+00
-5.583419812529166748e-01
-1.098571395683218599e+00
1.332267629550187849e-15
-2.780739790647904552e+00
-6.742864923853537640e-01
-2.957867719891466018e-01
-1.203192700356709333e+00
-2.256125841094881679e+00
-2.085884092406646850e+00
2.160473122842292426e+00
3.879628495481818318e-01
4.221926145615531034e-01
1.877904540748046358e+00
-1.190597556374362487e+00
3.802110945295574806e-01
1.161532653877164423e+00
6.854046073087695090e-01
-1.212659327556467659e+00
-2.769924227814201334e+00
9.762061946115291322e-01
-1.998078250203967343e-01
3.056844556020097414e-01
2.533879103427143953e+00
-3.544732602542426392e-01
8.141611534167977338e-01
2.166188181470193985e+00
2.974916060973009202e+00
1.427050983124807271e+00
-1.422587439280645460e+00
1.176599106007961693e+00
-4.422335525185959737e-01
-3.003034595762437142e-01
2.309438951619628533e+00
-5.370694066960994828e-01
-2.326785177746282240e-01
1.012537732464372509e+00
3.152738293801449654e+00
3.073352045539974764e+00
2.582920658033600603e-01
2.391720192309188420e+00
3.523114393558233193e-01
-1.785249672721775371e-01
2.621891043052821058e+00
-1.364856111197966237e-01
-1.094763109102787624e+00
-1.179074836322455466e+00
1.066483786215934426e+00
2.210869696558056763e+00
6.578421524748079285e-02
2.548478751384594343e+00
6.750779150743171364e-01
-2.707216170492621199e-01
3.050816264970475977e+00
1.217005092737011296e+00
-2.606889412881991941e-01
-1.977195898127322327e+00
-8.369421549728534027e-01
4.100226052948575672e-01
-1.565657214603829672e+00
1.235607639449496364e+00
-3.687814328026327582e-01
-1.867998720527796586e+00
1.854610270868780830e+00
1.657779731387585276e+00
1.117796694733926621e+00
-1.130043452285205641e+00
-9.976262645253209937e-01
-1.564203957119131294e-01
-2.498424125538787344e+00
3.082435941597353457e-01
-1.203477877313053668e+00
-3.850850353376193080e+00
-8.211722401510531677e-01
1.990502921418113580e-02
9.966184852233522795e-01
-5.890625701678824377e-01
-5.471360914729577196e-01
3.090169943752244519e-01
-2.245292167088957402e+00
8.048114372506260938e-01
-1.136415367408637328e-01
-3.802060380611531620e+00
-2.431602055810698992e+00
-1.992929391266764050e+00
-3.157958957071830275e-01
-1.200140151966902824e+00
-8.688616441605179208e-01
3.114873963265099022e-01
-2.318952487003891338e+00
1.259943401051720091e+00
1.918655775023989651e+00
-1.538183507302536723e+00
-1.413258211048508350e+00
-2.053694300042993248e+00
-6.496143967692727950e-01
-1.474346105015188479e+00
-1.172171237263879284e+00
5.625141932084409824e-02
-3.216334455247302770e+00
1.928482955909928132e-01
2.526136453280196204e+00
4.872665702691181266e-01
6.642764031001577862e-01
-4.855028411641216790e-01
6.048903894639821033e-01
-3.273128772746317638e-01
-9.350651674517285183e-02
1.188816729585230991e+00
-3.223043968422085737e+00
-1.304858484417587450e+00
1.444541337333057118e+00
6.258938706041526912e-01
1.482359860131896800e+00
4.897971379445824613e-01
1.643344227677076441e+00
8.472751648463555663e-01
1.458267272683162030e+00
3.653473074339895099e+00
-1.196143411936768430e+00
-1.179146314105705251e+00
6.901103274886569716e-01
5.388159107564960415e-03
1.107535871117893311e+00
1.741884540328432207e-01
1.248041312477223830e+00
2.953149065108272020e-01
1.169355680136657583e+00
