5.000000000000000000e+00
1.078566246215338698e+00
-5.275732971259674553e-01
2.218546121375852831e+00
8.577652144916653176e-01
-1.048163897116697330e-01
-3.884549226163321878e-01
-9.759517834153368376e-01
8.106497109576386029e-01
7.401209288523523666e-01
5.792440885365366388e-01
1.307697978603324707e+00
-7.598189095838175922e-02
1.951921314992410172e+00
2.455850804024890088e+00
-2.575088768689381080e+00
-1.266086213061001331e+00
1.487560913465325374e+00
-2.032980904528900012e+00
-2.624081088424742525e+00
-1.057375622795154957e+00
-6.598196239957807574e-01
3.423290446956739341e-01
-7.453006080350751406e-01
-5.498475272512751699e-01
7.024439653006930850e-01
-6.801698787295002990e-01
-2.997561512627736069e-02
-1.103232561623680219e+00
-3.955355808508915771e+00
-4.746323882514489334e-01
3.369809916033406072e-02
-4.081784806113613939e+00
-1.577765816038895652e+00
1.116409036150871170e+00
2.031427355087489506e-02
-3.222825764255465852e-02
-3.677251690645997884e-01
7.582903445549797894e-01
1.094245702682553834e+00
-1.308370418602812668e+00
-6.463715245293656375e-01
-8.137595523140702669e-01
-1.728577633431187976e+00
1.311107835050381976e+00
-8.399012736594624329e-02
-2.014393658533787601e+00
2.805858066445622079e+00
3.160662617693657861e+00
5.082692922958564896e-02
1.079192220162264348e+00
1.777234700713173021e+00
1.730009433040780920e+00
3.280824332570216884e-01
-1.394187580482362243e+00
7.801369579661812104e-01
7.797395188666012000e-01
-2.698587820213930177e-01
1.926408969447130470e+00
5.935391212611454970e-01
7.047136754175906681e-01
4.323953457341266571e+00
1.250592706036777635e+00
-1.168208785437295782e+00
1.783295054239652844e+00
1.146838655905079385e+00
-9.084694012615215364e-01
-1.666898407026931039e+00
-1.090319042409482853e+00
1.172984528529050108e+00
-3.328370990102502702e-01
-1.153489912990783850e+00
1.563019804709719462e+00
3.027193462117990785e-01
1.961749575905058496e-01
1.533697840855597905e+00
-2.251490655523546991e+00
-2.030062088817107924e+00
8.603252919822085287e-01
-2.193316452365267732e+00
-3.472427164604289462e+00
-1.406456590215628522e+00
-2.223887245827936843e-01
1.193874276209959673e-01
-1.757900978359737243e+00
-6.432482854240421100e-01
1.947772398618212497e+00
-8.534580375352212034e-01
-1.336392421079162673e+00
-1.768652064450110251e-01
-2.702811467981582894e+00
-1.084406886506053436e+00
1.595269710498752325e-01
-3.142362178166234088e+00
-1.271078989806793125e+00
1.758939179079513249e+00
7.681230511427589169e-01
9.630362981417639467e-02
3.670032232736875066e-03
1.978785421524452470e+00
2.118033988749902008e+00
-1.744086948608336574e+00
-5.003533626555541902e-01
1.239604476846958292e+00
-1.216600104395935134e+00
3.717145486153043410e-01
9.551382896213299611e-01
-7.467671169734053649e-01
2.614800790070006098e+00
3.313628244829511793e+00
4.562177163163263494e-01
1.147924909687556561e+00
2.068637902656341510e+00
2.023424616889228922e+00
1.814631034816471811e-02
-2.065509540304224956e+00
1.198804263793987079e+00
1.476756287460373684e+00
-1.673047982526283617e+00
8.868355446249167606e-01
1.729116064726221369e+00
3.858977971560292319e-01
2.598055899400077973e+00
1.010265267348141816e+00
-1.142427217965517716e+00
9.999999999999945599e-01
4.134644706356749300e-01
-1.546396843554055822e+00
-2.365987213730716743e+00
-1.655112042513110282e+00
1.063978580647666039e+00
-9.529106829446265525e-01
-2.702387335129806445e+00
1.585533167211223837e+00
1.092149921484685704e+00
-1.352749872694386291e+00
3.127068457855710637e-01
-1.273045080057928713e+00
-2.018568891993005376e+00
-2.024125902996108950e-01
-2.336958490668441080e+00
-3.121636371865437187e+00
-1.292969665652227818e+00
-2.522929245499502260e-01
3.232713158126557240e-01
-1.686051530593836167e+00
-6.140679873173927605e-01
3.077224555900341940e+00
-3.220417528453484168e-01
-2.276997915665940564e+00
7.452372752527717248e-01
-7.974236230807721926e-01
-1.461843745698205632e+00
-1.324926804906526590e-01
-1.659171900279757139e+00
-2.129871123837142610e-01
1.866765546478790894e+00
1.063484235686715351e+00
9.749989357745357799e-01
6.956364232218552601e-01
2.346472049017903849e+00
2.894618172358585095e+00
-1.633422334297433665e+00
-6.924635774909719821e-01
2.669388851299469678e+00
-6.209893025966100044e-01
-9.168180019177794016e-01
1.405868290096150997e+00
6.782232525264887402e-01
2.104725601196059781e+00
2.411361285271780730e+00
7.407903449257787765e-01
1.586982892798822098e+00
1.557383038231910266e+00
1.263306667193374810e+00
-4.744098922854922407e-02
-2.521784206058556688e+00
6.084733115735110331e-01
1.642575411370416294e+00
-2.719622748412297675e+00
-5.044991661396991400e-01
2.384516933596808386e+00
2.391863605160045037e-01
5.780400357698070035e-01
3.853161983136343394e-01
-6.241342016541842064e-01
3.557914971873886723e-01
-1.013755605296784212e+00
-2.071125688555602196e+00
-2.104734868941072978e+00
-2.272870785788642767e+00
3.102903239027230420e-01
-9.063443925620793262e-01
-3.339270827582579759e+00
1.312385891986624031e+00
1.930622545375537680e+00
-2.076977985612321831e+00
-6.951848581519886050e-01
-9.895516178563740217e-02
-1.291427128159362780e+00
-1.118033988749950414e+00
-2.493642031591427166e+00
-1.897999880828588726e+00
-5.078093872704172451e-01
-6.889447408443970522e-01
6.138645664059676488e-01
-4.317704272281985833e-01
-3.296957511596414481e-01
3.523610704805854255e+00
6.855581345677641547e-01
-2.414568344360455754e+00
1.330920829455282561e+00
9.616914786778485436e-01
-1.449332628967371583e+00
-6.006591547584647639e-01
-3.185518497596009357e-01
1.146225435141189131e+00
1.657419426318069711e+00
6.825160332164819099e-01
2.086044545523327187e+00
1.703379447068639196e+00
1.748938549401974241e+00
2.919821940300125540e+00
-9.426955787326878333e-01
-1.045924736276429678e+00
2.878694864783495788e+00
-2.345111554162143119e-01
-2.004391285359563568e+00
1.177569737143422834e+00
1.590815593011558393e+00
1.497898837025202878e+00
9.656483562569507795e-01
5.960439642092613122e-01
2.183561053676586816e+00
6.969819411332651704e-01
-4.142531821185287955e-01
-1.380181596925966758e-02
-2.392301731210793481e+00
-7.426377076230892271e-01
1.071715621436611254e+00
-3.016131354958375699e+00
-1.621657423860784819e+00
2.314919780732236809e+00
1.847488492300476404e-01
-8.992212623409931993e-01
-2.999203385030785318e-01
-1.660671823282855453e-02
1.556221270685594904e-01
-2.427286251959049679e+00
-2.530377981218035810e+00
-9.999999999999500400e-01
-2.472060128658432721e+00
-9.254091903486363346e-01
-3.392500296531726356e-01
-2.700348892345691532e+00
9.179543272529011588e-01
2.411424162376957891e+00
-1.786595343154090854e+00
-9.789505190937332069e-01
8.475428140526084508e-01
-3.050198000517274632e-01
-1.409115020228133730e+00
-2.522837129313881821e+00
-4.904626268635330910e-01
7.802902518782524055e-01
-1.203780806631464140e+00
6.611552830164169059e-01
1.536238911788511352e+00
2.937965548177002839e-01
3.067451812082763851e+00
1.669831110719403933e+00
-1.659704397061620096e+00
1.497385331194048375e+00
1.836179207103111111e+00
-1.179834987479638997e+00
-8.786948647834991188e-01
3.801212453055258234e-01
2.111658645948866209e+00
1.402198323294113091e+00
-1.869506200094109838e-01
2.788987186195839740e+00
2.785030207014475678e+00
5.325988162001911164e-01
2.007613497950934800e+00
3.124263189313385147e-02
-1.299482138990359692e+00
1.823906353637347433e+00
-3.495157980275063747e-01
-2.499319481228971185e+00
5.584414363414720306e-01
1.546059613953475242e+00
8.847884386857477468e-01
-2.635860999951545880e-01
1.838705870485601857e-02
2.538665607740505425e+00
4.169422344062256869e-03
-2.387596676632264270e+00
-8.997574628459736878e-02
-1.630397954580373510e+00
-2.243454803662452868e+00
-1.180339887499068929e-01
-2.552539522663454630e+00
-1.940568769016158157e+00
1.665292538458473581e+00
4.710684791022401452e-02
-1.312588556625654768e+00
-5.631501351563280577e-01
3.008292577808353574e-01
3.648459388928463332e-01
-3.085212958435571640e+00
-2.850389923136818826e+00
4.093806013563509039e-01
-2.000162019808486846e+00
-2.177073115973500173e+00
4.010973384586268287e-01
-9.938997870956187697e-01
6.826956132907652242e-01
2.332572293319430834e+00
-7.724171959075623040e-01
-3.205632865297697309e-01
1.373695233006763328e+00
3.358843612844977233e-01
-9.669887215994583674e-01
-2.192755825356982324e+00
4.121789682878117533e-01
2.047440989228641151e+00
-1.413201800195696745e+00
3.591044277431697518e-01
3.400676459841487809e+00
1.145161987560916028e+00
1.925778647030961910e+00
2.153073989009885114e+00
-3.598748352896840030e-01
1.361362063678837719e+00
1.511831819474685368e+00
-9.970446861532574756e-01
-7.166900495383549119e-01
3.393636047342148410e-01
2.085696365708815225e+00
1.239765282794454082e+00
-1.048631528082213826e+00
2.667320004805041389e+00
3.520744895216798120e+00
-7.232539774750428307e-01
4.393948134853055687e-01
8.310211011337232945e-01
-1.312107101752999716e+00
1.832265343020733628e-02
-1.037675022147824588e+00
-2.351870552161707373e+00
1.869474724737008042e-02
5.728187352107416697e-01
2.315715676168471626e-01
-6.544907194159974573e-01
-6.636629270264713387e-01
2.304085519343691768e+00
-2.138500485121811456e-01
-3.820070504623115148e+00
-3.622800209934037285e-01
-5.462004685740362575e-01
-3.249534303339403518e+00
-1.463397145592705062e+00
-1.628704596526931558e+00
-1.332326320506197259e+00
8.854082733266127603e-01
-2.652841160554408884e-01
-6.742400454941620547e-01
-3.898097824994783966e-02
1.918530102623167144e-01
6.686929139616772932e-01
-2.589251771813632974e+00
-2.843254915435263541e+00
1.453593106205822050e+00
-9.919606199033528249e-01
-2.899479902976741741e+00
9.999999999999373834e-01
1.078746691311703421e+00
7.785669377665673796e-01
1.819564928300147599e+00
3.933632172392695914e-01
1.032225103939811151e+00
1.540689404273921870e+00
2.151235021357232879e-01
-1.074339667358276129e-01
-1.365552061667268946e+00
4.474755515542832018e-01
2.658071215054033765e+00
-1.121170382585449321e+00
-1.244815803965350631e-01
4.392217470719051775e+00
1.894207100191751980e+00
6.053706737274220373e-01
1.956323406261107678e+00
8.506717408885687837e-01
1.078747622994530087e+00
2.463194401344627193e-01
-1.224774924813323729e+00
-1.571115931557001133e-01
-1.587017104589220629e-01
8.985701700686891114e-01
1.118033988749911556e+00
-1.379187205276643624e+00
1.746323477270523172e+00
3.523093117421609577e+00
-1.515949992662969814e+00
-1.140905190329589702e+00
1.108225809758520253e+00
-1.166326885303245353e+00
-1.739396292355653850e+00
-2.027387463403690582e+00
-1.831097030453980201e+00
-8.318560419350595758e-02
-8.189987765926508567e-01
-4.965591559682546174e-01
-2.613855586461588665e-02
-9.747857033258575665e-01
1.414049238919975915e+00
2.925672828985270701e-02
-4.064418497911722383e+00
-7.080358200744184538e-01
3.713552098012158909e-01
-3.411741823674368845e+00
-2.342757924447115059e+00
-6.359506355010493550e-01
-1.483101704688030709e-01
4.663021591443656799e-01
-6.362656788146709985e-01
5.320379092288159972e-01
1.266620225694917945e+00
-1.818776434345221737e-01
6.997090096429045003e-01
-1.093630995679980344e+00
-2.344908927456785364e+00
1.672160587623175765e+00
9.161966777450444854e-02
-2.764872644654964517e+00
1.334148754628784017e+00
2.655920340447178951e+00
1.117577836067139563e+00
1.245733454757868008e+00
1.182479056007893714e+00
2.432545591389074335e+00
1.530963993907735077e+00
-6.601584534348605704e-01
6.143319042192612045e-01
-1.621029692161964353e-01
-2.950472253685059165e-01
2.207036606611944229e+00
-4.400107605819391088e-01
-4.829640088848988766e-01
4.156875757337449073e+00
2.136573947029351217e+00
-3.817900406274206127e-01
1.297153787284819559e+00
1.371829132457274891e+00
7.020241161158555787e-01
-1.274695835646655118e+00
-1.928572479372039794e+00
4.696094571891105685e-01
-6.728129706067176308e-01
-1.059188828490150502e+00
8.907246760350387982e-01
-9.237795082639899125e-01
4.634564297992212478e-01
2.683313703277988793e+00
-1.638348262300637348e+00
-2.042715025067737944e+00
8.286074014555140366e-01
-1.101788848560967704e+00
-2.761465671782052489e+00
-2.781666267513235091e+00
-1.325738064436739805e+00
2.864390182048892619e-01
-1.888512710432769248e+00
-1.203722589294479617e+00
1.297556034699351102e+00
-5.855022888475305276e-01
1.639874279484005992e-01
4.879426071424648459e-01
-2.990397515506968862e+00
-8.742863474498155929e-01
7.342881000009668924e-01
-2.825318419755837862e+00
-2.291486369244824406e+00
1.591110670284924811e-01
9.570547799395056066e-01
6.519934045808075673e-01
-7.722741231783891713e-01
1.638339561634911234e+00
2.904034064702889939e+00
-4.941609110261698801e-01
2.851557590729102976e-01
7.692555370895837186e-01
-1.390660527918423206e+00
1.019559202496176820e+00
7.228503784615714078e-01
-1.859915547466080010e+00
1.470308501384132160e+00
3.130743481090642710e+00
1.374175904666472325e+00
1.000000000000000000e+00
1.374175904666377512e+00
3.130743481090763503e+00
1.470308501384314015e+00
-1.859915547466178376e+00
7.228503784615565309e-01
1.019559202496400196e+00
-1.390660527918523126e+00
7.692555370893714439e-01
2.851557590730283143e-01
-4.941609110261707682e-01
2.904034064702669227e+00
1.638339561634931663e+00
-7.722741231782213056e-01
6.519934045807845857e-01
9.570547799394580890e-01
1.591110670286682294e-01
-2.291486369244766230e+00
-2.825318419755979082e+00
7.342881000009983117e-01
-8.742863474497080123e-01
-2.990397515507230430e+00
4.879426071423446087e-01
1.639874279485716846e-01
-5.855022888476012488e-01
1.297556034699191452e+00
-1.203722589294307976e+00
-1.888512710432621811e+00
2.864390182048248690e-01
-1.325738064436709163e+00
-2.781666267513079660e+00
-2.761465671782114661e+00
-1.101788848560974587e+00
8.286074014554503098e-01
-2.042715025067740608e+00
-1.638348262300711955e+00
2.683313703278115803e+00
4.634564297992682658e-01
-9.237795082641744315e-01
8.907246760350876480e-01
-1.059188828490010614e+00
-6.728129706066995341e-01
4.696094571889468106e-01
-1.928572479371990278e+00
-1.274695835646526110e+00
7.020241161158795595e-01
1.371829132457154543e+00
1.297153787284826887e+00
-3.817900406275227532e-01
2.136573947029491993e+00
4.156875757337498811e+00
-4.829640088850658541e-01
-4.400107605818771583e-01
2.207036606611943341e+00
-2.950472253684589541e-01
-1.621029692162908598e-01
6.143319042190223955e-01
-6.601584534348360345e-01
1.530963993907839882e+00
2.432545591388859396e+00
1.182479056007993634e+00
1.245733454758006786e+00
1.117577836067132013e+00
2.655920340447061267e+00
1.334148754629160605e+00
-2.764872644654885914e+00
9.161966777398929118e-02
1.672160587623416683e+00
-2.344908927456704539e+00
-1.093630995680426210e+00
6.997090096428864037e-01
-1.818776434344054893e-01
1.266620225694703006e+00
5.320379092288258782e-01
-6.362656788144632758e-01
4.663021591444294067e-01
-1.483101704689688272e-01
-6.359506355009225675e-01
-2.342757924446766005e+00
-3.411741823674602880e+00
3.713552098009936797e-01
-7.080358200739864660e-01
-4.064418497911816530e+00
2.925672828942460502e-02
1.414049238920179530e+00
-9.747857033258127135e-01
-2.613855586480007265e-02
-4.965591559681263867e-01
-8.189987765924910956e-01
-8.318560419356801905e-02
-1.831097030453876506e+00
-2.027387463403571566e+00
-1.739396292355450679e+00
-1.166326885303510474e+00
1.108225809758454972e+00
-1.140905190329408292e+00
-1.515949992663058188e+00
3.523093117421491449e+00
1.746323477270714575e+00
-1.379187205276648509e+00
1.118033988749782992e+00
8.985701700688882854e-01
-1.587017104587042649e-01
-1.571115931557467427e-01
-1.224774924813359034e+00
2.463194401347024720e-01
1.078747622994447708e+00
8.506717408883641696e-01
1.956323406261258224e+00
6.053706737274836547e-01
1.894207100191575455e+00
4.392217470719073091e+00
-1.244815803964051670e-01
-1.121170382585485958e+00
2.658071215054009784e+00
4.474755515546083862e-01
-1.365552061667316242e+00
-1.074339667360100226e-01
2.151235021358519628e-01
1.540689404273885899e+00
1.032225103939643951e+00
3.933632172391410275e-01
1.819564928300223094e+00
7.785669377666026847e-01
1.078746691311591288e+00
1.000000000000035083e+00
-2.899479902976469958e+00
-9.919606199036278271e-01
1.453593106205895769e+00
-2.843254915435180941e+00
-2.589251771813911418e+00
6.686929139615378492e-01
1.918530102623046130e-01
-3.898097825008184358e-02
-6.742400454943171528e-01
-2.652841160554557653e-01
8.854082733267624183e-01
-1.332326320506157957e+00
-1.628704596527163595e+00
-1.463397145592441495e+00
-3.249534303339312036e+00
-5.462004685744847876e-01
-3.622800209933582094e-01
-3.820070504623050756e+00
-2.138500485126161310e-01
2.304085519343799682e+00
-6.636629270263847413e-01
-6.544907194161911912e-01
2.315715676170569670e-01
5.728187352108466968e-01
1.869474724746322813e-02
-2.351870552161845040e+00
-1.037675022147902970e+00
1.832265343047734252e-02
-1.312107101753212879e+00
8.310211011335206788e-01
4.393948134855678034e-01
-7.232539774749919825e-01
3.520744895216810555e+00
2.667320004804982769e+00
-1.048631528082098807e+00
1.239765282794597079e+00
2.085696365708929356e+00
3.393636047341921369e-01
-7.166900495384825875e-01
-9.970446861532036298e-01
1.511831819474792837e+00
1.361362063678838608e+00
-3.598748352898514247e-01
2.153073989009834932e+00
1.925778647031277879e+00
1.145161987560940453e+00
3.400676459841301291e+00
3.591044277433774745e-01
-1.413201800195649227e+00
2.047440989228638486e+00
4.121789682877740058e-01
-2.192755825356969890e+00
-9.669887215994437124e-01
3.358843612844719662e-01
1.373695233006808625e+00
-3.205632865298370104e-01
-7.724171959076215899e-01
2.332572293319662204e+00
6.826956132907828767e-01
-9.938997870957180236e-01
4.010973384586321577e-01
-2.177073115973392703e+00
-2.000162019808829683e+00
4.093806013562969470e-01
-2.850389923136476433e+00
-3.085212958435899377e+00
3.648459388926437730e-01
3.008292577809295043e-01
-5.631501351563983349e-01
-1.312588556625660097e+00
4.710684790991082060e-02
1.665292538458600369e+00
-1.940568769015780015e+00
-2.552539522663949789e+00
-1.180339887497887652e-01
-2.243454803662110919e+00
-1.630397954580862452e+00
-8.997574628449789280e-02
-2.387596676632004922e+00
4.169422343550555077e-03
2.538665607740416164e+00
1.838705870502188588e-02
-2.635860999952384098e-01
8.847884386855691119e-01
1.546059613953409517e+00
5.584414363417802285e-01
-2.499319481228969853e+00
-3.495157980278069676e-01
1.823906353637654743e+00
-1.299482138990291746e+00
3.124263189253095874e-02
2.007613497951053372e+00
5.325988162002439630e-01
2.785030207014107084e+00
2.788987186195978740e+00
-1.869506200092566628e-01
1.402198323294041149e+00
2.111658645948993218e+00
3.801212453055151652e-01
-8.786948647833741077e-01
-1.179834987479579933e+00
1.836179207102996092e+00
1.497385331194194702e+00
-1.659704397061604997e+00
1.669831110719101286e+00
3.067451812083058282e+00
2.937965548177657871e-01
1.536238911788369244e+00
6.611552830167285455e-01
-1.203780806631227440e+00
7.802902518781977825e-01
-4.904626268635230990e-01
-2.522837129313788562e+00
-1.409115020228044912e+00
-3.050198000518032915e-01
8.475428140526138909e-01
-9.789505190935904322e-01
-1.786595343154249171e+00
2.411424162376805125e+00
9.179543272533972065e-01
-2.700348892345787455e+00
-3.392500296532987569e-01
-9.254091903481913572e-01
-2.472060128658490008e+00
-1.000000000000206501e+00
-2.530377981218077554e+00
-2.427286251958862273e+00
1.556221270683869617e-01
-1.660671823295911675e-02
-2.999203385029475810e-01
-8.992212623411042216e-01
1.847488492298183793e-01
2.314919780732489052e+00
-1.621657423860779268e+00
-3.016131354958431210e+00
1.071715621436703181e+00
-7.426377076230565866e-01
-2.392301731210900506e+00
-1.380181596952900769e-02
-4.142531821184783913e-01
6.969819411333456616e-01
2.183561053676350561e+00
5.960439642092333346e-01
9.656483562571096524e-01
1.497898837025082308e+00
1.590815593011438267e+00
1.177569737143511652e+00
-2.004391285359585329e+00
-2.345111554161966039e-01
2.878694864783492235e+00
-1.045924736276619083e+00
-9.426955787327332414e-01
2.919821940299959451e+00
1.748938549401980680e+00
1.703379447068748220e+00
2.086044545523209504e+00
6.825160332165883803e-01
1.657419426318329725e+00
1.146225435140810323e+00
-3.185518497595460907e-01
-6.006591547582729174e-01
-1.449332628967501702e+00
9.616914786778607560e-01
1.330920829455179977e+00
-2.414568344360559227e+00
6.855581345678388727e-01
3.523610704805772986e+00
-3.296957511595237644e-01
-4.317704272280635802e-01
6.138645664058495210e-01
-6.889447408440620979e-01
-5.078093872703770550e-01
-1.897999880828886710e+00
-2.493642031591181585e+00
-1.118033988749671970e+00
-1.291427128159599924e+00
-9.895516178566055032e-02
-6.951848581520033710e-01
-2.076977985612377786e+00
1.930622545375684451e+00
1.312385891986522335e+00
-3.339270827582579315e+00
-9.063443925618430708e-01
3.102903239026641447e-01
-2.272870785788436265e+00
-2.104734868941146253e+00
-2.071125688555755850e+00
-1.013755605296572826e+00
3.557914971873088472e-01
-6.241342016545428084e-01
3.853161983136771385e-01
5.780400357700399283e-01
2.391863605158077721e-01
2.384516933596883881e+00
-5.044991661392930204e-01
-2.719622748412391822e+00
1.642575411370055471e+00
6.084733115737985809e-01
-2.521784206058504285e+00
-4.744098922893091874e-02
1.263306667193333066e+00
1.557383038231969330e+00
1.586982892798598943e+00
7.407903449256046935e-01
2.411361285272027644e+00
2.104725601196130835e+00
6.782232525263582890e-01
1.405868290096268902e+00
-9.168180019175713458e-01
-6.209893025968732383e-01
2.669388851299426157e+00
-6.924635774908276531e-01
-1.633422334297562450e+00
2.894618172358217389e+00
2.346472049017989558e+00
6.956364232218791299e-01
9.749989357742909757e-01
1.063484235686653623e+00
1.866765546479067117e+00
-2.129871123836848401e-01
-1.659171900279758027e+00
-1.324926804905451894e-01
-1.461843745698151453e+00
-7.974236230809544912e-01
7.452372752527601785e-01
-2.276997915665756267e+00
-3.220417528456533951e-01
3.077224555900231806e+00
-6.140679873172131265e-01
-1.686051530593831504e+00
3.232713158124544406e-01
-2.522929245497429473e-01
-1.292969665651958699e+00
-3.121636371865460280e+00
-2.336958490668458843e+00
-2.024125902993955117e-01
-2.018568891993172798e+00
-1.273045080058123890e+00
3.127068457857106187e-01
-1.352749872694260169e+00
1.092149921484565800e+00
1.585533167211135019e+00
-2.702387335129509349e+00
-9.529106829446960525e-01
1.063978580647593208e+00
-1.655112042512798531e+00
-2.365987213730700311e+00
-1.546396843554246558e+00
4.134644706357825106e-01
1.000000000000089706e+00
-1.142427217965745978e+00
1.010265267348122276e+00
2.598055899400426583e+00
3.858977971559736098e-01
1.729116064726263335e+00
8.868355446251424690e-01
-1.673047982526198130e+00
1.476756287460271544e+00
1.198804263793963099e+00
-2.065509540304173886e+00
1.814631034809377486e-02
2.023424616889062833e+00
2.068637902656524918e+00
1.147924909687427775e+00
4.562177163161679205e-01
3.313628244829807112e+00
2.614800790070099801e+00
-7.467671169734024783e-01
9.551382896213258533e-01
3.717145486153489164e-01
-1.216600104395938464e+00
1.239604476846756453e+00
-5.003533626556065927e-01
-1.744086948608203347e+00
2.118033988749726149e+00
1.978785421524269506e+00
3.670032232788472681e-03
9.630362981416251689e-02
7.681230511427632468e-01
1.758939179079683113e+00
-1.271078989806581072e+00
-3.142362178166450803e+00
1.595269710497989601e-01
-1.084406886505788314e+00
-2.702811467981893312e+00
-1.768652064451612382e-01
-1.336392421078868020e+00
-8.534580375353750803e-01
1.947772398617922285e+00
-6.432482854240351156e-01
-1.757900978359686395e+00
1.193874276209277996e-01
-2.223887245827163017e-01
-1.406456590215651836e+00
-3.472427164604188654e+00
-2.193316452365278835e+00
8.603252919821887668e-01
-2.030062088817015109e+00
-2.251490655523748607e+00
1.533697840855708927e+00
1.961749575908240395e-01
3.027193462114099454e-01
1.563019804709644855e+00
-1.153489912990566912e+00
-3.328370990103182159e-01
1.172984528529173343e+00
-1.090319042409498174e+00
-1.666898407026887741e+00
-9.084694012613232506e-01
1.146838655904977688e+00
1.783295054239582900e+00
-1.168208785437248709e+00
1.250592706036324664e+00
4.323953457341502826e+00
7.047136754178189300e-01
5.935391212608505107e-01
1.926408969447327202e+00
-2.698587820209332744e-01
7.797395188664220100e-01
7.801369579662498221e-01
-1.394187580482130651e+00
3.280824332568020862e-01
1.730009433040523126e+00
1.777234700713204330e+00
1.079192220162389804e+00
5.082692922942166902e-02
3.160662617693469123e+00
2.805858066445884091e+00
-2.014393658533677023e+00
-8.399012736620742325e-02
1.311107835050819181e+00
-1.728577633430999683e+00
-8.137595523142885368e-01
-6.463715245293648604e-01
-1.308370418602856855e+00
1.094245702682368204e+00
7.582903445548196952e-01
-3.677251690645503279e-01
-3.222825764244707791e-02
2.031427355071036001e-02
1.116409036150868062e+00
-1.577765816038610991e+00
-4.081784806113703645e+00
3.369809916020882756e-02
-4.746323882511663261e-01
-3.955355808508913551e+00
-1.103232561624072794e+00
-2.997561512625687707e-02
-6.801698787294729875e-01
7.024439653004246331e-01
-5.498475272512394207e-01
-7.453006080348861806e-01
3.423290446957107935e-01
-6.598196239958529219e-01
-1.057375622795075909e+00
-2.624081088424514707e+00
-2.032980904529332111e+00
1.487560913465282519e+00
-1.266086213060741095e+00
-2.575088768689694163e+00
2.455850804024721334e+00
1.951921314992606460e+00
-7.598189095840740537e-02
1.307697978603257205e+00
5.792440885367203807e-01
7.401209288525911756e-01
8.106497109575920845e-01
-9.759517834154318727e-01
-3.884549226162106184e-01
-1.048163897117910803e-01
8.577652144914909016e-01
2.218546121375906566e+00
-5.275732971258115800e-01
1.078566246215190150e+00
