5.000000000000000000e+00
7.037438813022407480e-01
5.887091468353294887e-01
2.155033272781142539e+00
4.839270456585155200e-01
1.556445828586933811e+00
-5.801431120124644902e-01
-1.037398163649731586e+00
-1.677351215644179994e-01
9.717776401971666145e-01
-1.014160460192395918e-01
-2.239164097232992923e+00
2.090204857935936911e+00
9.649444666322219977e-01
2.068202919750961044e-01
1.864810750538857587e+00
-1.204456528574963992e+00
1.864096325886467120e+00
1.603951133560286291e+00
-1.915348012614480622e+00
-1.032225103939669708e+00
-7.214995213015692466e-01
-4.506207043794142608e-01
-2.683896278566798799e+00
-2.022967767600295730e+00
-1.700023518563306357e+00
-1.687630912817197348e+00
1.021946420078697848e+00
-2.922382146736677289e+00
-1.112480996164170399e+00
2.226138714578178579e+00
-9.971383108236961945e-01
1.366147299547720850e-01
-7.297616641946460536e-01
-6.533087279913354362e-01
4.843224962492159724e-01
-1.229173564275768626e+00
-2.157066392709253044e+00
-2.476673264249010131e+00
6.595314505478796496e-01
-1.546538783078364121e+00
-2.827514085024462887e+00
7.629771294441138885e-01
-1.023840478714218127e+00
1.482297795287450981e+00
1.282732677676079680e+00
-1.266737873306295059e+00
2.614402781784078034e+00
2.217425042564284965e+00
7.307789783763151137e-01
-1.031977533325736801e-01
7.561597955734576937e-01
1.297290180231891465e+00
-5.421495873098747253e-01
5.607244344702569938e-01
-1.709586317151556401e+00
4.569209829394603184e-01
2.841521378440110102e+00
-1.679045963753848625e+00
1.141895790803837629e+00
2.336958490668455291e+00
1.582172627616017291e+00
2.755901545087880766e+00
6.785553310967911145e-01
1.433675958992997268e+00
1.979482288950518809e+00
1.953905490859337402e+00
-7.181431729797214114e-01
-1.459655202860921541e+00
1.976766605397994869e+00
-1.353814922842478063e+00
-9.273253558928117313e-01
-2.808061998599431508e-01
-2.043543821879396205e+00
2.084996324477493168e+00
1.525825293347594647e-01
-1.377572298394347028e+00
9.645789943709924819e-01
1.309152762299448103e+00
8.924314595541362749e-01
-1.217472356702240077e+00
2.472632332087498774e-03
-8.698957660683810378e-01
-7.945022554900469380e-01
-4.071815292775725625e-01
-4.700408635921127676e+00
-9.340563808259267908e-01
-1.963715063546814521e-01
-3.241765168938211872e+00
-9.543311469740100028e-01
-1.591784989576975562e+00
1.384330604709338441e-02
7.410262306603547788e-01
-6.358691907373369423e-01
-6.435565371195320905e-01
1.802830218502888826e-01
2.083628907413573650e+00
-1.917789668318086616e+00
-1.496367532032009118e+00
5.383666150714090382e-01
-2.118033988749892682e+00
2.810657420327621336e-01
-1.939880089091922777e+00
-2.417019250523602558e+00
1.697082870829578205e+00
8.484933824772289412e-02
-2.892175836544331746e-01
2.801871511600821929e-01
2.264249582590900367e+00
2.113753427942905105e+00
9.808420086796630910e-01
1.927506639519604104e+00
-2.504882323571149261e-01
2.697214790463800416e+00
1.677317485736593783e+00
-2.506881685150409211e+00
1.300187285213775024e+00
4.334083822174598088e-01
-4.398220616936004967e-02
5.591376528187466111e-01
-7.662131248113870363e-01
1.404203176606948489e+00
2.020248969179421206e+00
1.962046997620123800e+00
-7.462239892445701739e-02
1.707106781186508826e+00
3.771015047864611169e+00
-3.945838662563851962e-01
1.139814031315409926e+00
8.064446389432114448e-02
-9.069141786129356619e-01
1.773608581641418214e+00
-2.328033958616381405e+00
-2.190115755107622242e+00
7.799792987767478758e-03
-2.629146141921082647e-01
-9.056494784218963590e-01
-1.566815499450105786e+00
7.585143492323042080e-01
-7.230180764753357803e-02
1.048631528082111686e+00
1.702935784276505826e-01
-2.445212750272295565e+00
2.128424122935377305e+00
-3.691113396869047936e-01
-2.798524318045620962e+00
-8.979185756213259317e-01
-2.413889751074203005e+00
-9.574623845375158648e-01
-1.779782361524532952e+00
-2.760073510670101093e+00
-1.851123003901098407e+00
-8.660035259327591994e-02
7.681641761240755040e-01
-2.524835215742389227e+00
6.746505516562704141e-01
1.509335713016270564e+00
-4.496949394814324652e-01
1.738095830089528171e+00
-1.631743328898383805e+00
-3.155738006815129171e-01
1.764622826360790597e+00
-1.608839708547115332e+00
-1.571161387793603703e+00
-8.970967010008688014e-01
6.575739853514888100e-01
-4.938206282047346019e-01
-4.140269330865417041e-01
7.742035097679049738e-01
9.462712205115575426e-02
3.847340633159743284e+00
1.041504616690675178e+00
-3.076985028692141855e-01
3.958214562550361304e+00
1.383104958007232099e+00
1.296705334970017276e+00
6.999729052837834198e-01
-3.971312658952667607e-01
1.297780948102413401e+00
4.598598823786478329e-01
-3.713552098011477787e-01
-1.663288997357972310e+00
1.603712269450748185e+00
1.785695084672883404e+00
-1.199027511620576414e+00
2.076372197120289087e+00
6.862103153891443430e-01
1.702322459521917741e+00
3.005003807499750046e+00
-1.285806802735365295e+00
7.154142981710217564e-01
1.468967568326468021e+00
-1.515121706312698713e-01
-1.615009655985900405e+00
-1.796733950229062238e+00
-2.677794988011706900e-01
-1.843243755490898916e+00
-5.116275321580572299e-01
-2.218928082145176006e+00
-2.040381725750112896e+00
2.499999999999995559e+00
-1.421273701872147299e+00
-1.098048203600259676e+00
8.952828641664244413e-01
-4.296099370869824741e-01
8.548897559664043744e-01
-1.232783559949250263e+00
-1.803871769564004079e+00
-1.181467945365068939e+00
-3.691167889730190277e-01
-1.780349268726411971e+00
-4.193690448023031259e+00
-1.176715874044742538e-02
-1.108974576851182059e+00
-1.642372418293226222e+00
4.283454901655552316e-01
-2.077638698703505149e+00
1.644184380160720327e+00
2.052933962541984236e+00
-8.584793192291167996e-01
5.044991661395863414e-01
1.119991607082949869e+00
1.500624400872249575e+00
-8.078484488400712316e-01
-3.689405098398194083e-01
-3.550264946353312023e-01
-6.669949626313701474e-01
1.774744025909691825e+00
-2.320564271121500877e+00
-5.057924804880469249e-01
3.004805373878880914e+00
1.022034140512864120e-01
1.660084417870316909e+00
1.256362056413413253e+00
1.759712452788184667e+00
3.216702272488928926e+00
1.657237790167098268e+00
6.835527703427812796e-01
1.127411780214204740e-01
2.816686459851925228e+00
4.789968467024136034e-02
-1.857274717648461859e+00
1.124119466390802735e+00
-1.184454284774957511e+00
9.439212370903133920e-01
5.429178611215853545e-01
-2.028496313151242347e+00
1.984028953913807847e+00
1.820773771019145615e+00
6.028511189248992874e-01
3.548353078898263528e-14
9.869461086781177173e-01
1.503699162863804561e+00
-5.349560911180366585e-01
2.005025877235671050e-01
-2.570046948836489431e+00
-9.778662730961147354e-01
8.312841603371081689e-01
-4.190090856870035019e+00
-1.728652284910787262e+00
-7.047136754174894158e-01
-1.422150483334595261e+00
-1.260944733318714039e-02
-1.694151544102667994e+00
-4.440196220428840324e-01
6.225770823586969094e-01
1.069149619817742147e+00
-1.243028943828012878e+00
-1.779786990523216206e+00
1.690905017650211173e+00
-1.761534014300417228e+00
-1.571466100691847334e+00
-1.214044780739220730e+00
-3.246492920638373025e+00
7.021706196871867478e-01
-1.263007494114577023e+00
-2.644167960352195923e+00
3.488809314120117078e-02
8.806115834840214651e-01
1.079234967301107906e+00
-3.699197948018146387e-01
1.479287141334374223e+00
1.131643106448972924e+00
1.569356492865865871e+00
2.122846547753633573e+00
-2.204877483697095464e+00
1.351495958418341914e+00
1.754362417466078350e+00
-1.682863743571063608e+00
2.297475679989987585e-01
-6.972376917997620271e-01
7.556995394862806581e-01
1.493563344279609240e+00
2.879773637790011831e-01
5.806591765338654509e-01
1.778618003461350794e+00
4.059691012482346650e+00
3.659419436764903555e-01
9.596923844754721156e-01
2.985111680506902676e+00
1.180339887498980112e-01
2.115345799777075708e+00
-6.596461044424724030e-01
-1.781546176345552901e+00
1.671801772406482200e+00
-5.408793992427591846e-01
-1.389050138999542661e+00
-1.121826795680598288e+00
7.501677665417259000e-01
6.659608669955099369e-01
-2.617946969629898479e-01
9.682974965348585261e-01
-9.197126636725029281e-01
2.253441102102993643e+00
1.335617509039351614e+00
-2.906831639752660568e+00
6.727432588801934843e-01
-5.700372277161976919e-01
-1.524674256068588862e+00
-1.433652048885069696e+00
-3.230908181577629268e+00
-1.420407877347386050e+00
-9.951525794599862529e-01
-1.041656372765133343e+00
-2.859904701014079897e+00
-6.786713462202070835e-01
1.914295956127757270e+00
-1.662024285087920106e+00
4.456194443045287112e-01
-1.275442495862680048e-01
-7.713693895671054346e-01
2.080279961233542529e+00
-2.023919409498564193e+00
-2.034187108961091894e+00
-7.769214308353353249e-02
-6.150139245377529429e-01
-1.477034306737107894e+00
-2.245104010432972252e+00
1.325930532465066092e-01
-4.656874139493451525e-01
1.059188828489897372e+00
7.188556561464914951e-01
-1.284864398024596177e+00
3.900450514526295098e+00
1.938503575789514377e+00
-9.760769615379849551e-02
2.007941081835398656e+00
4.897679418251555949e-01
1.748186093481121528e+00
5.715774692096629028e-01
-8.579604780798651964e-01
-4.199378511771263423e-01
9.255000377362438968e-01
1.475082776359303072e+00
-1.968446017442672114e+00
1.248191184288926170e+00
2.251062814374251264e+00
5.677477694604762259e-01
3.075548123903576236e+00
-2.644193883495793429e-03
1.506568782924749161e+00
3.624857106400765527e+00
1.013592948056198928e-01
-2.035251876594875720e-01
-3.915167568943722642e-02
8.901796672849362491e-01
-9.325141074845982869e-01
-1.492857896417813413e+00
-8.410106308703790834e-01
-1.896396660632423625e+00
1.673389584232558125e+00
-1.119532177437436937e+00
-2.286543245665563440e+00
2.279270252211799352e+00
5.367804949613508292e-02
2.928932188133021586e-01
-6.914330897263748499e-02
-1.072120160324187887e+00
5.521277600235418026e-01
-5.160761937433944180e-01
-1.703379447068663843e+00
-3.420114155524419441e+00
-5.753664243228892028e-01
-7.390703317345835854e-01
-3.928018765971067694e+00
-6.700793269373056527e-01
-1.872593381504973120e+00
-4.754485638603549447e-01
1.361523954512451118e+00
-2.304100343681316776e+00
3.382903248276994956e-01
1.673204166465071863e+00
5.093929709562905472e-01
-6.660682298670582702e-01
-7.447054513443376322e-01
7.159585371658683250e-01
-1.058220743718220724e+00
5.714065069767015892e-03
-1.966414902223501571e+00
-1.979453020477313530e+00
2.500000000000001776e+00
-1.316579215505789824e+00
-7.163793715946511487e-01
1.703223575528716394e+00
9.047036788547950792e-01
2.747900842822387002e+00
1.175521316239237057e+00
1.004571794678982499e+00
1.855512381320738147e+00
2.692577231064827270e+00
1.099332039885940748e+00
-1.675882443529394417e+00
2.016680591754592022e+00
3.722130218415827252e-01
-6.905493685696151296e-01
9.387426315543992983e-01
-1.867448408271016991e+00
1.723599915450158671e+00
2.169875825332710395e+00
-5.657539727621316850e-01
1.057375622795149628e+00
1.948543603957086479e+00
2.547874122689063547e+00
3.368517344320406948e-01
7.065144072710427547e-01
4.654514594153938423e-01
-2.764693149501462610e-01
1.599515731878429214e+00
-3.135671375050282261e+00
-1.960237335483051346e+00
9.876195089635845248e-01
-2.335519227926331709e+00
-1.011002742751615946e+00
-1.443510672071552925e+00
-7.770725773394973057e-01
9.942843335977302743e-01
-1.613733929076609508e-01
-7.148986831847928825e-01
-9.217724793779629167e-01
2.029467069098179977e+00
-6.472709119604956873e-01
-2.626275565346350760e+00
1.343943797484608016e-01
-2.496304859003486420e+00
-7.268305624823766520e-01
-1.450213590062118252e+00
-4.237393137730257386e+00
-2.785259104547755937e-01
-3.015317223052844664e-01
-1.182528655803781303e+00
-1.278768257917421769e+00
3.317260660009545559e-01
1.518551782825731777e+00
1.193202367972373557e-01
1.391592228526275399e+00
-1.000365927418002121e+00
7.814523309826393316e-01
2.589999044032613718e+00
-2.594188910445714313e+00
-4.052113743262195644e-01
3.050198000518307695e-01
-6.943253276572547428e-01
5.308802838204145225e-01
-1.189652680389317707e+00
1.887718460584802971e-01
1.543371575399886453e+00
2.401633743301370139e+00
5.659908352135084586e-01
4.982663800411932797e-01
4.356134556643636024e+00
1.144508634259732149e+00
1.384692874140963870e+00
1.584512187540286110e+00
-8.001472271182670237e-01
2.642981247882915774e+00
8.198952981374407756e-02
-1.910315380601966817e+00
2.173878351786150409e-01
6.351175960715348401e-01
5.712556365285880178e-01
-9.605715139817181392e-01
9.702680206011762287e-01
8.260422527819466509e-01
1.526548488706691575e+00
2.330201434920756043e+00
-1.829757460871835661e+00
1.755923134491645277e+00
2.016563673321225991e+00
-1.738911049130495545e+00
-2.954489291643473958e-01
-1.791465922227780894e+00
-9.383964328923874998e-01
-7.549290889987764208e-01
-2.397824931891406219e+00
-2.369676433678607363e+00
-1.232433907132133966e+00
1.193305949089273010e+00
-2.178458620723962458e+00
-1.138568857467328277e+00
1.387386280558243312e+00
-1.000000000000000000e+00
1.387386280557877383e+00
-1.138568857466877304e+00
-2.178458620724223582e+00
1.193305949089381812e+00
-1.232433907132047812e+00
-2.369676433678771676e+00
-2.397824931891240574e+00
-7.549290889988998776e-01
-9.383964328921748921e-01
-1.791465922228071328e+00
-2.954489291642806714e-01
-1.738911049130240860e+00
2.016563673320761918e+00
1.755923134491933046e+00
-1.829757460872022401e+00
2.330201434920713854e+00
1.526548488707100582e+00
8.260422527816081439e-01
9.702680206013325481e-01
-9.605715139815886872e-01
5.712556365286131088e-01
6.351175960714906532e-01
2.173878351784521157e-01
-1.910315380601721014e+00
8.198952981343010649e-02
2.642981247883247953e+00
-8.001472271182453744e-01
1.584512187539788730e+00
1.384692874141478791e+00
1.144508634259437274e+00
4.356134556643670663e+00
4.982663800411502031e-01
5.659908352135478715e-01
2.401633743301574420e+00
1.543371575399482776e+00
1.887718460583296398e-01
-1.189652680389290618e+00
5.308802838204459418e-01
-6.943253276570180432e-01
3.050198000515537688e-01
-4.052113743260499223e-01
-2.594188910445637930e+00
2.589999044032427644e+00
7.814523309826775233e-01
-1.000365927418300549e+00
1.391592228526325359e+00
1.193202367973719147e-01
1.518551782825669827e+00
3.317260660008259920e-01
-1.278768257917581419e+00
-1.182528655803412709e+00
-3.015317223052421669e-01
-2.785259104548771791e-01
-4.237393137730190773e+00
-1.450213590062428892e+00
-7.268305624823132582e-01
-2.496304859003659615e+00
1.343943797483565517e-01
-2.626275565346015028e+00
-6.472709119605247752e-01
2.029467069098206622e+00
-9.217724793780048831e-01
-7.148986831849091228e-01
-1.613733929076079932e-01
9.942843335977473718e-01
-7.770725773391063962e-01
-1.443510672071983025e+00
-1.011002742751219596e+00
-2.335519227926289076e+00
9.876195089630295243e-01
-1.960237335482388321e+00
-3.135671375050981258e+00
1.599515731878421221e+00
-2.764693149497967628e-01
4.654514594149082862e-01
7.065144072714797385e-01
3.368517344320415829e-01
2.547874122689156362e+00
1.948543603956989889e+00
1.057375622795170500e+00
-5.657539727621463399e-01
2.169875825332086006e+00
1.723599915450952036e+00
-1.867448408271214610e+00
9.387426315541866906e-01
-6.905493685688277594e-01
3.722130218407888602e-01
2.016680591754915763e+00
-1.675882443529247201e+00
1.099332039885520196e+00
2.692577231065189203e+00
1.855512381320401305e+00
1.004571794679053331e+00
1.175521316239126701e+00
2.747900842822532219e+00
9.047036788547593300e-01
1.703223575528371780e+00
-7.163793715939721363e-01
-1.316579215506065825e+00
2.500000000000000888e+00
-1.979453020477090153e+00
-1.966414902224173478e+00
5.714065070119761502e-03
-1.058220743718198298e+00
7.159585371656917996e-01
-7.447054513441897505e-01
-6.660682298672710999e-01
5.093929709564835040e-01
1.673204166464885789e+00
3.382903248279351960e-01
-2.304100343681267926e+00
1.361523954512285695e+00
-4.754485638600886022e-01
-1.872593381505543109e+00
-6.700793269371528860e-01
-3.928018765970847426e+00
-7.390703317349661683e-01
-5.753664243224747565e-01
-3.420114155524545119e+00
-1.703379447068630093e+00
-5.160761937433173685e-01
5.521277600234109073e-01
-1.072120160324222748e+00
-6.914330897290665856e-02
2.928932188136965653e-01
5.367804949604593201e-02
2.279270252211653691e+00
-2.286543245665250801e+00
-1.119532177437870146e+00
1.673389584232779059e+00
-1.896396660632465814e+00
-8.410106308705435074e-01
-1.492857896417489894e+00
-9.325141074847360656e-01
8.901796672851206571e-01
-3.915167568953314969e-02
-2.035251876594492693e-01
1.013592948054968801e-01
3.624857106400413809e+00
1.506568782925191696e+00
-2.644193883879597529e-03
3.075548123903743658e+00
5.677477694608328296e-01
2.251062814373691712e+00
1.248191184289251687e+00
-1.968446017442698093e+00
1.475082776359438519e+00
9.255000377364289710e-01
-4.199378511774017886e-01
-8.579604780798438801e-01
5.715774692093883447e-01
1.748186093481320036e+00
4.897679418250757699e-01
2.007941081835334263e+00
-9.760769615327419269e-02
1.938503575789115585e+00
3.900450514526342172e+00
-1.284864398024720966e+00
7.188556561462629002e-01
1.059188828490173151e+00
-4.656874139493980547e-01
1.325930532463577283e-01
-2.245104010432905639e+00
-1.477034306737193603e+00
-6.150139245376805563e-01
-7.769214308381408585e-02
-2.034187108960998192e+00
-2.023919409498510014e+00
2.080279961233654440e+00
-7.713693895670992173e-01
-1.275442495866158099e-01
4.456194443046979092e-01
-1.662024285087784436e+00
1.914295956127540999e+00
-6.786713462201607872e-01
-2.859904701014270856e+00
-1.041656372764996341e+00
-9.951525794598781172e-01
-1.420407877347469316e+00
-3.230908181577721638e+00
-1.433652048885068142e+00
-1.524674256068352829e+00
-5.700372277163536783e-01
6.727432588801212088e-01
-2.906831639752559759e+00
1.335617509039320305e+00
2.253441102103158400e+00
-9.197126636727724902e-01
9.682974965348414287e-01
-2.617946969626216980e-01
6.659608669950755067e-01
7.501677665419885788e-01
-1.121826795680578304e+00
-1.389050138999243789e+00
-5.408793992430392938e-01
1.671801772406417586e+00
-1.781546176345139232e+00
-6.596461044432608833e-01
2.115345799777597957e+00
1.180339887498806917e-01
2.985111680506344456e+00
9.596923844762433875e-01
3.659419436759324684e-01
4.059691012482508299e+00
1.778618003461571284e+00
5.806591765336847066e-01
2.879773637792548691e-01
1.493563344279330352e+00
7.556995394865908544e-01
-6.972376918000980917e-01
2.297475679991186626e-01
-1.682863743570809589e+00
1.754362417465368029e+00
1.351495958419185905e+00
-2.204877483697444962e+00
2.122846547753179713e+00
1.569356492866351704e+00
1.131643106448424696e+00
1.479287141334547195e+00
-3.699197948017490245e-01
1.079234967301098358e+00
8.806115834841408141e-01
3.488809314105428827e-02
-2.644167960351874402e+00
-1.263007494114610552e+00
7.021706196874609729e-01
-3.246492920638359703e+00
-1.214044780739670149e+00
-1.571466100691500278e+00
-1.761534014300779827e+00
1.690905017650110143e+00
-1.779786990523009926e+00
-1.243028943828266897e+00
1.069149619818099195e+00
6.225770823587084557e-01
-4.440196220427798934e-01
-1.694151544102798113e+00
-1.260944733330060519e-02
-1.422150483334389204e+00
-7.047136754178389140e-01
-1.728652284910452863e+00
-4.190090856869947977e+00
8.312841603369444110e-01
-9.778662730958537219e-01
-2.570046948836857581e+00
2.005025877238777454e-01
-5.349560911178342648e-01
1.503699162863638250e+00
9.869461086781605719e-01
-3.268298627550414854e-13
6.028511189252350189e-01
1.820773771018914022e+00
1.984028953913952620e+00
-2.028496313151242347e+00
5.429178611211030736e-01
9.439212370908869332e-01
-1.184454284775134258e+00
1.124119466390751443e+00
-1.857274717648013773e+00
4.789968466991995077e-02
2.816686459852153046e+00
1.127411780213889436e-01
6.835527703427417556e-01
1.657237790167247482e+00
3.216702272488734415e+00
1.759712452788112502e+00
1.256362056413111272e+00
1.660084417870557161e+00
1.022034140514094247e-01
3.004805373878742358e+00
-5.057924804875166824e-01
-2.320564271121745570e+00
1.774744025909690937e+00
-6.669949626312949853e-01
-3.550264946356785911e-01
-3.689405098396190130e-01
-8.078484488399553243e-01
1.500624400872273334e+00
1.119991607082776897e+00
5.044991661394135907e-01
-8.584793192289394970e-01
2.052933962541846125e+00
1.644184380161027637e+00
-2.077638698703627274e+00
4.283454901654619729e-01
-1.642372418293005953e+00
-1.108974576851622373e+00
-1.176715874024814035e-02
-4.193690448022989514e+00
-1.780349268726675760e+00
-3.691167889727980933e-01
-1.181467945365156647e+00
-1.803871769563931693e+00
-1.232783559949190977e+00
8.548897559665253887e-01
-4.296099370869762568e-01
8.952828641661372266e-01
-1.098048203600022532e+00
-1.421273701872143747e+00
2.500000000000018208e+00
-2.040381725750201714e+00
-2.218928082145382952e+00
-5.116275321577241630e-01
-1.843243755490928226e+00
-2.677794988011684696e-01
-1.796733950228939225e+00
-1.615009655985956361e+00
-1.515121706310535998e-01
1.468967568326166706e+00
7.154142981710789329e-01
-1.285806802735406595e+00
3.005003807499995627e+00
1.702322459522801701e+00
6.862103153886762730e-01
2.076372197120618601e+00
-1.199027511620371911e+00
1.785695084672314525e+00
1.603712269451387895e+00
-1.663288997357889043e+00
-3.713552098011836389e-01
4.598598823785851053e-01
1.297780948102420950e+00
-3.971312658951898777e-01
6.999729052831292764e-01
1.296705334970515100e+00
1.383104958006933005e+00
3.958214562550318227e+00
-3.076985028685790269e-01
1.041504616689963081e+00
3.847340633160077239e+00
9.462712205118928299e-02
7.742035097674986321e-01
-4.140269330862059727e-01
-4.938206282050700557e-01
6.575739853515211175e-01
-8.970967010009021081e-01
-1.571161387793560626e+00
-1.608839708547339598e+00
1.764622826360391139e+00
-3.155738006807222162e-01
-1.631743328898809242e+00
1.738095830089717131e+00
-4.496949394812242984e-01
1.509335713015651059e+00
6.746505516568301886e-01
-2.524835215742409655e+00
7.681641761238711119e-01
-8.660035259292475640e-02
-1.851123003901159247e+00
-2.760073510669832864e+00
-1.779782361524530065e+00
-9.574623845373058106e-01
-2.413889751074352663e+00
-8.979185756213974301e-01
-2.798524318045149784e+00
-3.691113396876967157e-01
2.128424122935748120e+00
-2.445212750272301339e+00
1.702935784272763264e-01
1.048631528082612396e+00
-7.230180764794635895e-02
7.585143492323052072e-01
-1.566815499450043614e+00
-9.056494784220456840e-01
-2.629146141920245539e-01
7.799792987495862695e-03
-2.190115755107468587e+00
-2.328033958616734012e+00
1.773608581641351378e+00
-9.069141786126653226e-01
8.064446389381685343e-02
1.139814031316020770e+00
-3.945838662565143151e-01
3.771015047864327396e+00
1.707106781186545463e+00
-7.462239892471386749e-02
1.962046997620590538e+00
2.020248969179560206e+00
1.404203176606872550e+00
-7.662131248115564564e-01
5.591376528186149386e-01
-4.398220616884013223e-02
4.334083822173305789e-01
1.300187285213850519e+00
-2.506881685150188499e+00
1.677317485736368186e+00
2.697214790464272038e+00
-2.504882323571478997e-01
1.927506639519434017e+00
9.808420086798607107e-01
2.113753427942794083e+00
2.264249582591158383e+00
2.801871511597292530e-01
-2.892175836542010270e-01
8.484933824771223598e-02
1.697082870829556001e+00
-2.417019250523467555e+00
-1.939880089092353987e+00
2.810657420330369138e-01
-2.118033988749902896e+00
5.383666150709750520e-01
-1.496367532031900316e+00
-1.917789668318394591e+00
2.083628907413611842e+00
1.802830218503124193e-01
-6.435565371197220497e-01
-6.358691907373184016e-01
7.410262306602553029e-01
1.384330604744676840e-02
-1.591784989577384124e+00
-9.543311469739750308e-01
-3.241765168938050667e+00
-1.963715063549235085e-01
-9.340563808255710754e-01
-4.700408635921196954e+00
-4.071815292775842199e-01
-7.945022554897002154e-01
-8.698957660686156279e-01
2.472632332311930359e-03
-1.217472356702075098e+00
8.924314595542245376e-01
1.309152762299551132e+00
9.645789943708912295e-01
-1.377572298394132755e+00
1.525825293343677780e-01
2.084996324477563334e+00
-2.043543821879304279e+00
-2.808061998600646092e-01
-9.273253558922914808e-01
-1.353814922842618174e+00
1.976766605397800136e+00
-1.459655202861001033e+00
-7.181431729799380159e-01
1.953905490859549232e+00
1.979482288950381585e+00
1.433675958992881583e+00
6.785553310967677998e-01
2.755901545087761750e+00
1.582172627616348803e+00
2.336958490667691457e+00
1.141895790804363875e+00
-1.679045963753958315e+00
2.841521378439872070e+00
4.569209829402005596e-01
-1.709586317152247625e+00
5.607244344702897454e-01
-5.421495873097813556e-01
1.297290180231466472e+00
7.561597955736427679e-01
-1.031977533327779889e-01
7.307789783763204428e-01
2.217425042563966109e+00
2.614402781784240126e+00
-1.266737873306180262e+00
1.282732677675464394e+00
1.482297795288281650e+00
-1.023840478714523883e+00
7.629771294439345874e-01
-2.827514085024143142e+00
-1.546538783078812429e+00
6.595314505483598211e-01
-2.476673264248986150e+00
-2.157066392709468872e+00
-1.229173564275573671e+00
4.843224962492138630e-01
-6.533087279909861600e-01
-7.297616641949260519e-01
1.366147299550201089e-01
-9.971383108237377169e-01
2.226138714577945876e+00
-1.112480996163399904e+00
-2.922382146737315001e+00
1.021946420078747586e+00
-1.687630912816932227e+00
-1.700023518563727354e+00
-2.022967767600029276e+00
-2.683896278567193594e+00
-4.506207043793584166e-01
-7.214995213016636155e-01
-1.032225103939748090e+00
-1.915348012614490614e+00
1.603951133559819775e+00
1.864096325886727801e+00
-1.204456528575244878e+00
1.864810750538573370e+00
2.068202919753358571e-01
9.649444666317198438e-01
2.090204857936380556e+00
-2.239164097232687389e+00
-1.014160460194621916e-01
9.717776401972623157e-01
-1.677351215646517568e-01
-1.037398163649670302e+00
-5.801431120124977969e-01
1.556445828587043501e+00
4.839270456586500790e-01
2.155033272780799702e+00
5.887091468357047441e-01
7.037438813021560380e-01
