5.000000000000000000e+00
1.098803910227982961e+00
-7.728075185893229504e-02
8.671084011497276478e-01
7.383100783908892462e-01
7.374138014800359908e-01
-2.423192980300885147e+00
-6.664423028700650065e-01
-8.400654006187093792e-01
-1.533547101759187070e+00
1.413202322942680444e+00
-5.265727506360076138e-01
-8.048305703832634439e-01
-7.984706708711328815e-01
6.949062618965043958e-01
1.336813155921233509e+00
-3.652965587791599411e+00
-1.881412237916463948e+00
-1.065668189236016264e-02
-6.745410088946740546e-01
-6.657258037890121383e-01
-1.648937481314532993e+00
1.765127099515021225e+00
1.369349508791878334e+00
1.458483211868640161e+00
3.329751381078660977e+00
2.442102225300079033e-01
9.880235727662974865e-01
1.377809909251572762e+00
1.430881685265721348e+00
-2.478804415497138924e-01
-3.397668783608660092e+00
8.732039199980838884e-01
9.848300476967568606e-01
-1.017852631557891518e+00
-5.946907209985154985e-01
-5.652473082893694212e-01
1.810279002781984614e+00
-5.062413406628478718e-01
-6.833578554857699938e-01
-2.238870945495929909e-01
-3.114679421167125817e+00
-7.600258666080629277e-01
-7.152769079539664787e-01
-1.356636483479695565e+00
-2.045174916666659293e+00
-1.454676866558434867e+00
3.465967400914627738e+00
1.114899366586673546e+00
-1.417962164520020218e-01
1.847858762962590884e+00
1.927883054712408839e+00
2.577925175028126237e+00
-5.091406513523680788e-01
1.962094333575068461e-01
2.830281521615269358e-01
-1.459353903432049959e+00
1.496393666211700335e+00
-2.485662300005342384e-02
-8.104605400084594624e-01
-2.413358337459127201e-01
1.075170334766932356e+00
2.749037545851266806e+00
-2.135289123509154674e+00
-1.670903533147962694e+00
3.795001566720666020e-01
-1.171601089921884498e+00
-1.568900259082517623e+00
-3.437260003746620107e+00
-9.490782750084407748e-01
-6.588430785019330216e-01
-9.494566737640899312e-01
2.005629271240909617e+00
-2.595061956702419126e-01
5.482687904779524057e-01
2.135226241521080315e+00
2.376759077436177758e+00
1.495573297189379591e+00
-2.314181088143389520e+00
1.034684005753019331e+00
1.884148820515976874e+00
-8.150973883128431741e-01
-3.445023803943588758e-01
-5.366651981625565337e-01
2.046454720720661147e+00
8.675650843024887982e-01
3.430225802831371462e-01
1.597939324325743593e+00
-1.631123796973856788e+00
-5.695585438293659930e-02
1.618036742498646374e-01
-1.634546886163812385e+00
-2.844558776066705263e+00
-3.651891110433541421e+00
9.219955942759235912e-01
-5.025891000831692601e-01
-2.412636085725263779e+00
2.899171392678517867e-01
8.806522789405186735e-01
2.414779533806870049e+00
3.090169943749677683e-01
5.147653869594175369e-01
1.288534330030977504e+00
-1.077486482328608108e+00
1.587567860004411191e+00
5.306964592129919112e-01
-1.094926819378034599e+00
-2.410522906294106926e-01
9.431748913876484286e-01
3.642956320503741630e+00
-2.748497383483811674e-01
-5.449404317891057836e-01
2.331605123774178612e+00
6.711603606950309331e-01
6.016378452122739251e-02
-2.435537521366295088e+00
-1.486661501634152893e+00
-1.277898136593851985e+00
-2.787425449034493852e+00
2.567550658958572818e-02
-1.955389648689448201e+00
-1.791325221563858205e+00
7.704323868286082622e-01
1.441268979627795321e+00
1.636231177262707615e+00
-1.999999999999974687e+00
6.106121596874197754e-01
2.484510916165031613e+00
-6.967886459732928195e-01
-5.076540683091994577e-01
-1.023831866083062092e+00
1.185536315380504080e+00
1.056203729087351606e+00
3.462851922450979059e-01
2.602802358879718891e+00
-1.653798961261154776e-02
1.362290706004542384e+00
2.677310042746118945e+00
5.338588677095020829e-01
-8.983685327366529583e-01
-2.901116047901674655e+00
5.781362783174388564e-01
-4.932835763696921116e-01
-3.854187170270697127e+00
-1.541403333125629604e+00
-1.017867931405209703e+00
6.997352281127320328e-01
-3.518954058832483023e-01
-4.661993638260384376e-01
1.199563041553281639e+00
-1.172288258377614190e+00
1.195475580426514917e+00
8.626695969447297774e-01
-1.714579952547528929e+00
-1.061292926656695723e+00
-3.214789837828030405e-01
2.756291413154627890e+00
-6.489329576430388768e-02
-9.410005806115235849e-01
3.060365719487055713e+00
2.264908614880875248e+00
2.201357338614494452e+00
2.595392669148366971e-01
3.201449268716929919e-01
7.633825033163829099e-01
-1.762620119067834779e+00
2.614828846916968930e-01
-1.853904621517362461e+00
-3.230696663006406233e+00
-6.210153025211291311e-01
3.613185179908828815e-03
7.674667122961282839e-01
-2.426418545130942572e+00
-5.516742201416147129e-01
2.539556668821707053e+00
-6.214830931480168630e-01
-7.859795709607173553e-01
-1.548039819147176699e+00
-2.768921637079846398e-01
9.636278161830857947e-02
-1.199015542779641619e+00
1.394722093102604976e+00
-5.046568824330044389e-01
6.812791819545644945e-01
3.610586324184785312e+00
2.154126246851508775e+00
1.366183277672720742e+00
-6.333368034526785095e-01
2.223803224427439051e+00
1.974830824094762516e+00
-2.605116781130074166e+00
-1.258788994554177254e+00
-1.229935550537948341e+00
-2.420359822260015337e-01
-7.719228515421339143e-01
-1.536126349880655884e+00
6.380305651088437058e-01
-1.412715100313943761e+00
6.466786853744589392e-01
1.402981713378405271e+00
-1.809016994375008736e+00
-1.591877332988864246e+00
-1.465085820881912415e+00
1.160545926322672727e+00
-1.059840212470356979e+00
-3.136466036013869640e+00
1.220097256773111427e+00
1.314580665064196907e+00
1.835493074726957996e+00
1.221155369950244651e+00
1.282062783628129310e+00
2.788131608820932694e+00
4.307808998466448047e-01
2.135633257298969134e+00
4.668529639100315598e-01
-2.404028881578041066e+00
-2.690777773810401063e-01
-3.493406655599440302e-02
5.542632925086514728e-01
-2.388283019903421955e+00
-1.572276797497036194e+00
2.531389091773162292e+00
-1.214471037328063163e-01
-5.015615355568646683e-01
-1.065865262025456506e+00
-7.486125509945182888e-01
-1.738873739488356884e-01
-2.319931515870359284e+00
-3.633877229567831213e-01
-2.150255632047458842e+00
-2.044786359927921016e+00
1.788756778992234953e+00
1.046825240818126890e+00
9.610013250381117533e-01
-2.263452379826642602e-01
2.664955989679174131e+00
4.140699307512741179e+00
-4.847393031904008165e-01
3.027245016965148805e-01
3.107640492584290426e-01
4.035699738980757512e-01
1.136002217475420295e-01
-1.527411422788828688e+00
5.090015531867573273e-01
-1.237332342854959188e+00
3.006583703157341692e-01
2.334887784368571584e+00
-9.081017574080170185e-01
-9.336428631732741623e-01
-9.829519009550518049e-01
9.999999999999411582e-01
-8.125879012164994863e-01
-4.513099542070419190e+00
-9.721646512394377382e-01
-7.469069870728215488e-01
-6.352917587515372055e-01
-4.275800528598246442e-01
-4.779682160769942456e-01
2.049094435368647993e+00
6.643425178427813105e-01
2.637885574846134062e+00
2.393202522557269063e+00
-1.062282692740175394e+00
8.567096502221418497e-01
1.091892413530251904e+00
1.271104677880246392e+00
-1.501501596403004068e+00
-2.045945284371097461e+00
2.524510606804984292e+00
6.057983733566427720e-01
6.055695729880683498e-02
2.164819043401623455e-01
1.044400909633891317e-01
1.182557523846675895e+00
-1.249183980469668054e+00
-1.535004815959191693e-01
-2.026003906836969737e+00
-3.706813772741897939e+00
-1.541334776364177150e-01
-9.393447168333168840e-01
-1.352181790669215955e+00
-2.162226731838896576e+00
4.311913905877426956e-01
3.641487239143369692e+00
-1.794384883075966775e-01
5.432692797356537540e-01
1.373610730821966497e+00
1.112307768116335138e+00
1.329836730247768495e+00
-8.509193644263418621e-01
6.551035386289628670e-01
-8.711341138906065762e-01
-2.164187642977871695e-01
2.859990976894773773e+00
1.562196940757476504e-02
-5.593387200160304662e-02
4.444652829579333608e-01
2.309094966409989347e+00
1.490217900648756366e+00
-3.204423101648705252e+00
-8.090169943750179504e-01
-7.173050383765204874e-01
-1.842488651489604390e+00
-1.791156336496469326e+00
-2.779358589831019799e+00
-3.726245079513387237e-01
-1.152132491629901390e+00
7.369236435929731321e-01
2.087332413870168768e+00
-1.263187774861512569e+00
7.455638093534557864e-01
1.703011346824985894e+00
1.772520249956627714e+00
-5.546905804775215110e-01
-2.395062345235696721e+00
2.044763855553804355e+00
8.083757220834772994e-01
-1.916709921920735638e-01
7.303696521800313590e-01
5.826446882196879562e-01
2.490764139565391222e+00
7.926558527288312117e-01
1.664198775333459279e+00
4.660951175449586370e-01
-2.509409708753564061e+00
4.459125885630865760e-01
-5.622531793457294924e-01
-2.157907140107897526e+00
-3.440817615073602731e+00
-2.126801791424549837e+00
1.749000174907821226e+00
-1.437878512198725867e+00
-1.103733534932374916e+00
7.473576080912829323e-01
5.443299867355911870e-01
1.559016732310928521e+00
-4.876593569238393266e-01
4.859910046907465753e-01
-7.325372609622239350e-01
-1.216129182387855501e+00
2.311971695252635683e+00
-1.594031635520072321e-01
-6.159240225226370047e-01
6.099606399601660289e-01
2.718797308418349878e+00
3.512116078003355568e+00
-9.380754519097508348e-01
9.324441728592417489e-01
1.697608153328393765e+00
-2.485778231413352524e-01
-4.457457303721773512e-01
-2.528829910646661183e+00
-1.224797938166657163e+00
-2.133089342073620109e+00
-1.269773753052961363e+00
8.804628381190692243e-01
-2.472234370331038988e+00
-7.418181511671440020e-01
1.206107333796398118e+00
1.451252436620748210e+00
-7.684909785581339747e-02
-2.773933044566558870e+00
1.168130095879734043e+00
5.522073625045789136e-01
-1.340435085384658276e+00
-1.978860924314266301e-01
-6.129003249171508516e-01
1.683651956006702921e+00
1.103388397467890858e+00
2.184718350358290095e+00
2.481769120925942040e+00
-6.027936343966400212e-01
2.381723804654339638e+00
2.105118312694676419e+00
-2.853378292977399866e-01
-1.999999999999917399e+00
-2.256952834967888233e+00
1.310040806745747854e+00
-1.711840251159212123e+00
-2.584479484010860695e+00
-3.057790400205999681e-01
-6.172665436373466763e-01
9.672135076644322593e-01
-4.641268587256232037e-01
1.264513754281722802e-01
-5.170749843924969946e-01
-2.009217530094456361e+00
1.466549302486121364e+00
-7.803768908644365121e-01
-2.328521223456567757e+00
-9.999982411488623768e-01
8.971978395973821963e-01
2.945610460630186722e+00
-6.939883403245108440e-01
1.019546454038069649e+00
3.324005361214011245e+00
1.661851794042042751e+00
2.022608359146138124e+00
-1.333889231864104907e-01
2.566662637922352275e-01
-6.909830056249308683e-01
-1.166574554409882891e+00
1.029076810552790544e+00
-2.637547586304738623e+00
-1.978352225071431825e+00
6.111732232006512611e-01
9.554721210316716729e-01
2.878859603566027436e-01
-2.711102584200472787e+00
6.739828867655737188e-01
9.098499157083813627e-01
-1.907868458823154034e+00
-1.069376663026362806e+00
-2.170375085461226483e+00
-5.187249733848178224e-01
-5.698355368020501244e-01
1.850056655594192190e-01
1.699193981243581675e+00
-1.006163235847660875e+00
2.285368479332499536e+00
3.742797184086504192e+00
1.605665091933734967e+00
3.450524190850987605e-01
-6.297889608335800471e-01
2.650314456085284043e+00
4.034426306412225438e-02
-2.324541688105241199e+00
-2.215361494489426208e-01
-9.697274458183356982e-01
5.547008688821283284e-01
-1.927155046282555684e-01
4.520895677917186051e-02
2.072791047222940497e-01
-1.775578707224323427e+00
1.595615309766005740e+00
-1.097590571813896188e-01
-2.998399417155046542e+00
-2.197891988967608956e+00
-1.224152523828363925e+00
9.451695121794766452e-01
-2.367742396373445857e+00
-1.510538956688276535e+00
2.022330536212117114e+00
1.012986801698447348e+00
2.309911783511074290e+00
1.185532692014746647e+00
1.450855761899204177e+00
1.289803651114748373e+00
1.808718378084531730e-01
2.458102447627158238e+00
-1.229824774212583849e+00
-2.066280371907967872e+00
7.037655775403071079e-01
9.007565356156439496e-01
7.890377775124771675e-01
-2.141984540007907611e+00
7.095399809989343387e-01
2.225801080176084135e+00
-9.150302134763300677e-01
-2.726150925999379915e-01
-1.807405388450932016e+00
-1.353875142199971071e+00
-1.488076459858200140e+00
-1.884721574149771595e+00
-2.956202294630748684e-01
-3.193083577250654947e+00
-4.740296592904288953e-01
2.521202743117221701e+00
9.602792027866647873e-01
5.956220984700812959e-01
-1.268821876216527089e-01
3.367430629157465827e+00
2.027536898842902779e+00
-1.249655104233732716e+00
6.525562096500451270e-01
-4.276383484882808617e-01
5.224233608913273486e-01
3.038763783800930707e-01
3.368340361757948820e-02
9.033300799153647365e-01
-1.067341520722589365e+00
2.369003925342181738e+00
1.970366786661188030e+00
-1.635252912195019448e+00
-1.188730452862138298e+00
-1.020060698225778717e+00
6.182652496094408479e-01
-2.826716872659505331e+00
-3.802838307004796636e+00
-2.501956962264685336e-01
-1.287621283884084589e+00
1.259124544122331990e-01
3.047023510659815915e-02
2.960287805748979539e-01
1.309441747324525673e+00
4.004510208229411505e-01
3.159961532593765554e+00
2.696307131473648644e-01
-1.816915858130639938e+00
9.921832192591466537e-01
1.000000000000000000e+00
9.921832192590352983e-01
-1.816915858130406569e+00
2.696307131470195850e-01
3.159961532593930755e+00
4.004510208229490331e-01
1.309441747324399996e+00
2.960287805751734558e-01
3.047023510639629285e-02
1.259124544124825551e-01
-1.287621283884104795e+00
-2.501956962265143858e-01
-3.802838307004516416e+00
-2.826716872659837954e+00
6.182652496095863981e-01
-1.020060698225854434e+00
-1.188730452862246434e+00
-1.635252912194895547e+00
1.970366786660850078e+00
2.369003925342442418e+00
-1.067341520722667969e+00
9.033300799152872429e-01
3.368340361780264303e-02
3.038763783798488216e-01
5.224233608915577198e-01
-4.276383484884205832e-01
6.525562096500130416e-01
-1.249655104233590386e+00
2.027536898842552837e+00
3.367430629157720734e+00
-1.268821876217435252e-01
5.956220984700696386e-01
9.602792027868637392e-01
2.521202743117165301e+00
-4.740296592904214013e-01
-3.193083577250646066e+00
-2.956202294629634020e-01
-1.884721574149721413e+00
-1.488076459858459710e+00
-1.353875142199611137e+00
-1.807405388451164274e+00
-2.726150925998971353e-01
-9.150302134761268968e-01
2.225801080175838109e+00
7.095399809990549089e-01
-2.141984540008127436e+00
7.890377775125925197e-01
9.007565356157685166e-01
7.037655775400113445e-01
-2.066280371907743607e+00
-1.229824774212692873e+00
2.458102447627210640e+00
1.808718378083817857e-01
1.289803651114664218e+00
1.450855761899296326e+00
1.185532692014618972e+00
2.309911783511056527e+00
1.012986801698513961e+00
2.022330536212013197e+00
-1.510538956688274759e+00
-2.367742396373355263e+00
9.451695121796023225e-01
-1.224152523828462069e+00
-2.197891988967672017e+00
-2.998399417155015456e+00
-1.097590571819055394e-01
1.595615309766138079e+00
-1.775578707224231723e+00
2.072791047220390315e-01
4.520895677943503888e-02
-1.927155046283636208e-01
5.547008688823977796e-01
-9.697274458182546519e-01
-2.215361494490459826e-01
-2.324541688104864168e+00
4.034426306345637037e-02
2.650314456085621551e+00
-6.297889608335899281e-01
3.450524190848117678e-01
1.605665091933957012e+00
3.742797184086044560e+00
2.285368479333088843e+00
-1.006163235847746584e+00
1.699193981243349638e+00
1.850056655599223721e-01
-5.698355368024008438e-01
-5.187249733844723210e-01
-2.170375085461380138e+00
-1.069376663026377239e+00
-1.907868458822973512e+00
9.098499157077695187e-01
6.739828867662132073e-01
-2.711102584200598908e+00
2.878859603562096137e-01
9.554721210318452007e-01
6.111732232003502796e-01
-1.978352225071236870e+00
-2.637547586304850977e+00
1.029076810552717269e+00
-1.166574554409678388e+00
-6.909830056252408426e-01
2.566662637925069546e-01
-1.333889231865205138e-01
2.022608359146096824e+00
1.661851794042240149e+00
3.324005361213762111e+00
1.019546454038406269e+00
-6.939883403246570603e-01
2.945610460630126326e+00
8.971978395975938048e-01
-9.999982411490974110e-01
-2.328521223456401668e+00
-7.803768908646692148e-01
1.466549302486102047e+00
-2.009217530094323578e+00
-5.170749843927795464e-01
1.264513754284239677e-01
-4.641268587258080558e-01
9.672135076645652640e-01
-6.172665436370726733e-01
-3.057790400207293091e-01
-2.584479484010403283e+00
-1.711840251159447934e+00
1.310040806745861985e+00
-2.256952834967778987e+00
-2.000000000000070610e+00
-2.853378292978571151e-01
2.105118312694441940e+00
2.381723804654447552e+00
-6.027936343966810995e-01
2.481769120925822580e+00
2.184718350358553884e+00
1.103388397467865545e+00
1.683651956006853911e+00
-6.129003249170852374e-01
-1.978860924313903258e-01
-1.340435085384465541e+00
5.522073625042792644e-01
1.168130095880022701e+00
-2.773933044566597950e+00
-7.684909785598403875e-02
1.451252436620889652e+00
1.206107333796190950e+00
-7.418181511668762163e-01
-2.472234370331184650e+00
8.804628381189523179e-01
-1.269773753052657828e+00
-2.133089342073957617e+00
-1.224797938166516609e+00
-2.528829910646746004e+00
-4.457457303722741626e-01
-2.485778231411497896e-01
1.697608153327941904e+00
9.324441728596523093e-01
-9.380754519099946398e-01
3.512116078003178377e+00
2.718797308418723802e+00
6.099606399597744533e-01
-6.159240225223072684e-01
-1.594031635519382872e-01
2.311971695252597492e+00
-1.216129182387890140e+00
-7.325372609623463926e-01
4.859910046907785497e-01
-4.876593569239946468e-01
1.559016732310949394e+00
5.443299867356125032e-01
7.473576080911707997e-01
-1.103733534932412441e+00
-1.437878512198714986e+00
1.749000174907891392e+00
-2.126801791424642651e+00
-3.440817615073737734e+00
-2.157907140107691468e+00
-5.622531793458324101e-01
4.459125885630403907e-01
-2.509409708753604917e+00
4.660951175449280504e-01
1.664198775333652902e+00
7.926558527286807765e-01
2.490764139565573743e+00
5.826446882197798827e-01
7.303696521799051267e-01
-1.916709921917766624e-01
8.083757220833237556e-01
2.044763855553751952e+00
-2.395062345235841939e+00
-5.546905804776726123e-01
1.772520249956888838e+00
1.703011346824572225e+00
7.455638093538776712e-01
-1.263187774861550094e+00
2.087332413869749104e+00
7.369236435937573937e-01
-1.152132491630251776e+00
-3.726245079509352687e-01
-2.779358589830775994e+00
-1.791156336496729340e+00
-1.842488651489194496e+00
-7.173050383770728233e-01
-8.090169943747451686e-01
-3.204423101648918859e+00
1.490217900648219240e+00
2.309094966410206951e+00
4.444652829577592223e-01
-5.593387200140265136e-02
1.562196940740911977e-02
2.859990976894663639e+00
-2.164187642971875936e-01
-8.711341138909753923e-01
6.551035386291953477e-01
-8.509193644262869061e-01
1.329836730247508036e+00
1.112307768116562290e+00
1.373610730821661408e+00
5.432692797360230141e-01
-1.794384883078612436e-01
3.641487239143206711e+00
4.311913905884382503e-01
-2.162226731839052896e+00
-1.352181790669037209e+00
-9.393447168333345365e-01
-1.541334776364673420e-01
-3.706813772741740731e+00
-2.026003906837332558e+00
-1.535004815956759194e-01
-1.249183980469871447e+00
1.182557523846591740e+00
1.044400909636914454e-01
2.164819043399514031e-01
6.055695729922078163e-02
6.057983733564853424e-01
2.524510606805071777e+00
-2.045945284370725314e+00
-1.501501596403149730e+00
1.271104677880183997e+00
1.091892413530187067e+00
8.567096502220453713e-01
-1.062282692740306178e+00
2.393202522557092760e+00
2.637885574846256187e+00
6.643425178426937139e-01
2.049094435368679079e+00
-4.779682160768120580e-01
-4.275800528599180139e-01
-6.352917587512778574e-01
-7.469069870729982963e-01
-9.721646512392496664e-01
-4.513099542070323267e+00
-8.125879012167847026e-01
1.000000000000204725e+00
-9.829519009551757058e-01
-9.336428631731734651e-01
-9.081017574079620625e-01
2.334887784368340213e+00
3.006583703159736443e-01
-1.237332342855174350e+00
5.090015531868130605e-01
-1.527411422788844231e+00
1.136002217472313891e-01
4.035699738983631324e-01
3.107640492581243974e-01
3.027245016966038094e-01
-4.847393031905178340e-01
4.140699307512512917e+00
2.664955989679465898e+00
-2.263452379829085648e-01
9.610013250381951311e-01
1.046825240818195724e+00
1.788756778992176333e+00
-2.044786359927742936e+00
-2.150255632047489041e+00
-3.633877229566572220e-01
-2.319931515870357508e+00
-1.738873739487715175e-01
-7.486125509944171474e-01
-1.065865262025636584e+00
-5.015615355568096012e-01
-1.214471037328480607e-01
2.531389091773116107e+00
-1.572276797497122569e+00
-2.388283019903631121e+00
5.542632925088112339e-01
-3.493406655613806588e-02
-2.690777773810963946e-01
-2.404028881577988219e+00
4.668529639097788730e-01
2.135633257299312859e+00
4.307808998465415540e-01
2.788131608820914487e+00
1.282062783628354019e+00
1.221155369949991298e+00
1.835493074727204021e+00
1.314580665064014386e+00
1.220097256772955996e+00
-3.136466036013714209e+00
-1.059840212470563259e+00
1.160545926322958277e+00
-1.465085820882213730e+00
-1.591877332988822058e+00
-1.809016994374701870e+00
1.402981713378288475e+00
6.466786853744899144e-01
-1.412715100314073213e+00
6.380305651088974406e-01
-1.536126349880542863e+00
-7.719228515422326131e-01
-2.420359822259002536e-01
-1.229935550537982092e+00
-1.258788994554233875e+00
-2.605116781129927173e+00
1.974830824094730541e+00
2.223803224427609138e+00
-6.333368034529651691e-01
1.366183277672496033e+00
2.154126246851647331e+00
3.610586324184632545e+00
6.812791819552803663e-01
-5.046568824333196313e-01
1.394722093102878535e+00
-1.199015542779396704e+00
9.636278161782829699e-02
-2.768921637074551190e-01
-1.548039819147495999e+00
-7.859795709604988634e-01
-6.214830931481936105e-01
2.539556668821370877e+00
-5.516742201410860247e-01
-2.426418545131350246e+00
7.674667122959106802e-01
3.613185179995981322e-03
-6.210153025210329858e-01
-3.230696663006127789e+00
-1.853904621517562745e+00
2.614828846918352268e-01
-1.762620119067856539e+00
7.633825033160239748e-01
3.201449268718461472e-01
2.595392669142221331e-01
2.201357338614502890e+00
2.264908614880858373e+00
3.060365719487039726e+00
-9.410005806109911219e-01
-6.489329576461805305e-02
2.756291413155055103e+00
-3.214789837825740015e-01
-1.061292926656849156e+00
-1.714579952547336639e+00
8.626695969442267353e-01
1.195475580426771600e+00
-1.172288258377687242e+00
1.199563041553079135e+00
-4.661993638256722861e-01
-3.518954058835422893e-01
6.997352281131762330e-01
-1.017867931405283866e+00
-1.541403333125699326e+00
-3.854187170270526153e+00
-4.932835763703119492e-01
5.781362783177359521e-01
-2.901116047901717732e+00
-8.983685327367426643e-01
5.338588677095517099e-01
2.677310042745809415e+00
1.362290706004615659e+00
-1.653798961265118272e-02
2.602802358879715339e+00
3.462851922454037723e-01
1.056203729087298981e+00
1.185536315380704364e+00
-1.023831866083082964e+00
-5.076540683091570472e-01
-6.967886459733769744e-01
2.484510916164666572e+00
6.106121596876576962e-01
-2.000000000000231815e+00
1.636231177262835290e+00
1.441268979627948088e+00
7.704323868285390953e-01
-1.791325221563377479e+00
-1.955389648689534132e+00
2.567550658970141342e-02
-2.787425449034408587e+00
-1.277898136594001421e+00
-1.486661501634014781e+00
-2.435537521366630376e+00
6.016378452126180942e-02
6.711603606950281575e-01
2.331605123774052934e+00
-5.449404317887531768e-01
-2.748497383487120693e-01
3.642956320503939249e+00
9.431748913876898399e-01
-2.410522906293944834e-01
-1.094926819377753935e+00
5.306964592128878833e-01
1.587567860004662545e+00
-1.077486482328577466e+00
1.288534330030846053e+00
5.147653869594508436e-01
3.090169943747342329e-01
2.414779533807007716e+00
8.806522789404904739e-01
2.899171392678073778e-01
-2.412636085724995993e+00
-5.025891000832324318e-01
9.219955942761569601e-01
-3.651891110433652443e+00
-2.844558776066892225e+00
-1.634546886163707136e+00
1.618036742495110869e-01
-5.695585438285832858e-02
-1.631123796974037976e+00
1.597939324325666099e+00
3.430225802835743520e-01
8.675650843023925418e-01
2.046454720720951137e+00
-5.366651981625347734e-01
-3.445023803944419205e-01
-8.150973883125272046e-01
1.884148820515590295e+00
1.034684005752990910e+00
-2.314181088143570264e+00
1.495573297189382700e+00
2.376759077436424228e+00
2.135226241520801871e+00
5.482687904779564025e-01
-2.595061956702851003e-01
2.005629271240992217e+00
-9.494566737639185128e-01
-6.588430785019190328e-01
-9.490782750082438213e-01
-3.437260003746517523e+00
-1.568900259082540938e+00
-1.171601089921798122e+00
3.795001566719377606e-01
-1.670903533148039077e+00
-2.135289123509111153e+00
2.749037545851107378e+00
1.075170334767213243e+00
-2.413358337463011316e-01
-8.104605400082096622e-01
-2.485662300036073358e-02
1.496393666211790707e+00
-1.459353903431851673e+00
2.830281521612647566e-01
1.962094333579618155e-01
-5.091406513528166089e-01
2.577925175028054294e+00
1.927883054712423050e+00
1.847858762962260482e+00
-1.417962164516753387e-01
1.114899366586105778e+00
3.465967400914836904e+00
-1.454676866557893078e+00
-2.045174916666843590e+00
-1.356636483479294553e+00
-7.152769079541534403e-01
-7.600258666077999159e-01
-3.114679421167033446e+00
-2.238870945500571752e-01
-6.833578554855406217e-01
-5.062413406634160840e-01
1.810279002782125612e+00
-5.652473082892598422e-01
-5.946907209987800647e-01
-1.017852631557501830e+00
9.848300476963864902e-01
8.732039199982593036e-01
-3.397668783608647214e+00
-2.478804415499983316e-01
1.430881685265977143e+00
1.377809909251565434e+00
9.880235727665263035e-01
2.442102225299550566e-01
3.329751381078499328e+00
1.458483211868879303e+00
1.369349508791619208e+00
1.765127099515154896e+00
-1.648937481314539877e+00
-6.657258037890221303e-01
-6.745410088944436833e-01
-1.065668189249622047e-02
-1.881412237916197716e+00
-3.652965587791806357e+00
1.336813155921073193e+00
6.949062618966421745e-01
-7.984706708715407775e-01
-8.048305703830880287e-01
-5.265727506361840282e-01
1.413202322942691325e+00
-1.533547101758818698e+00
-8.400654006189685052e-01
-6.664423028695884987e-01
-2.423192980300960642e+00
7.374138014799344054e-01
7.383100783909100073e-01
8.671084011493161992e-01
-7.728075185874438979e-02
1.098803910227434066e+00
