5.000000000000000000e+00
1.075281417689233798e+00
2.886332841855912545e-01
1.548556768503874803e+00
7.012237624214466836e-01
1.159471668037677539e+00
-8.138319262348240324e-01
-4.872375259894358712e-01
-2.207533725694331928e+00
-1.870810771685383012e+00
1.688931029160398722e+00
-2.182183683107297600e+00
-2.383787297941692973e+00
-2.112339893227581922e-01
3.729822213784994567e-02
7.655167047009724390e-01
-9.343609366963684382e-01
3.739816404016534368e-01
-8.392569764018502632e-01
-6.253191306747712952e-01
2.421269376424785680e+00
-1.812382336857741638e+00
-2.196264755286250647e+00
-2.048130738326283395e-01
2.865833976015963458e-02
2.100407646309445653e-01
-1.617996433039282422e+00
6.193296236657923615e-01
1.454190971907857177e-01
7.068964376610628042e-01
3.979629391439400088e+00
3.190145061352299694e-01
4.820223852739793369e-01
2.548686533348646588e+00
2.605758640454633124e+00
1.748475452388056350e+00
-1.074392125427121147e+00
7.829989051338923645e-01
-5.638721998338516173e-01
-1.318097674562406230e+00
7.983510580941205470e-01
-3.162351508763530994e+00
-2.898398500593379445e+00
-7.567092620419053617e-01
-2.210733812247235308e-01
-7.545724984660324708e-01
-2.757627481994266549e+00
6.319991644579378010e-01
2.510551247128989805e-01
-1.782593857325135422e-01
2.123344774672791146e+00
-1.234485485313929543e+00
-6.789091789615135930e-01
1.015743371435282372e+00
1.101844188378482858e+00
-2.018261018799717421e-01
-2.620272182192935340e+00
9.654527266164015797e-01
3.941567379529348214e-01
-4.518555217751503150e-01
1.806016025270196224e+00
-7.170572257979989095e-01
5.679460991984481844e-01
2.360339185375543547e+00
2.699909453846148111e+00
1.368040835607476025e+00
-1.028481004986376401e+00
2.650722049281092563e+00
1.364664070191464296e+00
-7.134829979361673180e-01
4.610080036732702169e-01
-2.416827623569036021e+00
-1.695581825020314293e+00
-9.406205590271510264e-01
-9.611904331248276590e-01
-2.282580374074133278e+00
-4.118186120198286559e+00
5.831807428938170501e-01
1.709674615146108967e-02
-1.420404846433738877e+00
6.946611183206428120e-01
-6.690616209953138549e-01
9.123749313634655911e-01
1.542950355137722163e+00
1.613655899150227668e+00
2.238676395939451780e-01
-1.824029295480064317e+00
2.499824243386404632e+00
1.042921118807263126e+00
-1.312471091854425786e+00
3.033112230723633562e-01
-7.722456032124161984e-01
7.640472358979808476e-01
8.689152218778979364e-01
1.228388013541438450e+00
4.115706523576224130e-01
-1.093338827776772160e+00
3.548607379162100450e+00
1.923128746942844636e+00
-7.303832276835187098e-01
6.180339887498945695e-01
-4.303060372109377418e-01
3.756879691123574672e-01
-9.325903776800025247e-01
-1.179043184602226457e+00
-2.249220551597585604e+00
-3.952806355771619096e+00
5.393493274408831528e-01
-1.087307782411455648e+00
-3.223274343542046338e+00
-9.263989520271820322e-01
-4.721635043765902706e-01
1.267949762739349229e+00
3.147040143358040831e-01
1.109595062196431225e+00
1.008324382520105145e+00
-3.588352921016789709e-01
3.822730911679294685e+00
1.575420547416823247e+00
-1.115213711038026911e+00
5.255460221393257747e-01
5.475368200879505709e-01
1.314815343524140534e+00
-8.596351786917195703e-01
-1.667831078158507341e-01
1.842970220877759857e-14
-1.304776134955753175e+00
2.783253674839862413e+00
7.289952443624527767e-01
-1.370788810098582999e+00
6.901084994080941559e-01
1.159091588194370637e+00
1.654681614696155156e+00
-1.266436377612881747e+00
-5.952543607083882193e-01
-5.335307732100189604e-01
-2.512300742624950178e+00
6.288992159379125368e-01
-1.875503130479268199e+00
-3.796442875283903451e+00
-1.556526107761984523e+00
-5.240496142736275065e-01
3.853874527202486577e-01
-2.065428054762868726e+00
4.576274761559950138e-02
1.485389095026330875e+00
1.925397870317003823e-01
3.522455588164476126e+00
1.411096380200024925e+00
-6.816744311017799984e-02
1.817610026505123599e+00
2.248018606082858195e+00
2.062832803552363981e+00
-1.640043070030696715e+00
-1.733933292284903574e-02
8.764597795305593131e-01
-1.340824090523801360e+00
1.119996746953539457e+00
-9.570663874936559123e-01
-1.804213237090597222e+00
2.944737027324663692e-01
1.108394886131268020e+00
1.227928623116064433e+00
-2.194520419894952390e+00
2.012255824307458696e-01
1.421659446321405174e+00
-1.200620430174297093e+00
5.610224184113778989e-01
-1.634339078346156215e+00
-2.388372533164573763e+00
-9.213482172892872857e-01
-5.261437566099417262e-01
-5.630365403660024803e-01
-3.816906517688244183e+00
-5.381188008394501843e-01
1.451326498519309283e+00
-6.903673916019336110e-01
1.578460200717918704e+00
5.740332493595001750e-01
1.003414385070576786e+00
2.519263483394084346e+00
2.794615847311646917e+00
2.514194411897570980e+00
-1.224627921799170238e+00
1.579395553645776884e+00
2.544713291731069305e+00
-9.925977893886561709e-01
-2.044130678234512555e-02
-1.437209717316405566e+00
-1.127781888360896545e+00
-3.794487175078801178e-01
-3.182559591000381216e-01
-1.776184540258661793e-01
-3.232221641573883364e+00
4.653482155219826333e-01
1.969339890307938434e+00
-1.253108726903653825e+00
-2.892012322609116559e-02
-7.411876182228147592e-01
-9.356168362170014241e-03
1.099120794378904975e-14
-4.644953970521515374e-01
-4.523263050619258374e-01
-3.626080943990541705e+00
-3.214990014959567821e-02
1.205609125089237565e+00
-2.041597300627633338e+00
-5.210106511112512218e-01
-2.031943525783741489e-01
1.516160059615193623e+00
1.596391328566908463e+00
1.584617578369893254e+00
2.386749115190333725e+00
-3.675266519840922896e-01
3.081778806177715602e+00
3.591168461956026903e+00
-4.666187462281004006e-01
1.072174200330463512e-01
-2.161800929701428453e-01
6.463545558986847350e-01
-8.724753765006875161e-01
-1.695484283031806205e+00
-8.756511856981670228e-01
-3.492260943198096879e+00
4.435410066871248169e-02
7.671567732933840533e-01
-2.503087225206729549e+00
-1.024171888998751889e+00
-1.745856181375773364e-01
1.511903921497093073e+00
-1.175053500450922717e-01
-6.426777031377575167e-01
7.273614091830127304e-01
-1.877394225767086144e+00
1.047805419394962190e+00
1.052755407114633446e+00
-2.413749716963854652e+00
-1.122561118429758364e+00
-1.739318836814673919e-01
1.584086408745843499e+00
-3.814244971149738372e-01
-3.915983732684539809e-01
2.012269956152791917e+00
3.871218330163106458e-02
3.005530771197742368e+00
2.987494748504914366e+00
-1.323666388750934231e-01
1.004493821170656442e+00
1.508820829139140063e+00
2.419847561430141791e+00
-9.999999999999145128e-01
-1.825764398276194855e+00
1.382443661177041871e-01
-2.577070685443876297e+00
-5.804571185514469933e-01
-9.914412916482077121e-01
-3.478528765245334053e+00
-1.753765495688942577e+00
-5.203876653043875145e-01
1.220349535254938056e+00
-1.602804905513831590e+00
-1.234040290795357819e+00
1.950204781308556790e+00
-2.827388211679762176e-01
1.472341852633142878e+00
9.118190943429208550e-01
-1.273518189141903623e+00
4.691188052531436448e-02
5.858101023228873272e-01
1.693026963060339174e+00
-1.819660972212012284e+00
-1.411415285137506581e+00
2.052053333445334360e+00
-1.916887063904614275e-01
1.347941818362175637e+00
1.134956259297039693e+00
-1.922202090205293867e-02
1.575217365163299466e+00
1.989402418674562245e+00
2.950867005613184713e+00
-9.870775952757143701e-01
-7.970081669545264758e-01
2.165233838543351386e+00
-1.114463823304517653e+00
-8.840468700139931801e-01
-1.781514357023741946e+00
-2.806198224808632347e+00
-1.605845236431687972e+00
-1.489982683010242726e+00
-1.439995285940565140e-01
-3.349004688654359185e+00
-1.915580020644334081e+00
2.193096386540975828e+00
-2.617366825631667338e-01
5.167122786046856042e-01
4.830467259149842651e-01
5.538329127290253506e-01
1.627501998709364184e+00
1.117965394107887978e+00
2.067629366793942935e+00
-1.618033988749795427e+00
-6.325310512524243700e-01
2.740555996789459048e+00
-5.169837478084715610e-01
-4.219473531806796629e-01
-4.283134047563046942e-01
2.942099755214337975e-01
1.239954423287578322e+00
6.016326738699514509e-01
2.058623468439080284e+00
-1.078488537334895581e+00
2.535503550588125155e-01
3.414513206792298750e+00
-2.800098714590970594e-01
-8.062127137440966429e-01
-1.175619079873580830e+00
-5.939408705494311214e-01
-7.299083253371396740e-01
-2.338492018796114014e+00
-9.444614336427916701e-01
-3.794111462891407438e+00
-2.096203078539355058e+00
1.350022093812749180e+00
-1.628720391604605577e+00
-1.203829218387588273e+00
-2.757559939343071087e-01
1.733928766954395906e+00
1.930925445902565984e+00
4.876561750262589090e-01
2.456907034276449409e+00
-1.503053726686782721e-01
1.094260610025621583e+00
3.474802773077946938e+00
-3.602989887089451670e-01
-7.590896745942520285e-01
-4.581520981179362240e-01
1.186081029194829606e+00
4.068375715924343883e-01
-1.553202953505807837e+00
8.725279652620409054e-01
-1.146032285862558897e+00
3.291870023742870521e-01
2.684913221879485778e+00
-6.714552250547973777e-01
-6.534937099975229868e-01
-1.402106741611420793e-01
1.574263936056718549e+00
-2.114872836062919870e-02
-2.632871328492354834e+00
-2.481765176752973590e-01
-2.435644015254955441e+00
-1.564511058324415949e+00
1.768844170958605577e-01
-2.833169741815453335e+00
-2.190013700243791384e+00
-9.880093206965450126e-01
1.656226215973615634e+00
5.569252932909426468e-01
-1.191200324147607681e+00
2.511272235313533940e+00
1.181763478590681427e+00
2.031860422413844791e+00
3.298574484898058934e+00
2.902605053050245631e-01
5.431720735665176436e-01
7.841972403386457957e-01
2.415466302078319139e+00
-6.558735725550501883e-02
-2.683560682259213515e+00
7.841718776348811648e-01
-8.156895384665665549e-01
-4.978690748147539535e-01
5.067239818182874833e-01
-1.648715776586378912e+00
-6.049529545375833539e-01
-9.314771176605063374e-14
2.076512197309036356e+00
-2.749027195616929875e-01
-2.550534569704899113e+00
1.321121064825178326e+00
-3.999649830807109341e-01
-8.280497547914293932e-01
-5.465414798536754049e-01
-2.490707176810809109e+00
-1.461376649268345762e+00
-1.258990849648688570e+00
8.595336068619059411e-01
-1.233863735578649923e+00
-2.691021117157959441e+00
2.236745957246478511e+00
1.301161581198650108e+00
1.236051722501935402e+00
1.893120653838814560e+00
9.691534340312361051e-01
2.250817392182160148e+00
1.751840777267912763e+00
3.176517097814191448e+00
2.433045313310429059e-01
-1.963668766408052102e+00
2.062984538645247667e+00
1.110223024625156540e-16
-1.269458860724153926e+00
-1.353090222002791165e+00
-1.887415580770484436e+00
-4.635857753572514284e-01
-1.147819757726979972e+00
7.659297869797756508e-01
-1.317456743776396433e+00
-2.491894070283950047e+00
2.247271837928599414e+00
5.482473600579168549e-01
-6.684517595389536382e-01
-7.176467884174355660e-01
-7.121413950839665663e-01
4.367226838545145151e-01
-1.187374987797244152e+00
3.460542056181995507e-01
-1.743673784839896213e+00
-2.752838626095448937e+00
1.963173544134149129e+00
3.769924716374790652e-01
-5.103584312329371153e-01
5.828361918837712818e-02
1.302800328891731363e+00
2.922376154083233146e+00
1.107009869489254505e+00
2.855387043114287593e+00
9.908807499140629416e-01
-2.284735181521503344e-01
3.509616317037585365e+00
8.138399758242201854e-01
-1.136671415732889212e+00
-1.540366463292891952e+00
-6.961858021448177336e-01
4.302632188984034656e-02
-2.737135047464848814e+00
-9.010989507134986587e-01
-2.059888007133892529e+00
-2.545249588674323160e+00
1.591288759099859007e+00
-3.480787704272374494e-01
-1.288511987564078254e+00
-8.181709577970475156e-01
1.026814491669785889e+00
1.860713991149425484e+00
-1.339200383671529826e+00
5.732118917057758001e-01
-4.698395004004644049e-01
-1.320459199605081846e+00
1.876372704928352508e+00
-5.053107859228700427e-01
-1.424874584009227174e+00
-9.166942137588445227e-01
1.366579780823124146e+00
2.235944469414590685e+00
-9.340833525379180768e-01
1.745958403247565016e+00
1.539456595716434117e+00
9.084964666307593362e-01
3.561771469792441636e+00
9.542623019936712359e-01
-1.225203752134080837e-01
-3.328942323462464881e-01
1.190372983281718700e+00
7.988115440577404636e-01
-3.558129557320120373e+00
-1.255093024212645236e+00
-1.541440130076942028e+00
-2.431076130847126038e+00
-1.683608950792405690e-01
-2.120076419662765943e+00
-1.962279160242563769e+00
-1.259170330167061813e+00
1.297713954368812317e+00
1.592864353272845701e+00
-2.112153797221237639e+00
1.126487067084283256e+00
1.420673669221987456e+00
3.187970399783222053e-01
1.711893700498191340e+00
-4.841030541674223864e-01
-4.250301292479757853e-01
-4.739145351038982490e-01
1.456500704840075100e+00
1.160073706443582431e+00
-2.730091206158290262e+00
9.041096421926727578e-01
1.616533928920550256e+00
6.075144003144543614e-01
1.832137565156895187e+00
2.952983734686057682e-01
1.042059609698632983e+00
7.156514348459454000e-01
2.202290838376624649e+00
1.286829920282378747e+00
-3.155525124894212663e+00
1.159999500495445535e-02
2.402009576953251235e-02
-1.935698479442640618e+00
-1.669364580843237356e+00
-3.000000000000000000e+00
-1.669364580843416324e+00
-1.935698479442512498e+00
2.402009576933145096e-02
1.159999500523278826e-02
-3.155525124894240641e+00
1.286829920282086093e+00
2.202290838376828930e+00
7.156514348458349328e-01
1.042059609698811062e+00
2.952983734685569184e-01
1.832137565156735315e+00
6.075144003146255578e-01
1.616533928920374841e+00
9.041096421929566418e-01
-2.730091206158342665e+00
1.160073706443309760e+00
1.456500704840300919e+00
-4.739145351039932841e-01
-4.250301292478119164e-01
-4.841030541675317433e-01
1.711893700498038129e+00
3.187970399785122755e-01
1.420673669221804936e+00
1.126487067084542382e+00
-2.112153797221324680e+00
1.592864353272599676e+00
1.297713954369064338e+00
-1.259170330167136420e+00
-1.962279160242398790e+00
-2.120076419662904499e+00
-1.683608950793541448e-01
-2.431076130847119821e+00
-1.541440130077232018e+00
-1.255093024212495800e+00
-3.558129557320118153e+00
7.988115440578336113e-01
1.190372983281965169e+00
-3.328942323461869246e-01
-1.225203752133352531e-01
9.542623019935640993e-01
3.561771469792339495e+00
9.084964666308450454e-01
1.539456595716335308e+00
1.745958403247521273e+00
-9.340833525379548252e-01
2.235944469414468116e+00
1.366579780823283574e+00
-9.166942137588223183e-01
-1.424874584009196088e+00
-5.053107859228422871e-01
1.876372704928411350e+00
-1.320459199605084954e+00
-4.698395004005385123e-01
5.732118917057149599e-01
-1.339200383671683703e+00
1.860713991149294477e+00
1.026814491669880702e+00
-8.181709577971663094e-01
-1.288511987563911054e+00
-3.480787704273998751e-01
1.591288759099890981e+00
-2.545249588674356467e+00
-2.059888007134294430e+00
-9.010989507131138554e-01
-2.737135047464908322e+00
4.302632188970356708e-02
-6.961858021444319311e-01
-1.540366463293072474e+00
-1.136671415732710688e+00
8.138399758237605530e-01
3.509616317037606681e+00
-2.284735181515819002e-01
9.908807499134624219e-01
2.855387043114396839e+00
1.107009869489151033e+00
2.922376154083226041e+00
1.302800328892204318e+00
5.828361918837612898e-02
-5.103584312326954198e-01
3.769924716370031126e-01
1.963173544134323656e+00
-2.752838626094918251e+00
-1.743673784840526819e+00
3.460542056183161796e-01
-1.187374987797365833e+00
4.367226838543996070e-01
-7.121413950838797469e-01
-7.176467884175350420e-01
-6.684517595387453603e-01
5.482473600574484518e-01
2.247271837928890736e+00
-2.491894070283446894e+00
-1.317456743777092543e+00
7.659297869797918601e-01
-1.147819757726959322e+00
-4.635857753572010242e-01
-1.887415580770312795e+00
-1.353090222003011212e+00
-1.269458860724032023e+00
-2.396971510165712971e-13
2.062984538645372012e+00
-1.963668766407905775e+00
2.433045313305163826e-01
3.176517097814314905e+00
1.751840777267947846e+00
2.250817392182239640e+00
9.691534340313793239e-01
1.893120653838681999e+00
1.236051722502201855e+00
1.301161581198666983e+00
2.236745957246630834e+00
-2.691021117157762710e+00
-1.233863735579042720e+00
8.595336068620116343e-01
-1.258990849648825794e+00
-1.461376649268184114e+00
-2.490707176810737611e+00
-5.465414798537779895e-01
-8.280497547911152001e-01
-3.999649830807194828e-01
1.321121064825359737e+00
-2.550534569704696164e+00
-2.749027195618525821e-01
2.076512197309195340e+00
-1.137978600240785454e-13
-6.049529545375208484e-01
-1.648715776586352266e+00
5.067239818179593014e-01
-4.978690748144182776e-01
-8.156895384666797977e-01
7.841718776351035425e-01
-2.683560682259080288e+00
-6.558735725573866526e-02
2.415466302078471017e+00
7.841972403384744883e-01
5.431720735665350741e-01
2.902605053050323347e-01
3.298574484897625503e+00
2.031860422414049072e+00
1.181763478590531768e+00
2.511272235313648515e+00
-1.191200324147473122e+00
5.569252932906124665e-01
1.656226215973779281e+00
-9.880093206966421571e-01
-2.190013700243719441e+00
-2.833169741815547482e+00
1.768844170954895212e-01
-1.564511058324163706e+00
-2.435644015255049144e+00
-2.481765176751810076e-01
-2.632871328492197183e+00
-2.114872836088754759e-02
1.574263936056992108e+00
-1.402106741613251550e-01
-6.534937099974255093e-01
-6.714552250548206924e-01
2.684913221879246414e+00
3.291870023742238249e-01
-1.146032285862693678e+00
8.725279652620855364e-01
-1.553202953505793182e+00
4.068375715923483460e-01
1.186081029195106940e+00
-4.581520981178385243e-01
-7.590896745942191659e-01
-3.602989887088475784e-01
3.474802773077747542e+00
1.094260610025594271e+00
-1.503053726688373115e-01
2.456907034276561319e+00
4.876561750261062533e-01
1.930925445902491155e+00
1.733928766954538014e+00
-2.757559939342642541e-01
-1.203829218387618472e+00
-1.628720391604492557e+00
1.350022093812743185e+00
-2.096203078539260467e+00
-3.794111462891541109e+00
-9.444614336426820911e-01
-2.338492018796212157e+00
-7.299083253372313784e-01
-5.939408705490233364e-01
-1.175619079873621464e+00
-8.062127137440220359e-01
-2.800098714590107951e-01
3.414513206792074484e+00
2.535503550595118449e-01
-1.078488537335201114e+00
2.058623468439098048e+00
6.016326738700050747e-01
1.239954423287440655e+00
2.942099755218873236e-01
-4.283134047564488012e-01
-4.219473531804585065e-01
-5.169837478087377924e-01
2.740555996789249882e+00
-6.325310512518180772e-01
-1.618033988750225305e+00
2.067629366793848789e+00
1.117965394107912402e+00
1.627501998709308673e+00
5.538329127294960852e-01
4.830467259147120940e-01
5.167122786047608773e-01
-2.617366825633296035e-01
2.193096386540926979e+00
-1.915580020643630643e+00
-3.349004688654919626e+00
-1.439995285939418279e-01
-1.489982683010144360e+00
-1.605845236431707512e+00
-2.806198224808390318e+00
-1.781514357024120310e+00
-8.840468700139340053e-01
-1.114463823304739254e+00
2.165233838543318523e+00
-7.970081669540847180e-01
-9.870775952761596805e-01
2.950867005613160732e+00
1.989402418674677930e+00
1.575217365163378958e+00
-1.922202090159425003e-02
1.134956259296829195e+00
1.347941818362333510e+00
-1.916887063906529409e-01
2.052053333445302385e+00
-1.411415285137323172e+00
-1.819660972212467032e+00
1.693026963060352497e+00
5.858101023229843607e-01
4.691188052527517360e-02
-1.273518189141804147e+00
9.118190943426327522e-01
1.472341852633306969e+00
-2.827388211679507934e-01
1.950204781308563007e+00
-1.234040290795149097e+00
-1.602804905514328526e+00
1.220349535254908080e+00
-5.203876653044354761e-01
-1.753765495688934584e+00
-3.478528765245253673e+00
-9.914412916484751648e-01
-5.804571185511693265e-01
-2.577070685443835441e+00
1.382443661176415706e-01
-1.825764398276012557e+00
-1.000000000000149880e+00
2.419847561430226168e+00
1.508820829139110309e+00
1.004493821170715506e+00
-1.323666388750963652e-01
2.987494748504520015e+00
3.005530771198130502e+00
3.871218330173908928e-02
2.012269956152739514e+00
-3.915983732681366791e-01
-3.814244971151055652e-01
1.584086408745956076e+00
-1.739318836815205715e-01
-1.122561118429609817e+00
-2.413749716963780934e+00
1.052755407114299047e+00
1.047805419395237525e+00
-1.877394225767093250e+00
7.273614091830716832e-01
-6.426777031376266214e-01
-1.175053500452945821e-01
1.511903921497107950e+00
-1.745856181375899929e-01
-1.024171888998799407e+00
-2.503087225206782396e+00
7.671567732931072747e-01
4.435410066882827795e-02
-3.492260943198095990e+00
-8.756511856981461506e-01
-1.695484283031643891e+00
-8.724753765008063100e-01
6.463545558989460815e-01
-2.161800929702062390e-01
1.072174200329997218e-01
-4.666187462281143894e-01
3.591168461955768887e+00
3.081778806177785324e+00
-3.675266519840774126e-01
2.386749115190326620e+00
1.584617578369861057e+00
1.596391328566744150e+00
1.516160059615529132e+00
-2.031943525784293270e-01
-5.210106511112879701e-01
-2.041597300627636891e+00
1.205609125089000422e+00
-3.214990014940072305e-02
-3.626080943990588779e+00
-4.523263050619098502e-01
-4.644953970522197051e-01
-4.407585407761871465e-14
-9.356168361909389386e-03
-7.411876182228557264e-01
-2.892012322617076858e-02
-1.253108726903456427e+00
1.969339890307785002e+00
4.653482155218491290e-01
-3.232221641573948645e+00
-1.776184540257863542e-01
-3.182559591001467014e-01
-3.794487175079405139e-01
-1.127781888360571028e+00
-1.437209717316369373e+00
-2.044130678217992436e-02
-9.925977893887073522e-01
2.544713291730677618e+00
1.579395553646642192e+00
-1.224627921799402497e+00
2.514194411897115344e+00
2.794615847311836987e+00
2.519263483393989311e+00
1.003414385070761305e+00
5.740332493591490115e-01
1.578460200718062811e+00
-6.903673916019128498e-01
1.451326498519016628e+00
-5.381188008388708699e-01
-3.816906517688637202e+00
-5.630365403662963564e-01
-5.261437566098714491e-01
-9.213482172896279021e-01
-2.388372533164205169e+00
-1.634339078346337404e+00
5.610224184114926960e-01
-1.200620430174210940e+00
1.421659446321375864e+00
2.012255824313959884e-01
-2.194520419895222396e+00
1.227928623115990936e+00
1.108394886131450097e+00
2.944737027323894862e-01
-1.804213237090639188e+00
-9.570663874941622851e-01
1.119996746953582090e+00
-1.340824090523769385e+00
8.764597795302044858e-01
-1.733933292236444074e-02
-1.640043070030824390e+00
2.062832803552277383e+00
2.248018606082954118e+00
1.817610026505368737e+00
-6.816744310975482446e-02
1.411096380199587941e+00
3.522455588164648876e+00
1.925397870319196514e-01
1.485389095026202533e+00
4.576274761618418646e-02
-2.065428054763168042e+00
3.853874527202597600e-01
-5.240496142734337726e-01
-1.556526107762137956e+00
-3.796442875283787988e+00
-1.875503130479719172e+00
6.288992159379714897e-01
-2.512300742624963945e+00
-5.335307732103006240e-01
-5.952543607081502985e-01
-1.266436377612985886e+00
1.654681614696242864e+00
1.159091588194570477e+00
6.901084994081887469e-01
-1.370788810098278354e+00
7.289952443621356970e-01
2.783253674839913927e+00
-1.304776134955625055e+00
-7.838174553853605175e-14
-1.667831078158910352e-01
-8.596351786918192683e-01
1.314815343524144753e+00
5.475368200880145197e-01
5.255460221393233322e-01
-1.115213711037948752e+00
1.575420547416282346e+00
3.822730911679466548e+00
-3.588352921015534047e-01
1.008324382519748541e+00
1.109595062196534254e+00
3.147040143356548692e-01
1.267949762739520203e+00
-4.721635043765001205e-01
-9.263989520270063949e-01
-3.223274343541750575e+00
-1.087307782411729207e+00
5.393493274410108285e-01
-3.952806355771615987e+00
-2.249220551597591378e+00
-1.179043184602204919e+00
-9.325903776803780021e-01
3.756879691123918841e-01
-4.303060372108503673e-01
6.180339887496475448e-01
-7.303832276835042769e-01
1.923128746942914358e+00
3.548607379162379338e+00
-1.093338827776737521e+00
4.115706523574719777e-01
1.228388013541615198e+00
8.689152218777633774e-01
7.640472358982134393e-01
-7.722456032122998471e-01
3.033112230722566638e-01
-1.312471091854043426e+00
1.042921118807053737e+00
2.499824243386359335e+00
-1.824029295479985269e+00
2.238676395939308561e-01
1.613655899150089112e+00
1.542950355137399310e+00
9.123749313636837499e-01
-6.690616209953603732e-01
6.946611183203792450e-01
-1.420404846433637402e+00
1.709674615149661681e-02
5.831807428939921323e-01
-4.118186120198183531e+00
-2.282580374074090201e+00
-9.611904331247089761e-01
-9.406205590271921047e-01
-1.695581825020373579e+00
-2.416827623569075545e+00
4.610080036732835396e-01
-7.134829979359513796e-01
1.364664070191313971e+00
2.650722049281152959e+00
-1.028481004986377068e+00
1.368040835607379879e+00
2.699909453846180085e+00
2.360339185375301962e+00
5.679460991990925578e-01
-7.170572257981300268e-01
1.806016025270067882e+00
-4.518555217746490493e-01
3.941567379524776871e-01
9.654527266167212129e-01
-2.620272182193029487e+00
-2.018261018803908513e-01
1.101844188378465983e+00
1.015743371435122056e+00
-6.789091789610409711e-01
-1.234485485314140263e+00
2.123344774672712543e+00
-1.782593857322256614e-01
2.510551247127660313e-01
6.319991644584590507e-01
-2.757627481994306962e+00
-7.545724984663758628e-01
-2.210733812244589647e-01
-7.567092620419209048e-01
-2.898398500593205807e+00
-3.162351508763894259e+00
7.983510580940538226e-01
-1.318097674561884869e+00
-5.638721998341942321e-01
7.829989051341764705e-01
-1.074392125427342970e+00
1.748475452387727724e+00
2.605758640454685526e+00
2.548686533348234473e+00
4.820223852743741877e-01
3.190145061350436739e-01
3.979629391439185149e+00
7.068964376614224054e-01
1.454190971907604046e-01
6.193296236661587351e-01
-1.617996433039437632e+00
2.100407646308604104e-01
2.865833976041964881e-02
-2.048130738327564315e-01
-2.196264755286136072e+00
-1.812382336858126886e+00
2.421269376424645792e+00
-6.253191306745089495e-01
-8.392569764020753054e-01
3.739816404018411755e-01
-9.343609366962795093e-01
7.655167047008873960e-01
3.729822213786149199e-02
-2.112339893230600896e-01
-2.383787297941409200e+00
-2.182183683107689731e+00
1.688931029160369857e+00
-1.870810771684883855e+00
-2.207533725694502902e+00
-4.872375259890976418e-01
-8.138319262349332783e-01
1.159471668037599823e+00
7.012237624218280452e-01
1.548556768503829728e+00
2.886332841856405484e-01
1.075281417688664920e+00
