5.000000000000000000e+00
1.213064671059845168e+00
1.226505294787406442e+00
5.649620976639015968e-01
1.610318236358034283e-01
-6.840815579089130072e-01
1.319343442375415787e-01
1.459877989276597621e+00
-2.983159945484352704e+00
-1.309605454167509064e+00
-2.344071385472476621e+00
-1.606392411598188019e+00
-1.540739938441933798e+00
1.236320253163162297e+00
8.191544752511541461e-01
-1.832222106191355726e+00
7.871466393426359565e-01
-9.423063084691734037e-01
2.586893957284828183e-01
2.669363521340891721e-01
2.559767481054511240e+00
-5.190338553322122461e-01
-1.365282205290286210e+00
2.938380754433822517e-01
-1.660321993775101701e+00
3.690669864817289758e-01
9.111530022776934690e-01
2.656423383266945493e+00
-9.117962260453952306e-01
9.058455340756549345e-01
1.126608899581831746e+00
3.475603908545010778e-03
2.148583951223656641e+00
2.070796315217824368e+00
1.673968861547415976e+00
-2.198221554669452349e+00
1.414817640600753990e-01
-2.180414578821605609e+00
-2.105070652222528871e+00
-4.804139333588960392e-01
-8.047333867287396192e-01
-1.951776482860960282e+00
-3.433921578187064672e+00
-1.614272642206707742e-01
-2.428098964914805702e+00
6.450281724311272002e-01
2.016425765066346631e+00
1.906401153836155604e+00
4.019951366939378268e-01
6.976271683496927389e-01
2.205819241042363821e+00
-4.592758137129986373e-01
3.007462707212449793e+00
1.748826394154625152e+00
6.586439544139708335e-01
-1.514589958183742757e+00
-2.956488367094042835e-01
-7.750058916317176250e-01
-1.686034079348992964e+00
2.081932733286524506e+00
-2.121294114994217717e-01
-3.751249486458269056e-01
-1.548382282094747708e+00
5.711179034574839219e-01
-1.083002507576126705e+00
2.648974736118092643e-01
2.289271112189517066e+00
-1.057584304568351286e+00
-1.021612382046247935e+00
-2.058333594714446324e+00
-5.306112066535780825e-01
-2.610620399626696120e+00
7.276454401201881694e-01
6.199658739126905349e-01
-1.601782079114388857e+00
-3.776662071227248063e-01
-2.741184965199668921e-01
1.249065748644903717e+00
4.521624074862279352e-01
4.593081480220353008e+00
1.898359647016893081e+00
8.501934881270272193e-01
1.240296821627106416e+00
6.307412547210458076e-01
4.688985309427790016e-01
2.890386655975629715e-03
2.225309367861846965e+00
-2.569068632310178568e+00
-1.950888100417239812e+00
-2.262282488043219075e+00
-2.116344570631367272e+00
-1.821963636385643737e+00
-9.265629134423669644e-02
9.974238248535596263e-01
-2.613676171691416528e+00
2.863934839365395169e-01
-5.396799672433275630e-01
4.952166692361346101e-01
7.719403233782839990e-01
2.727313982404588888e+00
9.270509831248332500e-01
-1.573542959453420043e+00
9.579875882246019492e-01
-1.185515559555097909e+00
3.468742705887662980e-01
5.214031262613895157e-01
2.183019694390005316e+00
-9.908901370719188639e-01
-6.532409248136246127e-01
1.190590070585416660e+00
-5.465450329787009398e-01
1.885268033983108271e+00
1.810243077804416068e+00
2.186771314820583179e+00
-1.781149452873363792e+00
5.172235063936136967e-02
-6.963342770770795109e-01
-1.933363623880726800e+00
1.043801066024122037e-01
-7.395653327588531667e-01
-1.465603280867209257e+00
-4.108151249628745560e+00
-6.734407023231812062e-01
-2.280158402472418633e+00
-5.816987619763700490e-01
1.707106781186523703e+00
1.274554683905483987e+00
5.025395487617909662e-01
-6.133940735877307926e-02
2.885686735573284700e+00
1.832470874013898410e-01
3.027569862905171938e+00
2.760897872855941237e+00
1.101363232574908757e+00
-8.579933409783879750e-01
-6.467878011415991724e-01
1.352014559992821274e-01
-2.218557363287309236e+00
1.478665925874462550e+00
-4.269052261555122962e-01
-1.186277950338308074e+00
-2.193990861519162561e+00
-2.505571305591425824e-01
-5.403667698880053605e-01
-5.959543631300411315e-01
2.730665712314625182e+00
-5.558826078949333782e-01
-6.404664355003090170e-01
-1.569884451107216750e+00
1.828680954888567411e-01
-1.569090505045029227e+00
2.010858991848733512e-01
1.410131408396738228e+00
-1.977670256687796835e+00
-8.095562610075864862e-01
-9.518864523777867959e-01
1.034210482250520480e+00
-1.549302270349043331e-01
3.496743972314939608e+00
2.353535513735950602e+00
1.473380526224979670e-01
1.477597332080148096e+00
8.709038684108422190e-01
1.485597302714061207e+00
1.514181990142747791e-01
2.780640292875626862e+00
-1.495091887519476526e+00
-2.335074611119423160e+00
-1.798549020445104896e+00
-2.306573368140190983e+00
-1.761942265957873621e+00
-1.287350834860761628e+00
8.634860966844084551e-01
-3.179616854120063785e+00
-8.105368379156512315e-01
-4.091139060722722709e-01
2.739190002808027935e-01
1.080401288844317298e+00
2.467969883522059593e+00
2.217228095740717553e+00
-1.464130046807573304e+00
1.449740098434764146e+00
-1.933267864699587113e-01
5.993145113500844001e-01
6.829260766661103821e-01
1.795182629939922503e+00
-5.987317366508587702e-01
-2.030224049306248446e+00
9.709070182035931529e-01
-1.001367577395691821e+00
1.191018905441297626e+00
1.291879273497227976e+00
2.046388742715134601e+00
-1.376745166093059414e+00
-5.191039309132181589e-01
5.914425899398729758e-01
-1.546459414414993461e+00
6.984370669067826443e-01
-3.234178566450846004e-01
-7.633403249073353880e-01
-4.045084971874773672e+00
-1.199439543419124066e+00
-1.661109397702685619e+00
-1.612564943282355445e+00
1.285904450501916596e+00
5.154246218336417940e-01
3.056296776534267456e-01
-9.853870399843493999e-01
2.780465442955829758e+00
8.271068631980602603e-01
2.601768268309084586e+00
3.600565098631466121e+00
1.522062570019966810e+00
2.981585870838809882e-02
-7.266880463421333536e-01
1.169415012816626298e+00
-1.956556093252781681e+00
9.253691235664517345e-01
-2.252414483477970242e-01
-1.881652189020572630e+00
-2.677660740835347220e+00
-1.377413676501225703e+00
-2.588968711269629130e-01
-1.555841282100606904e+00
2.412538417916261668e+00
-1.880490221806274675e-01
-6.637396887212082541e-01
-1.118566468515821644e+00
6.118311878710397389e-01
-1.783380278309573130e-01
-6.094922559368748383e-02
2.300949722884800153e+00
-1.677932840317293284e+00
-1.015544210681031956e+00
-1.213446626573214004e+00
7.761568973822150497e-01
-3.803405020518286772e-01
2.042387595385021903e+00
2.535171995605233874e+00
-7.002712592364904731e-01
1.154747918986410271e+00
8.045051739758440901e-01
2.059457855893428668e+00
4.161250272548250306e-01
2.894536171030159810e+00
-9.179105431695361306e-02
-2.453089162660808231e+00
-1.106951606411022526e+00
-2.060573202879623977e+00
-1.329870369050061285e+00
-2.000000000000041744e+00
5.602557813095686567e-01
-3.296292429060244444e+00
-2.189194110664768544e+00
-5.098256968315125759e-01
-2.800076809540177347e-01
1.074324229660119201e+00
1.794352644029567401e+00
2.978617577136454031e+00
-1.174647063229432131e+00
1.529510548157919647e+00
1.033870143092454841e+00
1.026669234132987496e+00
1.294469183909479293e+00
1.617133411160262213e+00
2.181746853037745959e-01
-2.846125128007507499e+00
6.098441181851393944e-01
-1.107894315377373706e+00
3.028838535285461875e-01
6.752998797755794813e-01
1.338385802746635100e+00
-1.116015646514719073e+00
-1.505665404617460901e+00
1.317183162671976770e+00
-1.096030021659681442e+00
1.025231806290675562e+00
2.591275669816357485e-01
-5.817344142456393197e-02
-3.323610698465564006e+00
-1.606007150877184264e+00
-6.360766280445167009e-01
-2.111222520133653191e+00
9.128028356352754225e-01
-6.235948326326401503e-02
-5.639909448930535696e-02
-1.819476739810659716e+00
1.970069051688451811e+00
1.346360176918511620e+00
1.775181923824387997e+00
3.970862480166576614e+00
1.757409019352996538e+00
8.031619534801005544e-01
-6.229755127300319328e-01
2.045997186992488448e+00
-9.847975174271826893e-01
5.263462594582293264e-01
3.842381569356674298e-01
-2.207013268737208378e+00
-2.839343762070015043e+00
-2.427050983124959149e+00
-1.812679912507698665e-01
-2.321996801926306198e+00
1.422987800315839824e+00
-2.157439239208003290e-02
-1.130041464067978119e+00
-9.185238919421450099e-01
6.058700960459211249e-01
1.149622310535036940e+00
-1.044515644897352491e-01
3.000673010373366978e+00
-7.881452688451282551e-01
-9.781467273695541031e-01
-9.692016806928513972e-01
6.566509859305387220e-01
-8.657890796859391003e-02
6.577939968994500619e-01
2.497506801330667603e+00
-1.409187381859109411e+00
3.464483571778799176e-01
4.730362754496174604e-01
2.054046872604358587e+00
6.374875382802245305e-01
2.440308046289172417e+00
1.215326864611541602e+00
-2.384490587262490191e+00
-4.604907199651118166e-01
-1.433091944500269221e+00
-6.283961941639876203e-01
-2.058518819415624534e+00
2.341111908987372203e-01
-2.840377346780923240e+00
-3.445614215701983785e+00
-7.244588396973591360e-01
-9.010087243654126832e-01
7.816271721441278020e-01
8.642419564408292398e-01
3.018583316332813737e+00
-8.441494439765183655e-01
1.065872114540427074e+00
2.131567455251339727e+00
1.468019051658194130e+00
2.091444032717176604e+00
1.649337691701564079e+00
1.259923251997653315e+00
-2.903719976255245250e+00
2.407929989148837047e-01
-7.125299328616152561e-01
-4.673363069110779699e-01
1.633890197540143752e-01
3.330225275452587397e-01
-1.022990987889002668e+00
-2.683635684083664152e+00
1.293536540024522008e+00
-7.065362189508183066e-01
8.951564609465944011e-01
7.547112531120724332e-01
4.121096374479889524e-01
-2.223929018974698302e+00
-1.856323972093799846e+00
5.663354097493880079e-01
-1.910388771633003913e+00
6.959185921999581081e-01
-2.233323505648220353e-01
-3.864815565804347042e-01
-2.300948949690821532e+00
7.451406287632934555e-01
1.707433771840426440e+00
7.615294942892540941e-01
3.728638503287591277e+00
1.724273572953052724e+00
1.177131872174737914e+00
-4.853536272029317922e-01
2.488304757901360631e+00
4.003231506036595833e-01
2.928932188133088199e-01
1.217111741156377214e+00
-2.041964082282535564e+00
-2.627976949459533085e+00
-3.068516564387350432e+00
-1.907553013697789179e-01
-2.612665106255231073e+00
5.411991571575147653e-02
-2.740494084619313209e-02
-1.892144243192028341e+00
-1.072444405065009931e+00
1.496138247931195764e-01
2.048651263391799926e+00
-3.022061692735400484e-02
3.226639187056551616e+00
4.169623152247050601e-01
-7.806991197126054161e-01
-3.279665944239816833e-01
7.677424833093150491e-01
7.079934596736586760e-01
-2.728926550081298696e-01
2.341192071110022699e+00
-1.695057010921872109e+00
-7.032042101669957468e-01
2.204591962364232938e-02
1.545084971874856494e+00
7.276692776430122578e-01
1.461226169727406043e+00
2.044222789633499016e+00
-2.241668930832706685e+00
-1.498929988565890215e-01
-6.264535506514787855e-01
1.345117334916279273e-01
-1.515727645762736664e+00
-2.868156281513237205e-02
-1.865678103502516505e+00
-4.219444296694228491e+00
-9.220090328544121583e-01
-1.284563325957079449e+00
3.566514829485851745e-01
-5.993113150030970893e-02
2.378627620436078338e+00
-5.549723856009980416e-01
1.057589233733669115e-01
2.777640844706962042e+00
1.772778607958181318e+00
2.747736000480123231e+00
1.784186142354790228e+00
2.223566000095746009e+00
-2.243247165578281521e+00
-6.479727704229243379e-02
1.628003737556132369e-01
-8.465448185323949382e-01
-7.816743130700859465e-02
-6.172885435585842018e-01
-1.027990980983165326e+00
-3.726490461940847432e+00
5.663684152493354551e-01
-4.276112652576966600e-01
2.894290237818474276e-01
9.423733141023180604e-01
4.739220955579684924e-01
-1.124237968712634483e+00
-1.996923803993545965e+00
1.613476632148139078e+00
-1.063687994629610944e+00
6.500597672428314322e-01
1.016487689534727457e-01
-5.118771734469200752e-01
-2.255358941477897172e+00
-4.965071266830400343e-01
1.952755877552902808e+00
-1.153158307618209477e-01
2.932082341872487952e+00
1.454148289404752381e+00
1.030248736457521685e+00
-4.472370828396464715e-01
2.326050479866086818e+00
1.793364084872011821e+00
1.662713513973697044e-01
1.967651903078361908e+00
-1.442644281818077134e+00
-2.128317674211312571e+00
-3.133470399945634810e+00
-1.813138601960956331e-01
-2.262670641571556729e+00
-1.297712082831502522e+00
-1.128034339361874139e-01
-2.665613040412308177e+00
-1.533574316024295170e+00
-6.179115299181016097e-01
2.315856081161917324e+00
7.083579350553492748e-02
2.814223040269668630e+00
1.568257225061907345e+00
-5.620469514220775009e-01
4.450666807224356036e-01
1.078105807917128844e+00
1.816251926443519515e+00
-5.294650474981777988e-01
2.151080034858497303e+00
-1.384741412405614547e+00
-1.668342959443321671e+00
-3.580358020187264234e-01
7.846335952695472349e-01
7.002145092780197588e-01
1.790001154982341358e-01
2.175732973763330413e+00
-2.107687267806208187e+00
-3.679987675019940063e-01
8.836526516244869178e-02
7.186658388916224993e-01
-6.185700535061658956e-01
-2.275684269359610767e-01
-6.100222009190406913e-01
-4.308645886929827640e+00
-1.021583889063178319e+00
-1.206887047857230888e+00
1.057172890256841136e-02
-6.968168177490565718e-01
1.307042371297276739e+00
-3.119661704116890033e-01
-1.116927066932578594e+00
2.799082159060479746e+00
1.866840730369730750e+00
3.000000000000000000e+00
1.866840730369660140e+00
2.799082159060716002e+00
-1.116927066932437818e+00
-3.119661704118416590e-01
1.307042371297228778e+00
-6.968168177488938131e-01
1.057172890251456554e-02
-1.206887047857188033e+00
-1.021583889062931405e+00
-4.308645886929884483e+00
-6.100222009192683981e-01
-2.275684269359610212e-01
-6.185700535061249283e-01
7.186658388914791695e-01
8.836526516257947605e-02
-3.679987675018440152e-01
-2.107687267806398701e+00
2.175732973763192746e+00
1.790001154983310583e-01
7.002145092780042157e-01
7.846335952694949434e-01
-3.580358020184830625e-01
-1.668342959443307683e+00
-1.384741412405852579e+00
2.151080034858460888e+00
-5.294650474981117405e-01
1.816251926443411158e+00
1.078105807917172365e+00
4.450666807226527633e-01
-5.620469514222253826e-01
1.568257225061738591e+00
2.814223040269505205e+00
7.083579350557822618e-02
2.315856081161758340e+00
-6.179115299180726328e-01
-1.533574316024122419e+00
-2.665613040412575963e+00
-1.128034339361133065e-01
-1.297712082831620650e+00
-2.262670641571430608e+00
-1.813138601961006291e-01
-3.133470399945466944e+00
-2.128317674211315680e+00
-1.442644281818311391e+00
1.967651903078517561e+00
1.662713513973607116e-01
1.793364084872290931e+00
2.326050479865894083e+00
-4.472370828394841569e-01
1.030248736457215042e+00
1.454148289404669558e+00
2.932082341872692233e+00
-1.153158307619155387e-01
1.952755877552916797e+00
-4.965071266831746488e-01
-2.255358941477863421e+00
-5.118771734472650214e-01
1.016487689536571537e-01
6.500597672427808060e-01
-1.063687994629491262e+00
1.613476632148179046e+00
-1.996923803993462920e+00
-1.124237968713076796e+00
4.739220955577778116e-01
9.423733141025519844e-01
2.894290237820834610e-01
-4.276112652578761830e-01
5.663684152497443502e-01
-3.726490461940648036e+00
-1.027990980983472635e+00
-6.172885435586630276e-01
-7.816743130712466847e-02
-8.465448185324888630e-01
1.628003737553761487e-01
-6.479727704192972393e-02
-2.243247165578620361e+00
2.223566000095227313e+00
1.784186142354819982e+00
2.747736000480099694e+00
1.772778607958242825e+00
2.777640844707001122e+00
1.057589233738933654e-01
-5.549723856012030998e-01
2.378627620436162715e+00
-5.993113150022311153e-02
3.566514829486779892e-01
-1.284563325957102320e+00
-9.220090328539691793e-01
-4.219444296693974472e+00
-1.865678103503145557e+00
-2.868156281519412820e-02
-1.515727645762781961e+00
1.345117334915117979e-01
-6.264535506513874141e-01
-1.498929988564243754e-01
-2.241668930832821705e+00
2.044222789633436399e+00
1.461226169727322111e+00
7.276692776430639942e-01
1.545084971874666424e+00
2.204591962391111437e-02
-7.032042101668306566e-01
-1.695057010922155882e+00
2.341192071109953421e+00
-2.728926550080139624e-01
7.079934596735747432e-01
7.677424833093605683e-01
-3.279665944237638575e-01
-7.806991197126821325e-01
4.169623152245746089e-01
3.226639187056545843e+00
-3.022061692719346659e-02
2.048651263391634725e+00
1.496138247932955467e-01
-1.072444405064822082e+00
-1.892144243192244391e+00
-2.740494084632999483e-02
5.411991571589414018e-02
-2.612665106255211533e+00
-1.907553013698672917e-01
-3.068516564387234524e+00
-2.627976949459567280e+00
-2.041964082282733628e+00
1.217111741156451377e+00
2.928932188134487080e-01
4.003231506034852227e-01
2.488304757901373510e+00
-4.853536272027636489e-01
1.177131872174619787e+00
1.724273572952787603e+00
3.728638503287726724e+00
7.615294942893083840e-01
1.707433771840353165e+00
7.451406287633657310e-01
-2.300948949690644785e+00
-3.864815565806947184e-01
-2.233323505648565632e-01
6.959185922002073532e-01
-1.910388771632997029e+00
5.663354097494862627e-01
-1.856323972093523178e+00
-2.223929018974766247e+00
4.121096374476589386e-01
7.547112531121072942e-01
8.951564609466249323e-01
-7.065362189507995438e-01
1.293536540024584180e+00
-2.683635684083494510e+00
-1.022990987889365488e+00
3.330225275450697797e-01
1.633890197541715827e-01
-4.673363069111264312e-01
-7.125299328615305461e-01
2.407929989150884298e-01
-2.903719976255275892e+00
1.259923251997461247e+00
1.649337691701399544e+00
2.091444032717354240e+00
1.468019051658129515e+00
2.131567455251516030e+00
1.065872114540370008e+00
-8.441494439765691027e-01
3.018583316332591249e+00
8.642419564408708732e-01
7.816271721441728770e-01
-9.010087243654972822e-01
-7.244588396971221034e-01
-3.445614215702074379e+00
-2.840377346780770473e+00
2.341111908986382995e-01
-2.058518819415563694e+00
-6.283961941639286675e-01
-1.433091944500362480e+00
-4.604907199648030636e-01
-2.384490587262710903e+00
1.215326864611516733e+00
2.440308046289156874e+00
6.374875382803689705e-01
2.054046872604141871e+00
4.730362754497451361e-01
3.464483571779001236e-01
-1.409187381859258181e+00
2.497506801330783066e+00
6.577939968991595165e-01
-8.657890796844919246e-02
6.566509859303144570e-01
-9.692016806924843575e-01
-9.781467273694616216e-01
-7.881452688456851430e-01
3.000673010373351435e+00
-1.044515644894831174e-01
1.149622310534779146e+00
6.058700960460552398e-01
-9.185238919417876291e-01
-1.130041464067950141e+00
-2.157439239234348882e-02
1.422987800316086515e+00
-2.321996801926119680e+00
-1.812679912509975733e-01
-2.427050983124496852e+00
-2.839343762069999944e+00
-2.207013268737390455e+00
3.842381569352341097e-01
5.263462594585166521e-01
-9.847975174274655741e-01
2.045997186992417838e+00
-6.229755127299231310e-01
8.031619534798457583e-01
1.757409019352732304e+00
3.970862480166438058e+00
1.775181923824700858e+00
1.346360176918297569e+00
1.970069051688839945e+00
-1.819476739810415689e+00
-5.639909448951396786e-02
-6.235948326340290393e-02
9.128028356355423201e-01
-2.111222520133440028e+00
-6.360766280445294685e-01
-1.606007150877252876e+00
-3.323610698465621738e+00
-5.817344142473024338e-02
2.591275669816233140e-01
1.025231806290876957e+00
-1.096030021659953224e+00
1.317183162672069585e+00
-1.505665404617307690e+00
-1.116015646514971982e+00
1.338385802746464570e+00
6.752998797758013039e-01
3.028838535286612066e-01
-1.107894315377372152e+00
6.098441181852400916e-01
-2.846125128007508831e+00
2.181746853033738054e-01
1.617133411160248002e+00
1.294469183909689125e+00
1.026669234132777220e+00
1.033870143092483485e+00
1.529510548158209193e+00
-1.174647063229502963e+00
2.978617577136262184e+00
1.794352644029711730e+00
1.074324229660389429e+00
-2.800076809539764899e-01
-5.098256968314860416e-01
-2.189194110664758330e+00
-3.296292429060545981e+00
5.602557813094423134e-01
-1.999999999999818368e+00
-1.329870369050042633e+00
-2.060573202879767862e+00
-1.106951606411080924e+00
-2.453089162661036937e+00
-9.179105431718689867e-02
2.894536171030230864e+00
4.161250272549829043e-01
2.059457855893467304e+00
8.045051739759144782e-01
1.154747918986795518e+00
-7.002712592366017175e-01
2.535171995604910578e+00
2.042387595385471322e+00
-3.803405020516028023e-01
7.761568973821126871e-01
-1.213446626573120080e+00
-1.015544210681018855e+00
-1.677932840317450491e+00
2.300949722884717996e+00
-6.094922559388599170e-02
-1.783380278306946620e-01
6.118311878710160912e-01
-1.118566468515382661e+00
-6.637396887213397045e-01
-1.880490221808677198e-01
2.412538417916351374e+00
-1.555841282100550949e+00
-2.588968711270095424e-01
-1.377413676501069606e+00
-2.677660740835113184e+00
-1.881652189020859733e+00
-2.252414483479511231e-01
9.253691235663149550e-01
-1.956556093252842965e+00
1.169415012816517052e+00
-7.266880463421533376e-01
2.981585870848846298e-02
1.522062570019707683e+00
3.600565098631353766e+00
2.601768268309094356e+00
8.271068631980552643e-01
2.780465442955889266e+00
-9.853870399842631356e-01
3.056296776533780069e-01
5.154246218337070751e-01
1.285904450502357799e+00
-1.612564943282566166e+00
-1.661109397702660528e+00
-1.199439543419326792e+00
-4.045084971874589819e+00
-7.633403249074719454e-01
-3.234178566450777170e-01
6.984370669069629445e-01
-1.546459414415116917e+00
5.914425899399166076e-01
-5.191039309134765078e-01
-1.376745166093034767e+00
2.046388742715090636e+00
1.291879273497513303e+00
1.191018905441328712e+00
-1.001367577395805730e+00
9.709070182038402885e-01
-2.030224049305885625e+00
-5.987317366515427786e-01
1.795182629939826136e+00
6.829260766661877646e-01
5.993145113503660637e-01
-1.933267864700706218e-01
1.449740098434936231e+00
-1.464130046807547991e+00
2.217228095740380045e+00
2.467969883522278529e+00
1.080401288844433649e+00
2.739190002805978463e-01
-4.091139060722683851e-01
-8.105368379152479985e-01
-3.179616854120337788e+00
8.634860966841642060e-01
-1.287350834860514270e+00
-1.761942265957916254e+00
-2.306573368140304225e+00
-1.798549020445151303e+00
-2.335074611119272614e+00
-1.495091887519879759e+00
2.780640292875511843e+00
1.514181990144919387e-01
1.485597302713967505e+00
8.709038684107286432e-01
1.477597332080181403e+00
1.473380526225857856e-01
2.353535513735694806e+00
3.496743972315150550e+00
-1.549302270348852373e-01
1.034210482250521146e+00
-9.518864523776510156e-01
-8.095562610074172882e-01
-1.977670256688226713e+00
1.410131408396522623e+00
2.010858991853696764e-01
-1.569090505044891781e+00
1.828680954887292875e-01
-1.569884451107149026e+00
-6.404664355003344411e-01
-5.558826078952295857e-01
2.730665712314614524e+00
-5.959543631296427835e-01
-5.403667698878351633e-01
-2.505571305589925912e-01
-2.193990861519040880e+00
-1.186277950338611387e+00
-4.269052261556564032e-01
1.478665925874665943e+00
-2.218557363287302131e+00
1.352014559992211762e-01
-6.467878011414773809e-01
-8.579933409786771881e-01
1.101363232574536388e+00
2.760897872855834212e+00
3.027569862905370002e+00
1.832470874014270334e-01
2.885686735573247397e+00
-6.133940735844412018e-02
5.025395487618591339e-01
1.274554683905234631e+00
1.707106781186641831e+00
-5.816987619763906991e-01
-2.280158402472386214e+00
-6.734407023230923883e-01
-4.108151249628699375e+00
-1.465603280867392666e+00
-7.395653327589534198e-01
1.043801066023473112e-01
-1.933363623880943072e+00
-6.963342770771967505e-01
5.172235063958935397e-02
-1.781149452873271644e+00
2.186771314820316725e+00
1.810243077804482903e+00
1.885268033983377833e+00
-5.465450329787606698e-01
1.190590070585411553e+00
-6.532409248134268820e-01
-9.908901370718191659e-01
2.183019694389872978e+00
5.214031262615670403e-01
3.468742705888064881e-01
-1.185515559555319287e+00
9.579875882246676744e-01
-1.573542959453627876e+00
9.270509831247606414e-01
2.727313982404631076e+00
7.719403233786588103e-01
4.952166692361213984e-01
-5.396799672432767148e-01
2.863934839365913643e-01
-2.613676171691456940e+00
9.974238248535396423e-01
-9.265629134399600009e-02
-1.821963636385271590e+00
-2.116344570631608857e+00
-2.262282488043212858e+00
-1.950888100417387250e+00
-2.569068632310344658e+00
2.225309367861765253e+00
2.890386655856169718e-03
4.688985309429830606e-01
6.307412547210290432e-01
1.240296821627007828e+00
8.501934881267541044e-01
1.898359647016778062e+00
4.593081480220428503e+00
4.521624074864745157e-01
1.249065748644870855e+00
-2.741184965199346957e-01
-3.776662071224030637e-01
-1.601782079114651758e+00
6.199658739126606699e-01
7.276454401199632382e-01
-2.610620399626569998e+00
-5.306112066535014771e-01
-2.058333594714484960e+00
-1.021612382046080292e+00
-1.057584304568617961e+00
2.289271112189489088e+00
2.648974736116605500e-01
-1.083002507575987261e+00
5.711179034574263014e-01
-1.548382282094536322e+00
-3.751249486459939941e-01
-2.121294114997941405e-01
2.081932733286690151e+00
-1.686034079348675885e+00
-7.750058916321251878e-01
-2.956488367093874081e-01
-1.514589958183748086e+00
6.586439544137480118e-01
1.748826394154398667e+00
3.007462707212837927e+00
-4.592758137128565288e-01
2.205819241042262568e+00
6.976271683499333243e-01
4.019951366937410953e-01
1.906401153835768136e+00
2.016425765066488296e+00
6.450281724315293230e-01
-2.428098964914849667e+00
-1.614272642205781816e-01
-3.433921578186769352e+00
-1.951776482861381279e+00
-8.047333867290497045e-01
-4.804139333587156280e-01
-2.105070652222164274e+00
-2.180414578821745053e+00
1.414817640601406801e-01
-2.198221554669480327e+00
1.673968861547057152e+00
2.070796315217764416e+00
2.148583951223741462e+00
3.475603908815960708e-03
1.126608899581763135e+00
9.058455340759296037e-01
-9.117962260456680124e-01
2.656423383266634186e+00
9.111530022778907556e-01
3.690669864818448831e-01
-1.660321993775242477e+00
2.938380754434065656e-01
-1.365282205290083262e+00
-5.190338553322371151e-01
2.559767481054405103e+00
2.669363521341893142e-01
2.586893957285707479e-01
-9.423063084693552582e-01
7.871466393428131481e-01
-1.832222106191264466e+00
8.191544752510035998e-01
1.236320253163285976e+00
-1.540739938441835211e+00
-1.606392411598316361e+00
-2.344071385472454416e+00
-1.309605454167455552e+00
-2.983159945484535225e+00
1.459877989276536336e+00
1.319343442378855258e-01
-6.840815579090399057e-01
1.610318236354676136e-01
5.649620976639333492e-01
1.226505294787470390e+00
1.213064671059599142e+00
