5.000000000000000000e+00
1.484539696933069752e+00
8.524505779670737970e-01
1.900663791101401490e+00
-1.163260939306157038e+00
-4.240170610756259784e-01
5.677366692087277844e-01
8.133800172844150023e-01
9.222732813085658954e-01
-7.183932919794022709e-02
1.521486689255346025e+00
-2.806970969231178392e-01
-7.447615623254190131e-01
3.237243999492264379e+00
1.177951279301609588e+00
1.364926883145718639e+00
3.487581004461550727e+00
-3.156116127402344151e-01
-1.032457728616086090e+00
-8.342386871946335658e-01
-1.703312306406732812e+00
-8.330753917931524866e-01
-5.734069487619668504e-01
1.491875471398649067e+00
3.819717679462544258e-01
-1.155583765311000821e+00
1.576033180527507849e+00
-9.139853352053134428e-01
-1.091374567433036624e+00
2.487776626161925186e+00
-5.083860188771294197e-02
-2.761720493692169098e-01
2.183388536778132494e-01
-2.317738041641687285e+00
-2.680825614848062699e+00
-2.873393966753265971e+00
-1.060663442510076937e+00
-5.387198669737288670e-01
-1.004977428018744678e+00
2.074530288598845917e+00
-3.536680583508334252e-01
-2.061366651226293811e+00
8.638412870721148273e-01
-1.718129108577923336e+00
-1.529847931850855769e+00
8.228362540150976345e-01
-1.134253492383000328e+00
-1.504712655434432111e+00
-2.245239407937893894e+00
-2.378342448315676982e+00
-2.347858762962570900e+00
-2.684690257290211157e+00
1.140123218928490445e+00
6.515836684073678109e-01
-5.715997648602365588e-01
2.374468229831805388e+00
-9.112596913091428608e-01
-2.290831605435972751e+00
1.098915090347312162e-01
-1.595559198348756036e+00
-9.820621442175290206e-01
-1.415311736120264396e-01
-5.775289275727270022e-01
-1.005787169587383012e+00
-2.484104482507398792e+00
-1.588929504447629815e-01
-2.065539402927976109e-01
-7.804844575586316058e-01
3.575750770641383358e+00
1.744578371275508077e+00
-3.393000954816621784e-02
1.911640976243229595e+00
-1.148677401659976560e+00
-1.681389938587038557e+00
-1.641240775900863480e-01
-1.616968709294770434e-01
6.461022921648862383e-01
-2.976802543591283712e-02
1.271700182854060834e+00
5.238408762139123986e-01
-1.356857969977240064e+00
2.451638443259986921e+00
1.774782677190421820e+00
8.483456327632704630e-01
4.256490941313976428e+00
1.533725818981471978e+00
-2.291914233430443759e-01
4.610212227494223658e-01
-1.083419666839862794e+00
-5.596858729347062855e-01
-9.418163862344200443e-02
1.764834921419814240e+00
2.164908866546539024e+00
1.102732236405655764e-01
2.579188629884253015e+00
1.213114943122696188e+00
-7.489080540521937390e-01
3.194311408392346952e+00
1.852466611275398467e+00
7.804928114237922321e-01
2.427050983124854788e+00
-2.699555509205908699e-02
-1.086604928197826503e+00
-1.439899009588220258e+00
-6.628847289861514724e-01
5.481324865666366009e-01
-1.696085869496702925e-01
2.879657053034989200e+00
2.233679010510311702e+00
-7.853460222435325599e-01
1.959945765314925925e+00
1.370070852417061835e-01
-1.379852452650468519e+00
1.655021911641174404e+00
3.001966489171871144e-01
-4.456674894193347058e-01
-6.146434192178040767e-01
-1.573246431062381934e+00
-1.608168578801312254e+00
-2.703621182796010380e+00
2.308317599213469407e-01
1.296243300612869298e+00
-6.039348963520012603e-01
2.544514875394211728e+00
7.223047932949375749e-01
-2.414213562373114907e+00
-7.689589221563741805e-02
-1.593613293796260599e+00
-2.056827335596922879e+00
-4.550248349756695898e-01
-9.342706197656636125e-01
-1.054127435358799492e+00
-2.690008929567530238e+00
-1.603724753288842120e+00
-9.247662543781254296e-01
-2.573864107312713312e+00
1.467976444721849294e+00
1.605717975535766451e+00
-1.099454075652065654e+00
1.221035645661310509e+00
-1.123886809079506000e+00
-3.280054354499565505e+00
-1.678940270819442304e+00
-1.962970463206061389e+00
-1.145815789005114382e+00
-1.192732076813607822e+00
-3.528277264866960250e-01
-6.841128166818855050e-02
-2.749642200505542977e+00
-2.163931306275682087e-02
6.722882583776963461e-01
-1.327213071702582070e+00
2.457724064766112715e+00
1.486958417167965285e+00
-1.204504575679767875e+00
-1.367866674943557515e-01
-1.860048770918567573e+00
-2.236039504799853805e+00
-1.567034462877596956e+00
-2.071877265355950293e-01
1.386796235635772367e+00
-4.007583528156790642e-01
1.453280239783691030e+00
1.552094035350994439e+00
-1.669677055171019386e+00
1.694421663569940506e+00
1.890746283792487326e+00
-2.036807401226781167e-02
2.449505237413631686e+00
9.356107706543814739e-01
-7.972048093220651666e-01
-9.837764704872540289e-01
-1.131329916117453260e+00
2.532912800945980036e-01
-2.770429654254629726e-01
2.293474008052305724e+00
3.636113772385853427e+00
2.923396207963875337e-01
2.413054327563815882e+00
1.935005287632967974e+00
-1.052851154912837650e+00
1.943752302596879922e+00
1.714384140908386200e+00
5.243211608041397076e-01
1.195822639183287350e+00
6.707125160293769817e-02
-1.602684344413384254e-01
-1.450647103214197431e+00
1.836947914928622749e-01
2.461771558633566226e+00
5.367603301162433560e-01
3.335433694786380965e+00
3.569124690590245841e+00
-5.595629516423349381e-01
1.203752537278902635e+00
3.975070611435937984e-01
-1.371635502526146855e+00
6.036307499663849940e-01
4.735449946148646561e-01
4.550432572518046115e-01
-6.909830056250183539e-01
-7.455363877751581825e-01
3.619000734539533637e-01
-1.847679166292409692e+00
9.836054953953532465e-01
2.984992058638010981e+00
-7.582828693125220898e-02
2.047777094041904000e+00
1.111771365822606494e+00
-2.454423632337859651e+00
-1.275657518351478892e+00
-1.661322476857610919e+00
-1.490817767386959369e+00
-9.062313758734105162e-01
-4.772448407878420173e-01
5.571149717710597304e-01
-2.153282151804936095e+00
-1.042200397204560591e+00
6.738192844131498660e-01
-2.100547558083194488e+00
9.678189085037469663e-01
1.929321733830614560e+00
-1.372912684148585249e+00
-3.373363132409267218e-01
-1.687446132214396100e+00
-3.331834664793869027e+00
-2.774516954913956113e+00
-2.116289434158372007e+00
-1.032937882594167078e-01
-1.172336860902219113e+00
-1.977705685848907269e-01
1.211289701242762362e+00
-2.545818732349045099e+00
-6.819853292607556128e-01
8.757475820846511994e-01
-1.785400797115451299e+00
6.623254319200176932e-01
5.679827437820366143e-01
-1.772982631680044774e+00
-1.826823648824914770e+00
-2.612784982795775868e+00
-1.749656536284460939e+00
-2.003324704383623533e+00
-3.462210831287143575e-01
2.503499108803525885e+00
-2.922128153209742063e-01
8.052860881892810463e-01
1.822967387575554321e+00
-2.084058837982183388e+00
-3.601564088892650339e-02
1.000000000000075939e+00
-6.768081165376642616e-01
5.921765471338552578e-01
-4.669448994837277489e-02
-5.795733184425224671e-01
-1.644953506936214005e+00
-1.348353701959059681e+00
1.459972316105017764e+00
5.427095881057758531e-02
2.025237117653631014e+00
4.365398342883524130e+00
3.019386268020280983e-01
1.107343542634020572e+00
1.431385634784697158e+00
-1.421883622963751481e+00
3.274635422726199785e-01
9.230629210481403613e-01
8.576877223622632052e-01
6.217633891768663545e-01
-1.547973512775846494e-02
1.269424158542793890e+00
-7.873732438662849331e-01
4.285681186491835382e-01
3.844136268544021018e+00
1.217592351780002247e+00
2.713800676043933269e+00
3.684920045426523849e+00
-4.684765581864887007e-01
-5.015867026999021316e-02
-1.091097924605554104e-01
-8.422378694452441472e-01
1.908184685899944055e-01
5.618999417675577535e-01
2.071079464767407785e+00
1.841534827466375090e-01
-1.823523425997871650e-01
2.179233804377186612e+00
-6.817494214220736204e-01
9.207792424467845516e-01
3.655640277379012204e+00
4.240989352213530017e-01
1.067117020712158970e+00
7.286923289093560907e-01
-1.972396728702190849e+00
-1.818368323058210390e+00
-1.710144079140574425e+00
1.849187701070259537e-03
-1.296243231833025256e-01
6.211414639001455740e-02
2.420592467859350450e+00
-9.270509831246862564e-01
-9.767262698317531466e-01
1.516357039347776547e+00
-1.500397182146322894e+00
2.096988628402068899e-02
1.462045910633033463e+00
-1.178620457512272957e+00
-1.317904763665435297e+00
-2.255953179084265958e+00
-2.394025830455827286e+00
-2.520989732745127387e+00
-1.988773564586117981e+00
1.463370403763871952e+00
-1.964180920426172317e-01
-3.127295596062255045e-01
1.917158151026049584e+00
-2.137230503513848134e+00
-1.837492672310182540e+00
1.630835743995540099e-01
-1.968884382363665253e+00
-8.067018168636865827e-01
-5.843396713908090012e-01
-1.516287895383923168e+00
-2.282241654758903504e+00
-3.114430759805917326e+00
-6.754400193024545640e-01
-1.398013114658752443e+00
-6.773054999387835284e-01
3.108633405593228538e+00
-1.678212609296014790e-03
-4.776431701755222137e-01
9.585858393350947804e-01
-2.524885602753471403e+00
-1.820095620719470508e+00
-5.034396721667762087e-01
-8.428630804399311893e-01
-3.246407453502143658e-01
-9.820555104110084699e-01
1.347005575118633558e-01
-1.301230610773713270e+00
-1.761558864807204028e+00
2.176316395593945519e+00
5.381553953146021030e-01
1.000320278619199144e+00
3.769777860411934522e+00
1.120562843597727731e-02
-6.157073656903748748e-01
-6.388706274919692119e-02
-1.651911193338896799e+00
-6.702608415095087091e-01
-5.425426962764912098e-02
1.578563916196609629e+00
1.021795366120016979e+00
-2.568630487215569635e-01
2.312537831255037979e+00
1.210784868557359117e-01
-4.999417711012776877e-02
3.887025806378243686e+00
1.503237877718106796e+00
1.481243851366628395e+00
2.581824063922439905e+00
-4.614774546176271253e-01
-8.999143029145865169e-01
-9.400788864897324792e-01
5.690857730093895617e-02
8.212507472250699658e-01
6.491856730088516603e-01
3.552778498861941081e+00
1.576257696591245150e+00
-1.010179714858538969e-01
2.871436942022909555e+00
2.293120652288750394e-01
2.805544379696685020e-01
3.085495584644715628e+00
7.897196496422238532e-01
4.142135623730502925e-01
-9.481035868299549085e-03
-1.052632584546031147e+00
-1.172338001275076369e+00
-1.521956070359753443e+00
1.706334562335760197e+00
1.548475775951634548e+00
4.944173458249070396e-01
3.522300176635438262e+00
3.390628378485338046e-01
-1.306945870668477561e+00
1.224688373105794259e+00
-9.893828225951186717e-01
-6.195159259162208443e-01
6.225511058020249955e-01
-5.020085104721252467e-01
-1.013464480889254560e+00
-2.409381403611776662e+00
-9.556017098629671080e-01
-1.026201379165254668e+00
-1.619786076524547758e+00
2.622594833754630095e+00
1.114624679198437995e+00
-6.412419061879017779e-01
1.583920158226103547e+00
-1.809016994374949228e+00
-2.777966724635901219e+00
-1.046653739847990039e+00
-1.771240053973715867e+00
-1.071303887317820447e+00
-1.338695982181255850e+00
-6.694595403910947873e-01
-1.345992449821109327e+00
-3.193787934109525217e+00
2.042937476384153461e-01
-2.805809905478678923e-01
-1.142303090654793074e+00
2.671400464135460506e+00
1.090173021908057427e-01
-1.765126377178365402e+00
-6.821672358512729240e-01
-2.869184329688287516e+00
-2.688809327495117252e+00
-1.850163042530211355e+00
-5.574418332706900792e-01
8.200999047989532276e-02
-1.509295559310554591e+00
7.056033066215807725e-01
-3.942461944079899139e-01
-2.321158372249237711e+00
1.779730859679244714e+00
6.858070901699639954e-01
-3.085120953756782525e-01
2.045443833840181025e+00
-5.609753600011538888e-01
-1.825622962228377055e+00
-1.769710451042169952e+00
-1.698283055333666525e+00
-5.326870539472668975e-01
-7.348539240378380022e-01
2.143122353073569464e+00
2.011106488460081110e+00
-6.412780256695054248e-01
2.224594122829417486e+00
6.145291676596620345e-01
-1.002167258411600592e+00
2.536967062679387652e+00
1.203280002471232901e+00
4.133638901282041811e-01
9.363917710759144253e-01
-5.149152580553135738e-01
-7.790658513819074260e-01
-1.548350100587324141e+00
8.497788150339664615e-01
2.163007244710466015e+00
7.298247742126765525e-01
4.053398528399777767e+00
2.669253627782214977e+00
-4.725908340413941255e-01
2.119708175479563916e+00
4.520117254823140529e-01
-3.643486781386586770e-01
1.793509473917911379e+00
9.766224076596351500e-01
6.740600396005340667e-01
-4.978905247792309030e-01
-8.021248807775760437e-02
4.349389030787746968e-01
-1.049260930321848306e+00
2.762652406099564750e+00
3.248156595924717394e+00
7.116969457896603624e-01
3.346617109204702789e+00
1.017380372502779240e+00
-1.633557040124246074e+00
1.764196409464793280e-01
-6.675646847918870197e-01
-3.316967869855140250e-01
1.081724637780535070e-01
4.214407326844475943e-01
5.375497765611378931e-01
-1.938896371080250702e+00
2.359713629867946361e-01
8.986812791519125376e-01
-1.126634712975365105e+00
2.774965896364506968e+00
2.030048653310036144e+00
-8.915976145562612976e-01
4.913140058416749500e-01
-1.688770501328717089e+00
-2.822864137988566835e+00
-1.937509470345110785e+00
-1.237875620925717568e+00
7.912247327935406638e-02
-1.244187925099686565e+00
2.311266708321805252e-01
3.474199105673176913e-01
-2.871327026881678179e+00
3.003712156917333065e-01
5.874087376361396551e-01
-1.513149261181638394e+00
1.388973709053091810e+00
-1.243908934742208316e-01
-2.344332868815517834e+00
-2.197363454359476442e+00
-3.000000000000000000e+00
-2.197363454359612334e+00
-2.344332868815308224e+00
-1.243908934744729633e-01
1.388973709053133776e+00
-1.513149261181553129e+00
5.874087376358150259e-01
3.003712156919844389e-01
-2.871327026881724365e+00
3.474199105672031163e-01
2.311266708324910546e-01
-1.244187925099858649e+00
7.912247327943444652e-02
-1.237875620925653841e+00
-1.937509470345317730e+00
-2.822864137988383426e+00
-1.688770501328916041e+00
4.913140058416541889e-01
-8.915976145561058663e-01
2.030048653309708406e+00
2.774965896364691265e+00
-1.126634712975376873e+00
8.986812791516952670e-01
2.359713629871012519e-01
-1.938896371080379932e+00
5.375497765611758627e-01
4.214407326846167923e-01
1.081724637778402887e-01
-3.316967869853590378e-01
-6.675646847920365667e-01
1.764196409463645310e-01
-1.633557040124096416e+00
1.017380372502951769e+00
3.346617109204651719e+00
7.116969457896747953e-01
3.248156595924609924e+00
2.762652406099427527e+00
-1.049260930322045260e+00
4.349389030788005650e-01
-8.021248807750358534e-02
-4.978905247793661282e-01
6.740600396008943340e-01
9.766224076596434767e-01
1.793509473917760833e+00
-3.643486781387296758e-01
4.520117254823734498e-01
2.119708175479505297e+00
-4.725908340413292885e-01
2.669253627781994709e+00
4.053398528399945633e+00
7.298247742125620885e-01
2.163007244710366095e+00
8.497788150341686331e-01
-1.548350100587324585e+00
-7.790658513817205755e-01
-5.149152580552611713e-01
9.363917710758871138e-01
4.133638901282298272e-01
1.203280002471300403e+00
2.536967062679299723e+00
-1.002167258411492901e+00
6.145291676594687447e-01
2.224594122829681275e+00
-6.412780256694348147e-01
2.011106488459648567e+00
2.143122353074131237e+00
-7.348539240378708648e-01
-5.326870539471989519e-01
-1.698283055333535074e+00
-1.769710451042280086e+00
-1.825622962228275581e+00
-5.609753600015229269e-01
2.045443833839979852e+00
-3.085120953753520134e-01
6.858070901694908184e-01
1.779730859679665045e+00
-2.321158372249058743e+00
-3.942461944085262626e-01
7.056033066221386596e-01
-1.509295559310420254e+00
8.200999047989521173e-02
-5.574418332703672263e-01
-1.850163042530367896e+00
-2.688809327494898760e+00
-2.869184329688537982e+00
-6.821672358514925261e-01
-1.765126377177973938e+00
1.090173021901682526e-01
2.671400464135690545e+00
-1.142303090654521291e+00
-2.805809905481072564e-01
2.042937476387410300e-01
-3.193787934109481697e+00
-1.345992449821449499e+00
-6.694595403908156772e-01
-1.338695982181430821e+00
-1.071303887317735626e+00
-1.771240053973800688e+00
-1.046653739848345310e+00
-2.777966724635582807e+00
-1.809016994375244547e+00
1.583920158226090225e+00
-6.412419061877207005e-01
1.114624679198358059e+00
2.622594833754744226e+00
-1.619786076524480700e+00
-1.026201379165533112e+00
-9.556017098626379269e-01
-2.409381403611904116e+00
-1.013464480889210151e+00
-5.020085104721031533e-01
6.225511058017743071e-01
-6.195159259159270793e-01
-9.893828225953460453e-01
1.224688373105689232e+00
-1.306945870668295706e+00
3.390628378484581984e-01
3.522300176635583924e+00
4.944173458250531450e-01
1.548475775951273947e+00
1.706334562336038640e+00
-1.521956070359982149e+00
-1.172338001275112340e+00
-1.052632584545769134e+00
-9.481035868521940635e-03
4.142135623730690552e-01
7.897196496421305945e-01
3.085495584644524669e+00
2.805544379699635438e-01
2.293120652286980699e-01
2.871436942022930872e+00
-1.010179714856517252e-01
1.576257696591078616e+00
3.552778498862149359e+00
6.491856730087212091e-01
8.212507472248617990e-01
5.690857730126069880e-02
-9.400788864897399177e-01
-8.999143029145519890e-01
-4.614774546176244607e-01
2.581824063922281809e+00
1.481243851366897513e+00
1.503237877717757520e+00
3.887025806378216153e+00
-4.999417710990172736e-02
1.210784868554792004e-01
2.312537831255259135e+00
-2.568630487215733949e-01
1.021795366119742976e+00
1.578563916196752182e+00
-5.425426962776902506e-02
-6.702608415094480909e-01
-1.651911193338739814e+00
-6.388706274941657881e-02
-6.157073656901669301e-01
1.120562843572336931e-02
3.769777860411786197e+00
1.000320278619253767e+00
5.381553953144044833e-01
2.176316395594039221e+00
-1.761558864807096336e+00
-1.301230610773588481e+00
1.347005575120218124e-01
-9.820555104110014755e-01
-3.246407453502079266e-01
-8.428630804397184706e-01
-5.034396721670842956e-01
-1.820095620719453855e+00
-2.524885602753498937e+00
9.585858393349542261e-01
-4.776431701752614778e-01
-1.678212609367180086e-03
3.108633405593260512e+00
-6.773054999387726482e-01
-1.398013114658660516e+00
-6.754400193024390209e-01
-3.114430759805995486e+00
-2.282241654758953686e+00
-1.516287895383562123e+00
-5.843396713909672080e-01
-8.067018168636855835e-01
-1.968884382363673691e+00
1.630835743993296338e-01
-1.837492672310108377e+00
-2.137230503513731783e+00
1.917158151026072677e+00
-3.127295596061124283e-01
-1.964180920425373511e-01
1.463370403764108874e+00
-1.988773564585913700e+00
-2.520989732745279710e+00
-2.394025830455492887e+00
-2.255953179084539073e+00
-1.317904763665412426e+00
-1.178620457512254971e+00
1.462045910632614909e+00
2.096988628444879099e-02
-1.500397182146664399e+00
1.516357039347657532e+00
-9.767262698312593194e-01
-9.270509831250256516e-01
2.420592467859540076e+00
6.211414639031487273e-02
-1.296243231835467746e-01
1.849187701246868265e-03
-1.710144079140778040e+00
-1.818368323058218383e+00
-1.972396728702055846e+00
7.286923289088311773e-01
1.067117020712268438e+00
4.240989352211932406e-01
3.655640277378770620e+00
9.207792424472944770e-01
-6.817494214225536808e-01
2.179233804377268768e+00
-1.823523425994231228e-01
1.841534827462472657e-01
2.071079464767611178e+00
5.618999417674406249e-01
1.908184685898818289e-01
-8.422378694450149972e-01
-1.091097924607026259e-01
-5.015867026982545607e-02
-4.684765581864051009e-01
3.684920045426276936e+00
2.713800676044214821e+00
1.217592351779695381e+00
3.844136268544060542e+00
4.285681186494387784e-01
-7.873732438665119737e-01
1.269424158542994174e+00
-1.547973512755940195e-02
6.217633891766330967e-01
8.576877223623534663e-01
9.230629210480607583e-01
3.274635422727418810e-01
-1.421883622963614924e+00
1.431385634784388294e+00
1.107343542634287914e+00
3.019386268019264019e-01
4.365398342883477945e+00
2.025237117653869934e+00
5.427095881025373325e-02
1.459972316105162760e+00
-1.348353701958839856e+00
-1.644953506936302379e+00
-5.795733184423019768e-01
-4.669448994847213985e-02
5.921765471338836795e-01
-6.768081165374577601e-01
9.999999999997863931e-01
-3.601564088873832059e-02
-2.084058837982297963e+00
1.822967387575274545e+00
8.052860881897060397e-01
-2.922128153212337764e-01
2.503499108803557416e+00
-3.462210831285594814e-01
-2.003324704383734556e+00
-1.749656536284202257e+00
-2.612784982795851807e+00
-1.826823648824935198e+00
-1.772982631679897336e+00
5.679827437817588365e-01
6.623254319201037355e-01
-1.785400797115393789e+00
8.757475820843578784e-01
-6.819853292606334882e-01
-2.545818732349015345e+00
1.211289701242816541e+00
-1.977705685846320449e-01
-1.172336860902329692e+00
-1.032937882592803724e-01
-2.116289434158379557e+00
-2.774516954914115097e+00
-3.331834664793727807e+00
-1.687446132214622807e+00
-3.373363132408968568e-01
-1.372912684148471119e+00
1.929321733830303254e+00
9.678189085039039519e-01
-2.100547558083248667e+00
6.738192844130856951e-01
-1.042200397204380069e+00
-2.153282151804988942e+00
5.571149717713355098e-01
-4.772448407878040477e-01
-9.062313758736115776e-01
-1.490817767386866333e+00
-1.661322476857811203e+00
-1.275657518351586139e+00
-2.454423632337633165e+00
1.111771365822519009e+00
2.047777094042123380e+00
-7.582828693125864827e-02
2.984992058637938595e+00
9.836054953955494229e-01
-1.847679166292541364e+00
3.619000734541762965e-01
-7.455363877751211010e-01
-6.909830056251895503e-01
4.550432572520364816e-01
4.735449946147607392e-01
6.036307499661550668e-01
-1.371635502526129091e+00
3.975070611435453927e-01
1.203752537278962809e+00
-5.595629516422150340e-01
3.569124690590325333e+00
3.335433694786463565e+00
5.367603301161268936e-01
2.461771558633444990e+00
1.836947914929315528e-01
-1.450647103214460776e+00
-1.602684344411546835e-01
6.707125160285121179e-02
1.195822639183003355e+00
5.243211608043026883e-01
1.714384140908049137e+00
1.943752302597118842e+00
-1.052851154912672671e+00
1.935005287632502347e+00
2.413054327564319923e+00
2.923396207962123405e-01
3.636113772385511034e+00
2.293474008052805324e+00
-2.770429654257474117e-01
2.532912800947227927e-01
-1.131329916117279843e+00
-9.837764704874104593e-01
-7.972048093218211395e-01
9.356107706541142432e-01
2.449505237413738268e+00
-2.036807401215268154e-02
1.890746283792138049e+00
1.694421663570277126e+00
-1.669677055171036484e+00
1.552094035350680468e+00
1.453280239784071171e+00
-4.007583528159547326e-01
1.386796235635742836e+00
-2.071877265353636588e-01
-1.567034462877639367e+00
-2.236039504799623323e+00
-1.860048770918761418e+00
-1.367866674943548633e-01
-1.204504575679649081e+00
1.486958417167603574e+00
2.457724064766306338e+00
-1.327213071702474600e+00
6.722882583772108456e-01
-2.163931306212231453e-02
-2.749642200505607370e+00
-6.841128166819809842e-02
-3.528277264864700946e-01
-1.192732076813689313e+00
-1.145815789004650309e+00
-1.962970463206135552e+00
-1.678940270819423652e+00
-3.280054354499549518e+00
-1.123886809079569726e+00
1.221035645661372016e+00
-1.099454075652021690e+00
1.605717975535518205e+00
1.467976444722129958e+00
-2.573864107312800797e+00
-9.247662543781582922e-01
-1.603724753288651605e+00
-2.690008929567635043e+00
-1.054127435358620302e+00
-9.342706197656173162e-01
-4.550248349759442590e-01
-2.056827335596673301e+00
-1.593613293796635411e+00
-7.689589221571335731e-02
-2.414213562372890642e+00
7.223047932945297900e-01
2.544514875394603415e+00
-6.039348963520539959e-01
1.296243300612593297e+00
2.308317599218995264e-01
-2.703621182795959754e+00
-1.608168578801417059e+00
-1.573246431062328421e+00
-6.146434192177888667e-01
-4.456674894192931835e-01
3.001966489170271313e-01
1.655021911641016086e+00
-1.379852452650397909e+00
1.370070852414970175e-01
1.959945765315068034e+00
-7.853460222434018867e-01
2.233679010510253526e+00
2.879657053035270753e+00
-1.696085869498384913e-01
5.481324865665705426e-01
-6.628847289859360892e-01
-1.439899009588545331e+00
-1.086604928197594688e+00
-2.699555509208229065e-02
2.427050983124704686e+00
7.804928114241107551e-01
1.852466611274992569e+00
3.194311408392457974e+00
-7.489080540520055562e-01
1.213114943122842959e+00
2.579188629884275663e+00
1.102732236406801514e-01
2.164908866546507937e+00
1.764834921419901281e+00
-9.418163862367190386e-02
-5.596858729346688710e-01
-1.083419666839881668e+00
4.610212227493509229e-01
-2.291914233428561931e-01
1.533725818981488853e+00
4.256490941313933796e+00
8.483456327633647209e-01
1.774782677190278379e+00
2.451638443260116595e+00
-1.356857969977255163e+00
5.238408762137705121e-01
1.271700182854418326e+00
-2.976802543621803743e-02
6.461022921650079187e-01
-1.616968709293856721e-01
-1.641240775903598514e-01
-1.681389938586730581e+00
-1.148677401659818464e+00
1.911640976243220269e+00
-3.393000954814517911e-02
1.744578371275493645e+00
3.575750770641296317e+00
-7.804844575587785993e-01
-2.065539402927676349e-01
-1.588929504447245122e-01
-2.484104482507473399e+00
-1.005787169587264218e+00
-5.775289275724487803e-01
-1.415311736123874287e-01
-9.820621442170797133e-01
-1.595559198348953434e+00
1.098915090347275525e-01
-2.290831605435762697e+00
-9.112596913095570850e-01
2.374468229831843580e+00
-5.715997648600246173e-01
6.515836684070730467e-01
1.140123218928803084e+00
-2.684690257290238247e+00
-2.347858762962655277e+00
-2.378342448315447832e+00
-2.245239407938006693e+00
-1.504712655434327750e+00
-1.134253492383045181e+00
8.228362540148471682e-01
-1.529847931850451426e+00
-1.718129108578469122e+00
8.638412870720869607e-01
-2.061366651225936764e+00
-3.536680583514418830e-01
2.074530288599226502e+00
-1.004977428018559049e+00
-5.387198669739531320e-01
-1.060663442509552912e+00
-2.873393966753225115e+00
-2.680825614848083127e+00
-2.317738041641649982e+00
2.183388536776291189e-01
-2.761720493690949518e-01
-5.083860188801714308e-02
2.487776626161927851e+00
-1.091374567432858100e+00
-9.139853352056146463e-01
1.576033180527682820e+00
-1.155583765310729705e+00
3.819717679460605808e-01
1.491875471398955266e+00
-5.734069487621002992e-01
-8.330753917931830177e-01
-1.703312306406504106e+00
-8.342386871950342453e-01
-1.032457728615795878e+00
-3.156116127404303695e-01
3.487581004461326462e+00
1.364926883146109882e+00
1.177951279301188148e+00
3.237243999492411373e+00
-7.447615623250873895e-01
-2.806970969231237789e-01
1.521486689255450164e+00
-7.183932919793845073e-02
9.222732813085386949e-01
8.133800172843781429e-01
5.677366692085592526e-01
-4.240170610755676917e-01
-1.163260939306268504e+00
1.900663791101274036e+00
8.524505779672650885e-01
1.484539696932881903e+00
