5.000000000000000000e+00
1.175523775524343062e+00
1.460369085495247354e+00
1.089634068837373793e+00
-7.009165741803005112e-01
-1.609863632705486047e-01
2.708286345042998366e-01
9.208950640774413721e-01
-2.428140752486155129e+00
-2.896712587559980845e-01
-2.853806668294915472e+00
-3.629272133816851209e+00
-2.556441170391715589e-01
-1.233049909741861239e+00
3.016393214539293544e-01
7.734397713059038004e-02
8.115584745427306679e-01
-1.727027552330705706e+00
2.206161441949093249e-01
1.694531683522089827e+00
-3.225327482880346874e-01
3.320683346731168051e+00
1.011186089316807202e+00
1.693447661025193618e-03
-5.227520079023537658e-01
-1.616628618218548530e-01
-5.493916101257108053e-01
-1.204794080284865565e-01
2.733282153276010540e+00
-1.251730393444425271e+00
4.918316013004691012e-01
-1.578008037152641152e-01
-1.561536187699875455e+00
5.488452142830125835e-01
1.104538558677897964e+00
1.595233039587244495e+00
-4.784274496184398040e-01
1.393938398723409078e+00
-2.123928039427798176e+00
-2.046720166522711271e+00
4.814595140343256308e-01
-1.747548137426814252e+00
1.601545862411590804e-01
-6.448041855046444670e-01
-1.044856806164187635e+00
-2.924303269352180656e+00
-6.467809382872335977e-01
5.029411171813880088e-03
-6.760850683731188804e-01
3.691334843351146144e+00
8.968022466674251403e-01
1.182216736129855894e+00
1.367932084619725819e+00
1.088074183069283496e+00
1.152483803239862770e+00
2.030551805932461207e+00
3.355897887185509187e+00
-8.364645890594079036e-01
9.895856684887512911e-01
-1.490447510046633450e+00
-3.112347984300849912e+00
-8.161693666277579640e-01
-1.417290220189181715e+00
-9.519302081563804085e-01
-1.939045580265015500e+00
-4.351140069096584018e-01
-3.494168358641084993e+00
-1.506591983492902243e+00
8.959229366363663516e-01
-7.313184443143355695e-01
2.731287425636511390e+00
1.604186066853330983e+00
1.004673185264039592e+00
-6.910208572197096277e-02
1.427853660008715941e+00
7.904727720760900134e-01
5.091621052148743720e-01
3.583925008140848245e+00
-7.020992053681349709e-01
1.460239962726495033e-02
-6.187018513464108693e-01
-1.760749965529268657e+00
-8.174795049972486405e-01
3.689365372516324459e-01
1.215012351007381364e+00
-1.455297536378636680e+00
1.235279504873784795e+00
-1.620001313301106416e+00
-1.671075090803076257e+00
1.178587282033861205e+00
-1.154097041467128104e-01
9.463392564469657042e-01
1.126157801064484598e-01
2.138697222424824629e-01
-2.936439717559762297e+00
-8.269948843435610542e-01
-1.750927204752736888e-01
-1.761179809411625330e+00
1.989257366659231252e+00
-2.975838530368499768e-01
-5.000000000000037748e-01
-5.882280538301510875e-01
5.344653429515302534e-01
3.734884678604475927e-01
1.643846228507427121e+00
4.219011633162561559e+00
1.948956010313811493e-01
2.125288089393824631e+00
5.689193369431573277e-01
-8.885166754909541442e-01
5.299282269344933738e-01
5.916855032134195058e-01
3.276754685473418638e-01
-1.909671697294526238e+00
-2.282228756332765895e-01
-4.082367416382492564e+00
-3.060496213640059970e+00
-6.506455441733405287e-01
-2.185473593819437177e+00
3.423967399530905009e-01
-6.944851248628802765e-02
2.915375004773501644e-02
-1.512978758418604963e+00
1.300100236625052030e+00
1.364119556709975090e+00
9.999999999999872324e-01
4.683918876555536848e+00
1.098930491439833457e+00
1.200622241051066741e+00
5.485498795198643363e-01
-1.548954057419088537e-03
-4.225676323911312648e-01
6.463420472619625379e-01
1.524352643640903615e+00
-2.271474095639575808e+00
2.052260887384518284e-01
-2.273717617055181606e+00
-2.706971943134788727e+00
-9.083828902457169452e-02
-1.773355962294940191e-01
4.891348210530828133e-01
-2.297945262092943031e-01
1.096558895619496266e+00
-2.395710965906439505e+00
-1.915831785306803259e-01
1.058874823476580573e+00
-7.930190659259860331e-01
2.076660066578005726e+00
2.260108652113925753e-01
-5.451409449394417628e-01
-1.760073510670142838e+00
4.259918942559523525e-02
-7.337803333300231268e-01
-1.514012651362317552e-02
3.144512910044035880e+00
-6.630575316900090277e-01
9.987797963674549528e-01
4.085574467006015675e-01
-1.159238375902631457e-01
8.335859867488781827e-01
2.122918318330707876e+00
2.256815296758387657e+00
-5.990534242874696602e-01
1.592919536000548586e+00
-2.272825115146081654e+00
-2.171008220219202922e+00
-1.717047349612845220e-01
-1.640537810397269869e+00
-7.055863431075712899e-01
-1.426260086413048356e+00
-1.139959307461824389e+00
-3.855675312199242200e+00
-7.141909206407793809e-01
-1.053904871414197975e-01
-6.348931183521698829e-01
3.348809140084509028e+00
1.076505515483256348e+00
1.221990632190705472e+00
8.963914965464369056e-01
1.870343465405216010e+00
9.930121764147353813e-01
2.191532320528374100e+00
3.629513552365791540e+00
-8.350713843636947686e-01
9.650334177860386831e-01
-1.333779518166169797e+00
-2.383497344131158879e+00
-9.827169485786827474e-01
-4.999062397006228675e-01
-5.851366998096141359e-01
-1.998024969577287813e+00
1.509519957323823824e-01
-3.430970334459367610e+00
-1.307325179080857769e+00
7.923823703681781572e-01
-4.329274217400067570e-01
1.910262888994648467e+00
1.038466593876955724e+00
6.311414461464036618e-01
-1.419908347612178101e+00
1.118033988749917995e+00
1.264267426716480236e-01
-3.939828892449748210e-02
3.017148870333185684e+00
-7.593728564182800067e-01
-1.559820438158521227e-01
-7.142338415553907138e-01
-5.757413243533465730e-01
-5.693132642174685287e-01
1.416528472368893343e+00
2.257530248444747922e+00
-8.842672558747965983e-01
1.934005784595354438e+00
-9.776325743688879522e-01
-9.802985101370119692e-01
9.882764269250920997e-01
4.924161204197979869e-01
4.319548029014936841e-01
-6.821758506966131286e-01
-5.653191779269484130e-02
-3.999637760158957001e+00
-1.426319596526365974e+00
-8.185183550421524235e-01
-2.043427369040798247e+00
1.062525776250710985e+00
-4.791735890037446266e-01
-5.724122579220477514e-01
-1.189003359523320480e+00
1.286124377689446874e+00
5.025312112093508476e-01
2.000015446824199294e+00
4.600914990421747675e+00
6.084033885385510265e-01
2.196345461283869316e+00
7.218137710910363936e-01
-5.524569219809338794e-02
2.131335208036484741e-01
1.203218150349627535e+00
5.206359434669070030e-01
-2.169719977249167098e+00
-2.439660607335691900e-02
-3.998574092525355006e+00
-2.831873615265110722e+00
-7.677847838246997236e-01
-1.488328459660696490e+00
-6.929709041211018494e-02
-2.570545746230566975e-01
2.072497652725139305e-01
-2.270267589882454473e+00
1.236206386151182501e+00
1.000000000000020650e+00
6.412613291565395501e-01
3.795152611905268536e+00
7.782049178241039478e-01
5.823289050127912203e-01
-3.054655387594367166e-01
4.594493920978054424e-01
-7.891398193093988045e-01
9.376770052755359908e-01
1.999205713958821073e+00
-1.835156365703118020e+00
6.778376864006909752e-01
-1.462043807797503314e+00
-1.478798731718854009e+00
2.108806990404030468e-01
1.126899282156220039e+00
8.661670262046147206e-01
-2.866163717906220487e-01
1.389070524673477358e+00
-2.760451295690058870e+00
-5.420781919812900362e-01
3.942352209705752286e-01
-1.060411607942280288e+00
7.160053654757976282e-01
-5.413389750543216028e-01
-1.138860399746161711e+00
-2.986581119423072472e+00
4.910956851972514414e-02
-1.001693586327934371e+00
3.248242107843746229e-03
3.148079177028790809e+00
-1.191704753087273749e-01
1.203858863276359159e+00
7.231906039430521238e-01
1.154649074837111211e+00
9.488898953321176499e-01
2.970200544099513618e+00
2.776443077501845824e+00
-5.466991729697653346e-01
1.690080127302111768e+00
-2.131949209385961996e+00
-1.986566997308986338e+00
-6.264967018976053126e-01
-1.099314755730911308e+00
-1.234819904017837366e+00
-1.828247358813164469e+00
-1.016900041208627314e+00
-4.367814486575274380e+00
-7.201599021191815719e-01
-2.018071080114983429e-01
-4.999999999999918399e-01
2.655627573792775475e+00
1.070847517443084262e+00
9.212435108915686399e-01
6.704060048112225889e-02
2.185540781827838064e+00
5.207891411377209012e-01
2.020148936507308868e+00
3.456102414226080111e+00
-8.165910847782913429e-01
7.231769900798382666e-01
-1.142710134576024883e+00
-1.469222429357744275e+00
-9.864117204799111027e-01
6.556505097455997966e-01
5.893153866884459635e-02
-1.630672506832144819e+00
8.602034641304215912e-01
-2.916689794939220537e+00
-8.783608090224407361e-01
7.596011836728961963e-01
1.069600240706544692e-01
1.063318608221952344e+00
4.799983313986407873e-01
1.592137106975074490e-01
-2.730775151334718487e+00
5.595127530123469306e-01
-6.541677039020029616e-01
-6.364746956013733747e-01
2.079402414572057545e+00
-8.442700951671027187e-01
-5.227936591601671790e-01
-9.694697369768048301e-01
4.447278442823079381e-01
-3.983337899787354752e-01
2.296589259277884931e+00
3.078637986573363960e+00
-2.056129243748526791e-01
2.397863927420118557e+00
-2.669132627958215043e-01
-1.857519960733586828e-01
8.134792085079578516e-01
1.271069244434972489e+00
1.131255658790675245e-01
-1.174482189468984528e+00
-1.885010514399513282e-01
-4.567584264462518640e+00
-1.805071814856558099e+00
-1.260537467191139571e+00
-1.966654532597725158e+00
1.420395219201350256e-01
-5.686102880368867352e-01
-6.990088592587665461e-01
-1.850947296831258804e+00
1.689785498106048944e+00
3.990624313663026501e-01
2.032046873262224995e+00
4.393184879118559039e+00
8.131701938739167579e-01
1.817775323504901230e+00
5.825187689049120543e-01
6.013498160737618115e-01
-1.847422923448768239e-01
1.765564078804098047e+00
7.818353262069388521e-01
-2.064779060514964737e+00
2.721057170729562769e-01
-3.418549253630244422e+00
-2.203266650395990123e+00
-6.063114351719478545e-01
-3.732136751140190389e-01
-2.232755491301915418e-01
-2.151675579545253569e-01
4.259545305831363704e-01
-2.806451161247837334e+00
9.999999999999944489e-01
5.133481585978498796e-01
2.247847853978671151e-01
2.498433441515048870e+00
2.961205803421594895e-01
-3.053141166852169075e-01
-1.371275807516123102e+00
6.285489906855563635e-01
-1.243551065816181467e+00
1.061127835073642833e+00
2.222814444605928141e+00
-1.263659415215079740e+00
9.682638329637994756e-01
-6.032560499165993129e-01
-1.676712833691084148e-01
5.417253630233558326e-01
2.476497472786635345e+00
1.340809752550065514e+00
-1.278141761819133748e-01
1.645568093700372270e+00
-2.761074378319713585e+00
-7.470797963273526632e-01
-1.477756981135540104e-01
-1.007463336998948522e+00
-5.255231791463572666e-01
-1.118033988749904228e+00
-1.626471490135303899e+00
-3.983575167180492205e+00
-5.903213195823220349e-02
-1.247978633943351623e+00
-2.456369878655193656e-02
2.760737324458136577e+00
3.078132903375571106e-01
1.042529626738013970e+00
7.007259388098494579e-01
2.052576026404048903e+00
8.113147519286851850e-01
3.469885593935775336e+00
3.007307924926899467e+00
-4.294666334465603308e-01
1.580878575437220768e+00
-1.785050875947180593e+00
-1.564746503366650998e+00
-8.575765750871410242e-01
-1.883037800436462017e-01
-1.365527551282537999e+00
-1.790875297254507892e+00
-6.485664108737709821e-01
-4.343483199184410282e+00
-5.845424705548402100e-01
-1.724387833261528669e-01
-1.921344338279419584e-01
1.771091049311224630e+00
9.550369195044400294e-01
3.731174226225819623e-01
-9.786740655489094554e-01
2.044489955820345983e+00
-1.830991792098626281e-01
1.531724063259406243e+00
2.828529269595089879e+00
-8.397339725876714622e-01
2.111987458792893291e-01
-1.017198460902008827e+00
-5.518384488690920575e-01
-9.116774677579888575e-01
1.837500004803417575e+00
8.248084210007116113e-01
-9.644535887220784254e-01
1.549288346485863777e+00
-2.042726375679481343e+00
-2.779384458447087258e-01
8.248196862359186143e-01
8.716359216992100034e-01
3.340568789695055885e-01
5.350249005080010001e-02
-2.787682579175623232e-01
-3.766715208691063577e+00
-8.347312267052919843e-02
-1.355695027413868825e+00
-1.129491959339869123e+00
9.400738667230100765e-01
-9.041969394088815726e-01
-1.030251894579721217e+00
-1.355964552356199171e+00
1.177509612486947521e+00
-3.558784749758427957e-01
2.852533037950065076e+00
3.511234651053315226e+00
4.048721044093970267e-01
2.468329483580913752e+00
3.419332826700061112e-01
5.425266365790298861e-01
6.063001925613420440e-01
2.083219200279739614e+00
-1.790158938607300243e-02
-1.343390184430825363e+00
-1.713409609740493833e-01
-4.553494094645920143e+00
-1.873838392492910510e+00
-1.374663733046423975e+00
-1.456371126928115212e+00
-5.909992250741341602e-01
-4.746914417085088544e-01
-7.854733195697561898e-01
-2.423916914551201618e+00
1.780470003130858903e+00
1.459320112097409750e-01
1.776857769016903621e+00
3.636756641823950531e+00
7.764223227530627769e-01
9.943096128272855827e-01
1.223748983901582488e-01
9.574693283727069293e-01
-6.857637472916262578e-01
2.137389842968377085e+00
9.942536965184602948e-01
-1.709697119810682731e+00
5.339441424965504224e-01
-2.477819667211385024e+00
-1.299707702067368853e+00
-2.137762659010606914e-01
1.026190904570129625e+00
-1.041793857408706281e-01
6.451593652760334585e-02
7.019439397834836836e-01
-3.000000000000000000e+00
7.019439397833389105e-01
6.451593652768516929e-02
-1.041793857407761481e-01
1.026190904569887374e+00
-2.137762659008604071e-01
-1.299707702067373072e+00
-2.477819667211463184e+00
5.339441424967350525e-01
-1.709697119810629662e+00
9.942536965183228492e-01
2.137389842968380194e+00
-6.857637472914606125e-01
9.574693283725993487e-01
1.223748983901744580e-01
9.943096128275126233e-01
7.764223227527129456e-01
3.636756641824054448e+00
1.776857769017005761e+00
1.459320112096695876e-01
1.780470003130860457e+00
-2.423916914551105695e+00
-7.854733195699553638e-01
-4.746914417085995597e-01
-5.909992250738809183e-01
-1.456371126928301285e+00
-1.374663733046405989e+00
-1.873838392492753968e+00
-4.553494094645971657e+00
-1.713409609740890183e-01
-1.343390184430606205e+00
-1.790158938617547602e-02
2.083219200279617045e+00
6.063001925617007570e-01
5.425266365789307432e-01
3.419332826700594019e-01
2.468329483581017669e+00
4.048721044091827537e-01
3.511234651053454670e+00
2.852533037950048644e+00
-3.558784749755560251e-01
1.177509612486799195e+00
-1.355964552356217601e+00
-1.030251894579587990e+00
-9.041969394092221890e-01
9.400738667234311841e-01
-1.129491959339916640e+00
-1.355695027413713838e+00
-8.347312267057971358e-02
-3.766715208690996519e+00
-2.787682579173788033e-01
5.350249005078389075e-02
3.340568789699169816e-01
8.716359216990416936e-01
8.248196862361626414e-01
-2.779384458448789230e-01
-2.042726375679515982e+00
1.549288346485977463e+00
-9.644535887221767911e-01
8.248084210008242989e-01
1.837500004803322984e+00
-9.116774677577237362e-01
-5.518384488693549583e-01
-1.017198460902094537e+00
2.111987458794203354e-01
-8.397339725877941419e-01
2.828529269594760365e+00
1.531724063259990887e+00
-1.830991792100936100e-01
2.044489955820224747e+00
-9.786740655486185769e-01
3.731174226224772683e-01
9.550369195044418058e-01
1.771091049311285026e+00
-1.921344338280260300e-01
-1.724387833264416914e-01
-5.845424705544945976e-01
-4.343483199184482224e+00
-6.485664108741491241e-01
-1.790875297254260090e+00
-1.365527551282719854e+00
-1.883037800440755805e-01
-8.575765750869825954e-01
-1.564746503366661878e+00
-1.785050875947562510e+00
1.580878575437210110e+00
-4.294666334464573021e-01
3.007307924926530429e+00
3.469885593935944534e+00
8.113147519287358111e-01
2.052576026403765574e+00
7.007259388099634778e-01
1.042529626738104120e+00
3.078132903372564622e-01
2.760737324458258701e+00
-2.456369878637710419e-02
-1.247978633943601201e+00
-5.903213195820455894e-02
-3.983575167180307908e+00
-1.626471490135517062e+00
-1.118033988749895569e+00
-5.255231791462388058e-01
-1.007463336999085524e+00
-1.477756981134809577e-01
-7.470797963271648134e-01
-2.761074378319845035e+00
1.645568093700239043e+00
-1.278141761817455091e-01
1.340809752550069511e+00
2.476497472786514553e+00
5.417253630237885975e-01
-1.676712833693260185e-01
-6.032560499166976786e-01
9.682638329639372543e-01
-1.263659415215133253e+00
2.222814444605936579e+00
1.061127835073649717e+00
-1.243551065816088208e+00
6.285489906852426145e-01
-1.371275807515934586e+00
-3.053141166852177957e-01
2.961205803419503235e-01
2.498433441515261144e+00
2.247847853979338673e-01
5.133481585979413619e-01
1.000000000000136335e+00
-2.806451161247705883e+00
4.259545305829665063e-01
-2.151675579545674344e-01
-2.232755491300214556e-01
-3.732136751140431863e-01
-6.063114351717746597e-01
-2.203266650395900861e+00
-3.418549253630501550e+00
2.721057170729915820e-01
-2.064779060514900344e+00
7.818353262067976317e-01
1.765564078804144010e+00
-1.847422923446089271e-01
6.013498160733830034e-01
5.825187689049633466e-01
1.817775323505060214e+00
8.131701938737277979e-01
4.393184879118612329e+00
2.032046873262354669e+00
3.990624313664788425e-01
1.689785498105887740e+00
-1.850947296830848243e+00
-6.990088592588684646e-01
-5.686102880369908741e-01
1.420395219204145798e-01
-1.966654532597872151e+00
-1.260537467190983474e+00
-1.805071814856495482e+00
-4.567584264462632326e+00
-1.885010514401770365e-01
-1.174482189468890825e+00
1.131255658793344221e-01
1.271069244434705592e+00
8.134792085081754553e-01
-1.857519960734774767e-01
-2.669132627959056592e-01
2.397863927420308183e+00
-2.056129243749380553e-01
3.078637986573546037e+00
2.296589259277742379e+00
-3.983337899786839609e-01
4.447278442822120148e-01
-9.694697369766061001e-01
-5.227936591600567118e-01
-8.442700951672654774e-01
2.079402414572353752e+00
-6.364746956015471246e-01
-6.541677039020307172e-01
5.595127530121225545e-01
-2.730775151334657647e+00
1.592137106973625649e-01
4.799983313986428968e-01
1.063318608222234563e+00
1.069600240703871274e-01
7.596011836730355293e-01
-8.783608090227055243e-01
-2.916689794939106850e+00
8.602034641304003859e-01
-1.630672506831990720e+00
5.893153866882738789e-02
6.556505097452540731e-01
-9.864117204796901683e-01
-1.469222429357689208e+00
-1.142710134576168102e+00
7.231769900801692241e-01
-8.165910847785827764e-01
3.456102414225741715e+00
2.020148936507520698e+00
5.207891411376551760e-01
2.185540781827850942e+00
6.704060048128313021e-02
9.212435108915398851e-01
1.070847517442744534e+00
2.655627573793017504e+00
-4.999999999997535305e-01
-2.018071080116676241e-01
-7.201599021187257144e-01
-4.367814486575225530e+00
-1.016900041208829819e+00
-1.828247358812955525e+00
-1.234819904017791181e+00
-1.099314755731081839e+00
-6.264967018974327839e-01
-1.986566997308750526e+00
-2.131949209386243549e+00
1.690080127302110213e+00
-5.466991729696748514e-01
2.776443077501334677e+00
2.970200544099741435e+00
9.488898953323399166e-01
1.154649074837024170e+00
7.231906039430927580e-01
1.203858863276491720e+00
-1.191704753089625202e-01
3.148079177028844100e+00
3.248242108069676615e-03
-1.001693586327871976e+00
4.910956851966469250e-02
-2.986581119422776709e+00
-1.138860399746202345e+00
-5.413389750543537993e-01
7.160053654761574515e-01
-1.060411607942567391e+00
3.942352209706505572e-01
-5.420781919811440419e-01
-2.760451295690050433e+00
1.389070524673434504e+00
-2.866163717905723107e-01
8.661670262045391144e-01
1.126899282155948701e+00
2.108806990407492421e-01
-1.478798731718927506e+00
-1.462043807797683614e+00
6.778376864008373026e-01
-1.835156365703133119e+00
1.999205713958657871e+00
9.376770052756742135e-01
-7.891398193091911928e-01
4.594493920975371015e-01
-3.054655387593563365e-01
5.823289050128285238e-01
7.782049178239986986e-01
3.795152611905436846e+00
6.412613291566700013e-01
9.999999999999588107e-01
1.236206386151240011e+00
-2.270267589882375425e+00
2.072497652724522021e-01
-2.570545746229742079e-01
-6.929709041192078089e-02
-1.488328459660989367e+00
-7.677847838247132684e-01
-2.831873615264978383e+00
-3.998574092525561952e+00
-2.439660607338811626e-02
-2.169719977249101817e+00
5.206359434667744424e-01
1.203218150349502524e+00
2.131335208040077145e-01
-5.524569219813468823e-02
7.218137710910241811e-01
2.196345461284003431e+00
6.084033885384733109e-01
4.600914990421753004e+00
2.000015446824070953e+00
5.025312112095482453e-01
1.286124377689409348e+00
-1.189003359523120862e+00
-5.724122579221652130e-01
-4.791735890037986945e-01
1.062525776250840659e+00
-2.043427369040950126e+00
-8.185183550420956911e-01
-1.426319596526148814e+00
-3.999637760158934352e+00
-5.653191779296107278e-02
-6.821758506965234226e-01
4.319548029015362056e-01
4.924161204196214614e-01
9.882764269254802336e-01
-9.802985101369436904e-01
-9.776325743689741055e-01
1.934005784595268729e+00
-8.842672558746718092e-01
2.257530248444723053e+00
1.416528472368776992e+00
-5.693132642170896096e-01
-5.757413243535154379e-01
-7.142338415552003106e-01
-1.559820438159010836e-01
-7.593728564183555019e-01
3.017148870333318911e+00
-3.939828892477470479e-02
1.264267426720847576e-01
1.118033988749802754e+00
-1.419908347611920529e+00
6.311414461461536396e-01
1.038466593877012789e+00
1.910262888994764374e+00
-4.329274217402898639e-01
7.923823703685954900e-01
-1.307325179080811806e+00
-3.430970334459195747e+00
1.509519957321924233e-01
-1.998024969577134158e+00
-5.851366998095407501e-01
-4.999062397008976477e-01
-9.827169485785067771e-01
-2.383497344131424445e+00
-1.333779518166659184e+00
9.650334177862485152e-01
-8.350713843637831424e-01
3.629513552365380757e+00
2.191532320528719602e+00
9.930121764148489572e-01
1.870343465404946004e+00
8.963914965466528439e-01
1.221990632190714354e+00
1.076505515483008102e+00
3.348809140084646696e+00
-6.348931183519325172e-01
-1.053904871414950151e-01
-7.141909206402954347e-01
-3.855675312199137839e+00
-1.139959307462168114e+00
-1.426260086412895589e+00
-7.055863431075101166e-01
-1.640537810397463048e+00
-1.717047349610476281e-01
-2.171008220218907603e+00
-2.272825115146535513e+00
1.592919536000479308e+00
-5.990534242872421755e-01
2.256815296758069245e+00
2.122918318330709653e+00
8.335859867492398934e-01
-1.159238375902239548e-01
4.085574467005322896e-01
9.987797963676463553e-01
-6.630575316903027927e-01
3.144512910043895104e+00
-1.514012651334228909e-02
-7.337803333299208752e-01
4.259918942571622180e-02
-1.760073510670054464e+00
-5.451409449396663609e-01
2.260108652111442185e-01
2.076660066578265074e+00
-7.930190659260205610e-01
1.058874823476663174e+00
-1.915831785303667156e-01
-2.395710965906485690e+00
1.096558895619134999e+00
-2.297945262090659302e-01
4.891348210530771512e-01
-1.773355962297465949e-01
-9.083828902415397311e-02
-2.706971943134715008e+00
-2.273717617055260654e+00
2.052260887385488619e-01
-2.271474095639584689e+00
1.524352643640628280e+00
6.463420472619576529e-01
-4.225676323908009180e-01
-1.548954057427137654e-03
5.485498795199804656e-01
1.200622241051000350e+00
1.098930491439482848e+00
4.683918876555610566e+00
1.000000000000066169e+00
1.364119556710078784e+00
1.300100236625170158e+00
-1.512978758418394465e+00
2.915375004755405008e-02
-6.944851248632077922e-02
3.423967399533371925e-01
-2.185473593819695637e+00
-6.506455441730574218e-01
-3.060496213639927632e+00
-4.082367416382455261e+00
-2.282228756334495623e-01
-1.909671697294320847e+00
3.276754685472074158e-01
5.916855032131698167e-01
5.299282269349553376e-01
-8.885166754910144293e-01
5.689193369432261616e-01
2.125288089393751800e+00
1.948956010313358522e-01
4.219011633162415897e+00
1.643846228507490403e+00
3.734884678607521269e-01
5.344653429514091281e-01
-5.882280538298760852e-01
-5.000000000001536549e-01
-2.975838530368899448e-01
1.989257366659454185e+00
-1.761179809411781427e+00
-1.750927204754830768e-01
-8.269948843435183106e-01
-2.936439717559533591e+00
2.138697222422425437e-01
1.126157801064966435e-01
9.463392564471175827e-01
-1.154097041471262575e-01
1.178587282033892292e+00
-1.671075090803062269e+00
-1.620001313300976742e+00
1.235279504873622258e+00
-1.455297536378613144e+00
1.215012351007427993e+00
3.689365372513726538e-01
-8.174795049971801397e-01
-1.760749965529518235e+00
-6.187018513461928215e-01
1.460239962712805983e-02
-7.020992053681291978e-01
3.583925008140881108e+00
5.091621052148019855e-01
7.904727720759582299e-01
1.427853660008568504e+00
-6.910208572161635754e-02
1.004673185263791790e+00
1.604186066853371173e+00
2.731287425636557131e+00
-7.313184443147081604e-01
8.959229366362974067e-01
-1.506591983492999498e+00
-3.494168358640818983e+00
-4.351140069096225416e-01
-1.939045580264941115e+00
-9.519302081563369988e-01
-1.417290220189472372e+00
-8.161693666273275305e-01
-3.112347984300600778e+00
-1.490447510047149260e+00
9.895856684888305610e-01
-8.364645890594434308e-01
3.355897887185232076e+00
2.030551805932582887e+00
1.152483803240086591e+00
1.088074183069190681e+00
1.367932084619778887e+00
1.182216736129935386e+00
8.968022466671171644e-01
3.691334843351283368e+00
-6.760850683729706656e-01
5.029411171631359423e-03
-6.467809382868681123e-01
-2.924303269352023449e+00
-1.044856806164499385e+00
-6.448041855047048632e-01
1.601545862413217280e-01
-1.747548137427033854e+00
4.814595140344559709e-01
-2.046720166522273843e+00
-2.123928039428126802e+00
1.393938398723263417e+00
-4.784274496183253955e-01
1.595233039587089507e+00
1.104538558677854887e+00
5.488452142832971337e-01
-1.561536187699939848e+00
-1.578008037154134957e-01
4.918316013006605592e-01
-1.251730393444593137e+00
2.733282153275882198e+00
-1.204794080283073665e-01
-5.493916101255780227e-01
-1.616628618219751456e-01
-5.227520079020508970e-01
1.693447660886304718e-03
1.011186089316532311e+00
3.320683346731323482e+00
-3.225327482880472330e-01
1.694531683522189969e+00
2.206161441952725621e-01
-1.727027552330600901e+00
8.115584745423860547e-01
7.734397713071095026e-02
3.016393214539836443e-01
-1.233049909741993799e+00
-2.556441170392239615e-01
-3.629272133816746848e+00
-2.853806668295137960e+00
-2.896712587561450780e-01
-2.428140752486067200e+00
9.208950640772259888e-01
2.708286345042960619e-01
-1.609863632705978986e-01
-7.009165741804376237e-01
1.089634068837485925e+00
1.460369085495165198e+00
1.175523775524121906e+00
