5.000000000000000000e+00
1.385308425482388639e+00
6.466921756204766503e-01
2.453123143941195572e+00
-7.423557918308660852e-01
8.325285652350884469e-01
3.074327430389374616e+00
-2.841061955466576139e-01
-8.455729458607463833e-02
-2.382213406390623622e-03
-2.284777386782044672e+00
-1.877547425672420056e-01
1.132535447042571253e+00
1.754368592734962262e-01
5.422550957133110971e-01
-1.781656296298709252e-01
-5.402472130850418663e-01
3.413333550078138656e-01
1.376913819234627745e+00
2.394998901929775492e+00
1.022508886970892261e+00
2.634881385576778312e-01
4.729882790864614606e-01
-1.337921590495913415e+00
2.381286583666989420e-01
1.641188822190975394e+00
-1.502343060297835819e+00
-8.897963347572730441e-01
-1.170141896922976654e+00
-4.351856177834021011e+00
-1.023423422812125283e+00
3.465868729293231087e-02
-2.715929788703728143e+00
-7.042854462858794129e-02
-1.272673640289841313e+00
-3.855897526692694033e+00
3.943949117706164742e-01
4.214600661570079287e-01
-8.182006944768686063e-01
1.964428598159790651e+00
-5.194911876492416258e-01
-2.209147788139059987e+00
4.905762570328622840e-01
-3.910771228294940283e-01
-3.391561947127273990e-01
8.105925138692768872e-01
-1.568334371674535044e+00
-2.523052775241752865e+00
-2.010778197613679374e+00
-1.769426011886923833e+00
-7.787682579175252418e-01
-7.176145195366516738e-01
-7.596581405242062157e-01
-1.601422572550234680e+00
-2.239803294221116126e+00
2.094020211151986777e-01
6.546533569468780955e-01
5.763061191843286135e-01
2.655886144920224012e+00
1.929596962462266641e-01
-8.361070673867061487e-01
2.283694854298305543e+00
5.868678769688204788e-01
1.080640214430654389e+00
3.491572449326470373e+00
-8.224023410929969247e-01
-1.149644568774511821e+00
1.152588653371040994e+00
-1.645413819228201291e+00
4.916062634201098236e-01
2.440938768047652196e+00
-1.496297892722625145e+00
-4.025272163179349771e-01
6.452455488470206779e-01
-1.176307261921200720e+00
2.012489617336412184e+00
3.092589930602848813e+00
9.704158289567484941e-01
1.831513801670601627e+00
1.299238697856558211e+00
7.179985652291452913e-01
2.479620663081508081e+00
2.751670057444147943e+00
2.161854789856112014e+00
9.090446044676839810e-01
-1.343172427546706071e-01
7.199675470036748237e-03
-5.422872977599445532e-01
7.497117210482980854e-01
1.285096434634111162e+00
-1.469502806773004711e+00
-8.225214388374079144e-01
-5.790163729828120553e-01
-2.255971474397767462e+00
1.332622376365749872e+00
1.850879295044371542e+00
-1.024139914172819132e+00
1.356181028694773305e+00
1.284602874459623845e-01
-1.776159718802775345e+00
2.618033988749886909e+00
1.605899987461290479e+00
-5.764637806371769591e-01
1.654986512756348116e+00
-1.501426383226954986e+00
-2.804671396747924206e+00
6.037484465455033034e-01
-1.094933678166400304e+00
-1.554382506337138148e+00
-3.208981265853325660e-01
-3.263697855631015887e+00
-3.269430260859281567e+00
-1.265450000771822126e+00
-1.430878828405794057e+00
-4.109174531236824413e-01
-2.268547119101834153e-01
-1.263843973705283119e+00
-1.398866570217522032e+00
-9.960509372020703855e-01
7.167727905849720083e-01
9.229986539697868642e-01
2.267588102379739512e-01
7.329507161328450149e-01
-1.567085118458551696e+00
-2.000885311189965599e+00
7.071067811865311414e-01
-9.767049900684030561e-01
-8.834503841834719928e-01
5.564876927965027864e-01
-3.437358182888213154e+00
-2.693128154350734160e+00
2.331030764978203607e-01
-2.065012253784485274e+00
3.019036763609020957e-01
1.755257707940892420e+00
-2.287001703966291544e+00
-1.645924875920610209e-01
1.478694534170295949e+00
-3.669324151351980312e-01
2.966819573739320592e+00
3.021733885345442516e+00
-2.255297903725472786e-01
1.246805541318041666e+00
8.266542239479641729e-01
-2.911888166116383125e-02
2.256328658047479951e+00
1.522397428555493981e+00
-9.770466983529446647e-02
-3.479007615778022533e-01
-1.000859334297778958e+00
-3.579604780798422148e-01
4.730480359800987022e-01
1.263216753265269165e+00
1.246230808854786876e+00
-5.297172543044997850e-01
3.841347428875443448e-01
1.246977319039914711e+00
6.751638123339664954e-01
3.545122654599063061e+00
3.083360377658685536e+00
1.217248898211901187e-01
2.144183530149936789e+00
1.021125594040361628e+00
-3.462955154321001316e-01
3.508907633086026490e+00
1.393699178041019282e+00
-1.209679636887963428e+00
1.027463508946387938e+00
-1.885707616453802249e+00
-2.202756157596295949e+00
1.773228180108274321e+00
-6.116233023538251157e-01
-1.136343103412297495e+00
5.643362017784278040e-01
-2.335218784633685374e+00
-1.181235741781594406e+00
1.655368909406568445e+00
3.929543321906250330e-01
1.020441048629722403e+00
9.916384921876854053e-01
-1.007190593702954384e+00
-4.298839865587783526e-01
3.758297045372565037e-01
6.606727379644727893e-01
3.941669292416122294e-01
-9.011775023905309601e-01
-1.446774747760688262e+00
-2.772682007916884572e+00
-2.433602088047272183e+00
-2.547816844428849592e-01
-1.739509390677568712e+00
-1.885214780275635160e+00
-9.310081243251302485e-01
-3.815688054099398485e+00
-2.025401560566995940e+00
9.537977289638138734e-01
-1.317529270721685464e+00
5.797406163212952546e-01
1.201043576261854540e+00
-2.753066175314281772e+00
-2.647881913730998349e-14
1.473173979700419078e+00
-9.887025075843512978e-01
1.785699932965572945e+00
6.780930178012343212e-01
-3.047516001754956516e+00
-5.922499276344331820e-01
-8.108021072531067519e-01
-1.818260403942362879e+00
8.836928437893172283e-01
-6.257392592729712488e-01
-2.399744863349844604e+00
-1.005114739304643789e+00
-1.129306634317353009e+00
-1.005439569131085786e-01
1.564317934084244577e+00
1.317286354680789806e+00
8.325318357729201146e-01
1.235564738537002355e-01
9.463646718220994902e-01
1.963360583171061879e+00
1.734123779968049117e+00
3.102092947031990455e+00
1.759319163066276337e+00
-8.151937871131679225e-01
1.084072813528549561e+00
4.133002759092943013e-01
-3.764760527554380509e-01
2.749225506467610991e+00
1.543731619693049784e-01
-1.924380793118490640e+00
9.509590121061595180e-01
-1.078144523070818428e+00
-3.675417927773806381e-01
3.636352060771299133e+00
5.669681189245517894e-01
2.021271897508847559e-01
2.370772467523069249e+00
-4.096500573408435875e-01
1.443807273332444518e+00
4.109685263572973923e+00
1.268551483901614096e+00
1.487594396149992004e+00
1.369271759030749491e+00
-1.153547141277842636e+00
3.185966767711625458e-01
1.211126929337041247e+00
9.475823306514802313e-02
-1.011463811242629962e-01
-1.311047001469464401e+00
-2.000000000000048850e+00
-1.683854724589337604e+00
-7.110747361982849846e-01
7.030431507655634515e-01
-4.784953018448110384e-01
-8.159764511009250931e-01
-1.226154799618690561e-01
-1.766278118718952239e+00
3.061419857013246704e-01
2.398144001558556671e+00
-3.570719034851606022e-01
6.089593703135470770e-01
4.397032487951615942e-01
-3.081183034723802727e+00
-5.709119504854642813e-02
8.021260929329441236e-01
-2.285257380462782706e+00
-2.528137813320241456e-02
-1.653640698655365560e+00
-4.852914133104148320e+00
-1.147272796839498898e+00
-1.227735032573035179e+00
-2.389956005741773470e+00
5.329292830390508495e-01
-1.553017277238995630e+00
-2.986185846118917464e+00
-1.236968272708660610e-01
-3.830252287789536192e-01
2.922139393449336153e-01
1.908356761961379711e+00
1.622204558875252056e-01
-6.473856089735705588e-01
-3.829902004114044689e-01
-1.055028530867399006e-01
6.880542456946925345e-01
4.002565673732812468e-01
2.420681592067435717e-01
-1.180801768520993500e+00
-2.612287628011909835e+00
-5.527174291631919978e-01
-5.227021575967809586e-01
-8.048830249864209474e-01
1.513397926698247797e+00
-9.106722683662660245e-01
-1.935513150608888733e+00
1.506489516203317613e+00
1.656537406958686343e-01
1.177553419921782751e+00
4.334583330719897987e+00
5.294276892495385356e-01
3.819660112500220528e-01
2.786521322991444727e+00
-7.023807356017375270e-03
2.001129827861255706e+00
3.895273364240184222e+00
-2.175486235944379398e-01
2.522221649724361581e-01
6.415386042333878214e-01
-1.715904931987886961e+00
8.573332809870737314e-01
1.723738793306637929e+00
-3.532194250086680976e-01
2.455295743574292811e-01
-3.199320747027722955e-01
-6.961442630121345010e-01
1.151843969519209088e+00
2.022677562641096216e+00
2.229951079007745474e+00
1.317584649552557385e+00
6.993185177146977738e-01
1.147637621926438367e+00
5.110545793739402765e-01
2.020664294538640604e+00
2.737152419530673786e+00
-3.245111632301369564e-01
5.665237196509853579e-03
-2.802891173281975012e-01
-2.747153109634865586e+00
4.150755468423752426e-01
6.967328908034787771e-01
-2.498380200610867963e+00
-2.934400381480519737e-01
-1.656381715468307592e+00
-3.711536775003537958e+00
8.672262295073961402e-01
4.159549268911083009e-01
-1.188884680746797651e+00
1.572126210903742827e+00
-1.050156800547353164e+00
-2.092224911228593776e+00
1.503512481007412305e+00
2.593707047074211847e-01
2.196507972392511276e-02
1.189692538600029659e+00
-1.824753296404940439e+00
-2.380188199744176725e+00
-1.073771417541883100e+00
-1.502641592196787945e+00
-8.913487080526507622e-01
-1.119778345988962087e+00
-2.260073510670182806e+00
-2.832016975959050331e+00
-2.762015518020453086e+00
-7.774146565082440397e-01
-3.202194759352890996e-01
-5.676728070433916251e-01
6.722849501777616865e-01
-1.312275517754463827e+00
-1.469235247299939484e+00
1.777596705012212563e+00
4.362033694974845610e-01
8.785569246801996357e-01
2.650605492931035645e+00
-1.518984624974520914e+00
-1.211691324179397178e+00
1.323494355762860675e+00
-1.431883832359995168e+00
5.147930373404173698e-01
1.682697491215328967e+00
-2.777103328702442475e+00
-1.244038167906595937e+00
6.021891558166569958e-02
-1.849247351156642960e+00
1.538362224840240877e+00
2.033727081402892267e+00
-7.071067811866336150e-01
9.438632198555788611e-01
9.121732778017304089e-01
5.598089422271630422e-01
3.150380457068645779e+00
3.014167668287553337e+00
1.827227461619675308e+00
1.378365699771332942e+00
5.821698565161180783e-01
9.404700981244228375e-01
1.190362060113675513e+00
1.787201264894966890e+00
1.471168919210058323e+00
-1.018223077023971745e+00
-5.759462375604477158e-01
-1.942393992117643631e-01
-1.231168788054357366e+00
1.776812212318918283e+00
1.580554971973110678e+00
-1.246914515062055973e+00
1.116015545743842097e+00
2.992484306069315148e-01
-7.798671864128364772e-01
3.686380060235362244e+00
2.226976322795530816e+00
-5.728750807065807749e-14
2.422890028811664820e+00
-5.003283326587312230e-01
-1.099770245352810205e+00
2.627628586019346457e+00
1.451741618122579514e-01
-7.548463990006748503e-01
3.911151234638913232e-01
-2.988071361340078891e+00
-2.520209643528969146e+00
-1.557345640554671506e-01
-1.337055053555451067e+00
-7.206805145414671987e-01
-6.835433977116009974e-01
-2.327222627809354183e+00
-1.675336862177386088e+00
-5.665911970869854652e-01
5.222184762009136616e-01
7.904192744779685587e-01
1.657553266290068272e-02
7.153455273408687587e-03
-1.384348286306157805e+00
-1.110246245100836582e+00
1.212401078899532525e+00
-4.770820286408099520e-01
-8.369191127515516193e-01
-1.545504842551574942e-01
-3.775352300568257213e+00
-2.638578126850629868e+00
-6.395178838787485276e-03
-2.581385796271021604e+00
-7.610407945761956672e-01
-4.800053486145205994e-02
-4.043212470343243936e+00
-1.267199923108233817e+00
5.717358739644873289e-01
-1.348653438553723216e+00
2.011973868188878356e+00
1.601204636721110575e+00
-1.675693744846930233e+00
8.518776647576913330e-01
8.349218030423913861e-01
-8.973088607369339442e-03
2.597843330681835372e+00
1.118526038647611021e+00
-9.456511264845902653e-01
-3.379407992971923402e-01
-9.794478716323608003e-01
-4.343616283817040014e-01
6.841593718596687967e-01
3.968022466673800652e-01
-2.331756570630160175e-01
-1.335102625521888964e+00
-4.402005776457613706e-01
7.245876131776819440e-01
7.304339716824052031e-01
2.866919272955754661e+00
2.112551498449103615e+00
-1.857137797888652742e-01
2.130337969336047799e+00
1.667932604519177797e+00
9.880336943531405902e-01
4.435603061793260693e+00
1.888648336681550965e+00
-5.359191140644061768e-01
1.891323025235308819e+00
-7.326669600856806630e-01
-6.566004380575731769e-01
2.975363515261600700e+00
-3.336377501413322344e-01
-1.102157616246616678e+00
7.093756359047506121e-01
-2.224164989453917940e+00
-4.864975995303997269e-01
2.441233674682152355e+00
2.609242103993237860e-01
9.015883429628662737e-01
1.181468360212454716e+00
-8.322577798123715898e-01
8.098737320459589162e-01
2.049144702987235611e+00
1.506956219068050551e+00
1.354871402491688359e+00
5.148981590280110598e-02
-8.108474672234929903e-01
-1.190928582227414712e+00
-6.872910904157937262e-01
5.349737079271734697e-01
-1.162588638496586224e+00
-1.865011901079021595e+00
-1.467835973305690711e+00
-3.664313272053772774e+00
-1.709179087265437325e+00
6.811125552349239776e-01
-1.798164809149673360e+00
-3.351487909055835823e-01
9.724164338777541161e-03
-3.250924527771971384e+00
1.655289417019623621e-01
1.609593300576499963e+00
-1.000000000000000000e+00
1.609593300576273256e+00
1.655289417022284548e-01
-3.250924527772079742e+00
9.724164338645757688e-03
-3.351487909054065573e-01
-1.798164809149860099e+00
6.811125552348986645e-01
-1.709179087265152441e+00
-3.664313272053997927e+00
-1.467835973305602781e+00
-1.865011901078831080e+00
-1.162588638496823368e+00
5.349737079273384488e-01
-6.872910904157323309e-01
-1.190928582227595900e+00
-8.108474672232944824e-01
5.148981590269208208e-02
1.354871402491608201e+00
1.506956219068223968e+00
2.049144702987091282e+00
8.098737320461536493e-01
-8.322577798122812176e-01
1.181468360212283741e+00
9.015883429631810220e-01
2.609242103994313666e-01
2.441233674681961396e+00
-4.864975995300734879e-01
-2.224164989453927266e+00
7.093756359046120563e-01
-1.102157616246398630e+00
-3.336377501413997360e-01
2.975363515261550518e+00
-6.566004380576515587e-01
-7.326669600857694808e-01
1.891323025235351452e+00
-5.359191140642952655e-01
1.888648336681354234e+00
4.435603061793461421e+00
9.880336943530756422e-01
1.667932604519024142e+00
2.130337969336051795e+00
-1.857137797889072406e-01
2.112551498449120047e+00
2.866919272955993137e+00
7.304339716821018902e-01
7.245876131776625151e-01
-4.402005776457983410e-01
-1.335102625521971786e+00
-2.331756570628022995e-01
3.968022466674704374e-01
6.841593718593526052e-01
-4.343616283815226464e-01
-9.794478716324470646e-01
-3.379407992973699759e-01
-9.456511264845117726e-01
1.118526038647588372e+00
2.597843330681637752e+00
-8.973088607318713272e-03
8.349218030421035053e-01
8.518776647577769312e-01
-1.675693744846860511e+00
1.601204636721171859e+00
2.011973868189392611e+00
-1.348653438553587325e+00
5.717358739641897891e-01
-1.267199923107618531e+00
-4.043212470343405585e+00
-4.800053486184574503e-02
-7.610407945757301507e-01
-2.581385796271268074e+00
-6.395178838884074679e-03
-2.638578126850173788e+00
-3.775352300568668440e+00
-1.545504842552281044e-01
-8.369191127512232153e-01
-4.770820286410466515e-01
1.212401078899792317e+00
-1.110246245100657836e+00
-1.384348286306412934e+00
7.153455273672698622e-03
1.657553266276412529e-02
7.904192744778142377e-01
5.222184762011903292e-01
-5.665911970871334580e-01
-1.675336862177324360e+00
-2.327222627809371502e+00
-6.835433977118958726e-01
-7.206805145411776525e-01
-1.337055053555554540e+00
-1.557345640555541921e-01
-2.520209643528529497e+00
-2.988071361340447041e+00
3.911151234636744967e-01
-7.548463990003630997e-01
1.451741618118758126e-01
2.627628586019235879e+00
-1.099770245352673870e+00
-5.003283326588756630e-01
2.422890028811756746e+00
6.183942247162121930e-14
2.226976322795268359e+00
3.686380060235626033e+00
-7.798671864128891018e-01
2.992484306067948463e-01
1.116015545744005522e+00
-1.246914515062178985e+00
1.580554971972935707e+00
1.776812212319206719e+00
-1.231168788054536556e+00
-1.942393992118668367e-01
-5.759462375603300321e-01
-1.018223077023955536e+00
1.471168919210108506e+00
1.787201264895077246e+00
1.190362060113565157e+00
9.404700981246799651e-01
5.821698565161150807e-01
1.378365699771349373e+00
1.827227461619908455e+00
3.014167668287447643e+00
3.150380457068699958e+00
5.598089422274448168e-01
9.121732778015161358e-01
9.438632198556684560e-01
-7.071067811866594832e-01
2.033727081402722181e+00
1.538362224840423842e+00
-1.849247351156742880e+00
6.021891558142111744e-02
-1.244038167906346359e+00
-2.777103328702598795e+00
1.682697491215129126e+00
5.147930373405715798e-01
-1.431883832360178799e+00
1.323494355762891761e+00
-1.211691324179129836e+00
-1.518984624974714981e+00
2.650605492931229712e+00
8.785569246804465493e-01
4.362033694973418974e-01
1.777596705012260969e+00
-1.469235247299971681e+00
-1.312275517754713405e+00
6.722849501778325187e-01
-5.676728070435648199e-01
-3.202194759355087017e-01
-7.774146565082611371e-01
-2.762015518020613847e+00
-2.832016975959064986e+00
-2.260073510670025598e+00
-1.119778345989254964e+00
-8.913487080525017703e-01
-1.502641592196633846e+00
-1.073771417541903528e+00
-2.380188199744082578e+00
-1.824753296404967529e+00
1.189692538600044980e+00
2.196507972405853382e-02
2.593707047073920968e-01
1.503512481007303947e+00
-2.092224911228621753e+00
-1.050156800547298319e+00
1.572126210903807664e+00
-1.188884680746706168e+00
4.159549268910019415e-01
8.672262295073506211e-01
-3.711536775003508204e+00
-1.656381715468119076e+00
-2.934400381480739006e-01
-2.498380200610861746e+00
6.967328908035899104e-01
4.150755468423863448e-01
-2.747153109634997481e+00
-2.802891173280321890e-01
5.665237196560091171e-03
-3.245111632300883842e-01
2.737152419530924696e+00
2.020664294538690786e+00
5.110545793737815146e-01
1.147637621926438811e+00
6.993185177147411835e-01
1.317584649552614895e+00
2.229951079007723269e+00
2.022677562640975424e+00
1.151843969519010358e+00
-6.961442630121040809e-01
-3.199320747029105183e-01
2.455295743574351652e-01
-3.532194250084276788e-01
1.723738793306409889e+00
8.573332809873519533e-01
-1.715904931987825233e+00
6.415386042330332161e-01
2.522221649727878767e-01
-2.175486235946462177e-01
3.895273364239759673e+00
2.001129827861599431e+00
-7.023807356275613145e-03
2.786521322991264427e+00
3.819660112503668326e-01
5.294276892490752395e-01
4.334583330719892658e+00
1.177553419922198641e+00
1.656537406956441472e-01
1.506489516203493251e+00
-1.935513150608541011e+00
-9.106722683666573781e-01
1.513397926698504703e+00
-8.048830249862239938e-01
-5.227021575970537404e-01
-5.527174291629880498e-01
-2.612287628011797480e+00
-1.180801768521187345e+00
2.420681592068395505e-01
4.002565673731053320e-01
6.880542456947765784e-01
-1.055028530865902425e-01
-3.829902004117089476e-01
-6.473856089735312569e-01
1.622204558875248726e-01
1.908356761961218950e+00
2.922139393451388956e-01
-3.830252287789256416e-01
-1.236968272710421424e-01
-2.986185846118564857e+00
-1.553017277239034266e+00
5.329292830390814917e-01
-2.389956005741597611e+00
-1.227735032573212370e+00
-1.147272796839361675e+00
-4.852914133103995553e+00
-1.653640698655896912e+00
-2.528137813300812553e-02
-2.285257380462784038e+00
8.021260929326221589e-01
-5.709119504836662751e-02
-3.081183034723899539e+00
4.397032487948900337e-01
6.089593703138432845e-01
-3.570719034852740670e-01
2.398144001558559335e+00
3.061419857013840673e-01
-1.766278118719184054e+00
-1.226154799617639179e-01
-8.159764511007103760e-01
-4.784953018451244544e-01
7.030431507656307311e-01
-7.110747361982027170e-01
-1.683854724589473051e+00
-1.999999999999853229e+00
-1.311047001469483275e+00
-1.011463811243477062e-01
9.475823306542763280e-02
1.211126929336957758e+00
3.185966767711709835e-01
-1.153547141277686539e+00
1.369271759030550983e+00
1.487594396150214937e+00
1.268551483901703802e+00
4.109685263572673719e+00
1.443807273332650132e+00
-4.096500573408932144e-01
2.370772467522971994e+00
2.021271897512024462e-01
5.669681189244174524e-01
3.636352060771275152e+00
-3.675417927771316151e-01
-1.078144523070911021e+00
9.509590121062082568e-01
-1.924380793118348087e+00
1.543731619691328105e-01
2.749225506467810831e+00
-3.764760527554712466e-01
4.133002759090331213e-01
1.084072813528637935e+00
-8.151937871132585167e-01
1.759319163066299208e+00
3.102092947032225378e+00
1.734123779967847945e+00
1.963360583171022800e+00
9.463646718222766818e-01
1.235564738535547963e-01
8.325318357729286634e-01
1.317286354680743399e+00
1.564317934084006323e+00
-1.005439569130435751e-01
-1.129306634317504443e+00
-1.005114739304877824e+00
-2.399744863349522639e+00
-6.257392592730229852e-01
8.836928437892197508e-01
-1.818260403942211445e+00
-8.108021072532706208e-01
-5.922499276345212227e-01
-3.047516001754748682e+00
6.780930178009706433e-01
1.785699932965685743e+00
-9.887025075843347555e-01
1.473173979700345804e+00
1.060818100029337074e-13
-2.753066175314320851e+00
1.201043576261804136e+00
5.797406163215861330e-01
-1.317529270721729207e+00
9.537977289637681322e-01
-2.025401560567032799e+00
-3.815688054099526383e+00
-9.310081243249199723e-01
-1.885214780275545898e+00
-1.739509390677789202e+00
-2.547816844427565064e-01
-2.433602088047435608e+00
-2.772682007917081304e+00
-1.446774747760461999e+00
-9.011775023906671844e-01
3.941669292414595738e-01
6.606727379648571485e-01
3.758297045370484479e-01
-4.298839865586358000e-01
-1.007190593702842030e+00
9.916384921873947489e-01
1.020441048629998182e+00
3.929543321904815922e-01
1.655368909406331746e+00
-1.181235741781022863e+00
-2.335218784634025546e+00
5.643362017782279638e-01
-1.136343103411953104e+00
-6.116233023541637337e-01
1.773228180108197938e+00
-2.202756157595919362e+00
-1.885707616454334046e+00
1.027463508946409698e+00
-1.209679636887854404e+00
1.393699178040559872e+00
3.508907633086321809e+00
-3.462955154319603546e-01
1.021125594039934414e+00
2.144183530150370665e+00
1.217248898211656938e-01
3.083360377658482143e+00
3.545122654599389023e+00
6.751638123338319364e-01
1.246977319039848986e+00
3.841347428878212344e-01
-5.297172543049665228e-01
1.246230808854829952e+00
1.263216753265350878e+00
4.730480359800584567e-01
-3.579604780796192820e-01
-1.000859334297813152e+00
-3.479007615779161622e-01
-9.770466983497141933e-02
1.522397428555352761e+00
2.256328658047584312e+00
-2.911888166102716280e-02
8.266542239476979415e-01
1.246805541318241950e+00
-2.255297903723341157e-01
3.021733885345071702e+00
2.966819573739501781e+00
-3.669324151352328922e-01
1.478694534170174935e+00
-1.645924875918036712e-01
-2.287001703966350163e+00
1.755257707940726553e+00
3.019036763612272800e-01
-2.065012253784621166e+00
2.331030764977890524e-01
-2.693128154350530767e+00
-3.437358182888484937e+00
5.564876927965788367e-01
-8.834503841832456184e-01
-9.767049900687673203e-01
7.071067811868108066e-01
-2.000885311189966043e+00
-1.567085118458724224e+00
7.329507161329519294e-01
2.267588102378652604e-01
9.229986539696485304e-01
7.167727905851907222e-01
-9.960509372024146657e-01
-1.398866570217504046e+00
-1.263843973705186086e+00
-2.268547119104057930e-01
-4.109174531235760819e-01
-1.430878828405754977e+00
-1.265450000772191608e+00
-3.269430260859024440e+00
-3.263697855631090938e+00
-3.208981265853073639e-01
-1.554382506336961622e+00
-1.094933678166524871e+00
6.037484465454865390e-01
-2.804671396747694168e+00
-1.501426383227251637e+00
1.654986512756432715e+00
-5.764637806371021300e-01
1.605899987461191447e+00
2.618033988749949525e+00
-1.776159718802818421e+00
1.284602874457861366e-01
1.356181028695046642e+00
-1.024139914172764954e+00
1.850879295044381756e+00
1.332622376365866224e+00
-2.255971474397847398e+00
-5.790163729827746408e-01
-8.225214388373499608e-01
-1.469502806773163694e+00
1.285096434634262597e+00
7.497117210484622873e-01
-5.422872977600738942e-01
7.199675470441979641e-03
-1.343172427546194259e-01
9.090446044677227277e-01
2.161854789856376691e+00
2.751670057444097761e+00
2.479620663081260723e+00
7.179985652291540621e-01
1.299238697856261560e+00
1.831513801670591413e+00
9.704158289567395013e-01
3.092589930602584136e+00
2.012489617336349568e+00
-1.176307261921192282e+00
6.452455488469271971e-01
-4.025272163176523144e-01
-1.496297892722584066e+00
2.440938768047693497e+00
4.916062634201663339e-01
-1.645413819228196406e+00
1.152588653370968164e+00
-1.149644568774573106e+00
-8.224023410931141642e-01
3.491572449326554750e+00
1.080640214430452772e+00
5.868678769685652385e-01
2.283694854298533805e+00
-8.361070673866004554e-01
1.929596962456254228e-01
2.655886144920368785e+00
5.763061191844542908e-01
6.546533569466438385e-01
2.094020211152974043e-01
-2.239803294221160535e+00
-1.601422572550314172e+00
-7.596581405238862494e-01
-7.176145195367509277e-01
-7.787682579173227371e-01
-1.769426011886725103e+00
-2.010778197613691365e+00
-2.523052775241487300e+00
-1.568334371674588112e+00
8.105925138690068810e-01
-3.391561947125009691e-01
-3.910771228297389435e-01
4.905762570328714434e-01
-2.209147788138946744e+00
-5.194911876496557390e-01
1.964428598159913442e+00
-8.182006944764825818e-01
4.214600661567236006e-01
3.943949117709620866e-01
-3.855897526692530164e+00
-1.272673640289950558e+00
-7.042854462829628570e-02
-2.715929788703744130e+00
3.465868729246146529e-02
-1.023423422811860384e+00
-4.351856177834259043e+00
-1.170141896923241998e+00
-8.897963347571689052e-01
-1.502343060298155342e+00
1.641188822190827956e+00
2.381286583670358947e-01
-1.337921590496071511e+00
4.729882790866077324e-01
2.634881385577643176e-01
1.022508886970856068e+00
2.394998901929977553e+00
1.376913819234689029e+00
3.413333550076054768e-01
-5.402472130848900989e-01
-1.781656296301714626e-01
5.422550957132048488e-01
1.754368592735238153e-01
1.132535447042302579e+00
-1.877547425672392301e-01
-2.284777386781880804e+00
-2.382213406553770896e-03
-8.455729458580407698e-02
-2.841061955469078582e-01
3.074327430389374172e+00
8.325285652353895394e-01
-7.423557918311588510e-01
2.453123143941021933e+00
6.466921756206158722e-01
1.385308425481891259e+00
