5.000000000000000000e+00
1.149061997997985030e+00
1.082500339003622525e+00
1.294539356624429205e+00
-1.102115102998832419e-01
9.417691603462929884e-01
8.312935414291002800e-01
1.190991764193164215e+00
-2.868481717293660971e+00
-1.379704924026240453e+00
-9.772528132962379210e-01
-2.660413502877483793e+00
1.022111090156564650e+00
-8.184880467720767605e-01
-1.633999553713871844e+00
-1.856824621002608700e+00
-3.570316252840008975e-01
2.012266788682358643e-01
-2.512360462012430684e-01
2.621177546431617600e+00
-1.569815222452178194e+00
-1.170929400778793372e+00
5.766196279567797900e-01
-6.668039546247983562e-01
8.300509677977906398e-01
3.711293614615462921e-02
-9.930139569945439781e-02
-2.850626287112056012e+00
-4.583499127240134308e-01
1.036047061643595280e+00
-9.460500107068842146e-01
2.352733154111195102e+00
3.631609413203207293e-02
-5.036933596465846819e-01
8.953518524499610720e-01
2.250127281157000780e+00
2.715415400222070730e+00
1.236944489083497301e+00
3.117958735630937728e+00
-7.851956601303947680e-01
3.757286001191123548e-02
2.366405632878049836e+00
-1.357135134337359439e-01
5.315077224520328159e-01
-1.224459720007472052e+00
-1.801384832317165507e+00
-3.331040933799089387e+00
-1.067012300283923798e+00
6.250051584341242972e-02
-3.095898914388698131e+00
-3.579604780798015806e-01
-2.432359814508064488e+00
-2.325871131296925576e+00
3.968775317552601933e-01
9.274773544939388659e-01
1.000042940633121935e+00
-6.929043345540240040e-01
1.420212208269826526e+00
-9.377973917341788646e-01
6.242086576196519410e-01
3.332918138131825803e+00
-1.608736569031115060e-01
5.755041990793029472e-01
-5.397288149074521701e-01
-4.472838600424954292e-01
-4.371810645513730664e-01
1.269243606004957892e+00
1.734940670825504405e+00
-1.999377048802826407e+00
9.405027478987750822e-01
-2.822706416283461972e-01
-1.490760019747517512e-02
2.834708333077650799e+00
1.563883778979109795e+00
8.915732649059453507e-01
-6.979402348481540397e-01
1.445645531049613464e+00
-2.176873112266533572e-01
5.126822073359398324e-01
2.224319831085952881e+00
-2.563146480494537638e+00
-1.630032655383500284e+00
-1.926696509916944189e+00
-1.833437316189185040e+00
-1.369079149697067788e+00
-9.892801345613407848e-01
-1.071331469655084412e+00
-4.307363553791135224e+00
-4.426821206366223782e-01
-5.617719927576008132e-01
-4.848844128159713884e-01
2.365259363593161801e+00
1.961108950887958668e-01
2.114449394542499139e-01
1.681904042781867670e-01
2.777884237671279788e+00
1.752726151091873241e+00
1.649394147832362822e+00
3.001881403644659496e+00
-1.648729859485372984e+00
3.819660112501062077e-01
1.053934485876070859e+00
4.303365502136972109e-01
6.626210794166038642e-01
-2.643228658192521285e-01
-4.534331068883297178e-01
-2.794360064486038464e+00
1.219226049174227722e+00
8.748437625682159435e-01
-5.472051685035210777e-01
1.638821191628165419e+00
-1.246670883345829539e+00
-6.549991201418791098e-01
1.363675018515739801e-01
1.724629084023608927e+00
1.572061884392716991e-01
-1.088100008890080961e+00
2.599713694572602929e-01
-3.609632580019050074e+00
-7.568120687501154187e-01
2.110675424631539288e-01
-1.619072181577776437e+00
-1.247727701693835956e+00
-2.205887872797177796e+00
-1.345094190472093665e+00
-2.121320343559625066e+00
1.821469843101539032e+00
1.293082039453925081e+00
-8.030693121501896181e-01
2.078324747922628113e+00
-3.037380645695764159e-02
1.597095255431210781e+00
3.019725569981571489e+00
3.219797698134890140e+00
1.448840740853230225e+00
3.004844900048120326e-02
2.006405265512972935e+00
-1.070877169812026297e+00
1.495564034161243505e+00
1.684100796068386474e+00
-1.769294588540078816e+00
-1.138478980244864047e+00
-1.952669150364186645e+00
-8.235124274442110481e-01
-1.389924018896642854e+00
9.272214305555782632e-01
-4.565743562914592046e-01
-3.052669048582114186e+00
5.780754773683774994e-01
-1.085727796307131232e+00
3.968022466674027138e-01
1.484364690714903068e+00
1.449410968309355896e-01
-1.088981300453686352e+00
-1.696336208040569504e+00
1.107217389817629183e+00
-1.356095578290284376e+00
5.698910428533435768e-01
5.269180391271899300e-01
-3.102201474870052156e+00
-8.316723462848638615e-01
-6.409557961248206759e-01
6.707383623153322372e-01
2.953151615596074642e-01
1.467683756864051281e+00
4.717064595196016619e-01
-1.312877135543142337e+00
3.328950238097744041e+00
1.738405785531537795e+00
2.288859435601461989e+00
2.890271513729027575e+00
5.270136342219582382e-01
2.561238613555598675e-01
2.001200219884434750e-01
2.485335764915253876e+00
-6.470567890796887767e-01
-2.229268132091533350e-01
-5.445726134459175638e-01
-4.169957691167346603e+00
-9.494716523738357949e-01
-9.951617222377405758e-01
-9.658089957769698808e-01
-1.734901703153771679e+00
-1.478467997649201449e+00
-1.588747667554100573e+00
-2.469477501470757730e+00
2.349793263991708514e+00
2.584110268264422361e-01
-8.779791761606853262e-02
1.026449944900314826e+00
-1.017953112249047498e+00
3.443844673767021414e-01
9.143144921903935129e-01
2.442657284120281158e+00
-7.131032316325733866e-01
-4.876464847911290978e-01
3.788677289537097925e-01
-2.297604591813503738e+00
1.677813269134578622e+00
1.136658677679964313e+00
-9.531264666406968900e-14
-2.684698830191512009e-01
7.181659985454502682e-03
9.235959167639673506e-01
2.839543924099715566e-01
4.017101345323547790e+00
9.164653141132348413e-01
-2.547873699071896980e-01
1.564682480526175423e+00
-5.057272444899714170e-01
1.106153777264681670e+00
8.309986778330517021e-01
5.625622801505634207e-01
-2.613263026215963070e+00
-2.389801343190574912e+00
-6.865106764994307609e-01
-3.305601917031372849e+00
1.202849785400476046e-01
-1.291900516097331142e+00
-3.111319446355241158e+00
-1.973969718632614612e+00
-1.182454477127367731e+00
4.534012436508980670e-01
-2.393756203275037020e-01
2.525774996637095260e+00
-3.072036928838394187e-01
-7.894425611641548990e-01
2.660202892185946411e+00
8.348306980149849954e-01
2.451415348276793971e+00
1.762701658198033261e+00
7.681362350047468146e-01
-1.014781166898188092e+00
-7.769228370810254969e-02
2.128288622753765402e+00
-9.866337632579837980e-01
1.451673180473740388e+00
-3.411004785606459588e-01
-2.233577942461582477e+00
2.381494816220632305e-01
6.039926689238304114e-01
1.462146680288077594e+00
-1.583444725627134453e-01
1.340528205240555826e+00
-1.005079017034812949e+00
-1.145101755393624909e+00
2.644555373946058552e+00
-3.055305033108947077e-01
2.858638051208696185e-01
-7.335809610312657991e-01
-2.000000000000036859e+00
-2.238239943697536649e+00
-1.159962093800790628e+00
6.167167407145085489e-01
-3.073613561225820856e+00
-9.939760973948464917e-01
-1.845847944661844320e+00
-2.888257239492939110e+00
9.741712978348009422e-01
7.870987321217018939e-01
1.085694909784002515e+00
-1.938018546615869475e-01
1.510952008746847097e+00
7.893382706437765961e-01
1.197706611794015163e+00
4.884800252704856405e+00
9.696920128514334714e-01
1.199514207262796894e+00
9.576296886342128278e-01
-9.302002832627806472e-02
7.068909136820697992e-01
9.099460818669262707e-01
1.391968298787559899e+00
-2.752704948803117002e+00
-8.256968436269758183e-01
-8.683668117009866183e-01
-2.094724754381184884e+00
1.490349135998198182e+00
-3.292448674939109088e-01
-9.693870684044318953e-01
-1.628293672746107479e+00
8.580474603402377110e-02
1.142923848838399148e-01
-1.354155840034422242e-01
2.557091740583105732e+00
-1.951851461460089476e+00
-1.340115506373138476e+00
-1.831461819169340199e-01
-1.124586502221583073e+00
1.788658623792939162e-01
-4.493397865171916417e-01
-4.342250689876094860e-01
-3.408230110525941825e+00
-5.419447789022728834e-01
6.007323580630449245e-01
-8.769563392813677360e-01
2.487154373938721186e+00
1.231727146256762495e-01
-1.073387929775100336e-01
9.010206496080676031e-01
2.618033988749875363e+00
2.782452070913856712e+00
1.532405318883941270e+00
3.392177279663437961e+00
-8.699842196839696618e-01
2.941227775186082694e-01
2.134700339702765515e+00
-2.014043961325984178e-03
5.985731584939583128e-01
-1.140954805539923456e+00
-1.537247198758170397e+00
-3.395257232701320405e+00
-6.653670493016103915e-01
1.313257652886073990e-01
-2.679335269660916730e+00
6.998469455071709699e-02
-2.319537078246948880e+00
-1.958203508983203500e+00
2.707333749439803094e-01
1.073198468879565937e+00
8.350649883306918708e-01
-8.681640813823445768e-01
1.188575011716031193e+00
-1.666702726639745613e+00
2.721784038816877915e-01
2.549169821670084435e+00
-6.186908448955212858e-01
1.367091223521327281e-01
-1.078666881387019938e+00
-6.664221838369503992e-01
-8.974748958076467220e-01
1.406775741116345291e+00
1.723645558748634343e+00
-1.682942899191751884e+00
1.419638822864346839e+00
-1.106199124808211476e-01
6.102039336134866820e-01
3.114369208905275244e+00
2.161034220316021770e+00
1.304011966086666030e+00
-4.098466367417010758e-01
1.780291077725421056e+00
-3.769184968164715488e-01
7.828835964859087726e-01
2.092517792456003001e+00
-2.533454361531155996e+00
-1.602064741534000802e+00
-2.202808520291977601e+00
-1.778781298860579563e+00
-1.618456846930250936e+00
-7.787682579176153919e-01
-1.079570134852477548e+00
-4.257840390514927797e+00
-2.686653038564281726e-01
-8.256605054496851670e-01
-2.931378302087148668e-01
2.185430631023410619e+00
1.754790420585551347e-01
2.827760817281332884e-02
-2.720463510181561073e-01
2.512909616348427910e+00
1.067089400437646551e+00
1.454340025420275406e+00
2.511415019004107130e+00
-2.030064803052316957e+00
1.834087325857152173e-01
6.107690271156572814e-01
5.408382115914931454e-01
6.194297158651809188e-01
1.622986586141176302e-01
-1.042055648808937196e-01
-2.424283848452554402e+00
1.899854981874861348e+00
1.183534575254657106e+00
2.811396204554981737e-01
2.121320343559694788e+00
-7.575152730850344129e-01
-2.707287419112132110e-01
1.509420319692177381e-01
1.965031282107644550e+00
-7.648817112530456597e-02
-1.002581845295356544e+00
-2.952270582756655326e-02
-4.020607279183728622e+00
-9.715097590787018511e-01
-3.706633700255245745e-01
-1.700969546484387251e+00
-1.576905351043552894e+00
-2.294904939439782687e+00
-1.504519313160184169e+00
-2.382436219436584235e+00
1.957730499766487275e+00
1.049547779623207555e+00
-5.711926637887019265e-01
1.998853452359279359e+00
-1.806504934587432887e-01
1.546557727560567308e+00
2.658713273021823476e+00
3.249428362932726966e+00
1.111363445283604090e+00
-7.693845560652334825e-14
1.782822015700897378e+00
-1.368041201615102676e+00
1.642395672913553373e+00
1.545674798482583823e+00
-1.351647265957954591e+00
-9.046126184435954176e-01
-1.564219578793514476e+00
-3.461104373995158578e-01
-1.043348966448407911e+00
1.726403395842432964e+00
-1.012841772041224719e-01
-2.389090461994905379e+00
8.976791833263586540e-01
-1.006556220822250713e+00
6.281935875224987642e-01
1.262317462375872168e+00
1.874299772832299371e-01
-1.535354834363064747e+00
-2.065602521334356290e+00
5.703498625732066341e-01
-2.084911281471079292e+00
3.098608126954902620e-01
-1.191418331137007597e-01
-3.312290451069568764e+00
-1.204172797742112389e+00
-9.408248555785977407e-01
6.473915611065809150e-01
1.466743463738107156e-01
1.832543333953451370e+00
4.423673755354731174e-01
-1.047892221001554880e+00
3.463545377012647197e+00
1.701730835806964937e+00
2.639041139796038049e+00
2.836673871471472985e+00
7.768258657116329235e-01
1.499920227925204408e-01
1.776607678382708944e-01
2.529680944704195689e+00
-7.777178271245923646e-01
1.723616805434826649e-01
-5.750902589500967999e-01
-3.860855448428868630e+00
-7.286927735159791641e-01
-8.065192333606430175e-01
-4.363608637636912091e-01
-1.491450219605144678e+00
-8.843474567216073057e-01
-1.486750934085620202e+00
-2.260073510670114416e+00
2.463348147799849119e+00
3.765661714860213394e-02
2.024366889429934924e-02
5.599321674504696977e-01
-1.338760173725239033e+00
-2.927379521685702368e-01
2.652244263571571503e-01
1.979261143433510561e+00
-1.426453319400544206e+00
-6.943868507595214457e-01
-2.246688800818881226e-01
-2.555934513560047083e+00
1.559464719049564296e+00
1.014501449341414174e+00
3.882348568024822644e-01
-1.468416760015693878e-01
5.188239651098198735e-01
1.141292037081588662e+00
6.727815462100316113e-01
4.548313402085703672e+00
1.115794483888349342e+00
3.341935365666842683e-01
1.599652771441545163e+00
-3.317488465563662725e-01
1.138457568438774770e+00
7.850884369933632811e-01
7.593060112419267593e-01
-2.803418624759123734e+00
-2.190432029365086297e+00
-8.997773494277626627e-01
-3.296293753110142166e+00
3.083875244651204106e-01
-1.323048602422808528e+00
-2.740949010321451773e+00
-2.041341868444178864e+00
-1.015380238553965420e+00
3.702502546891300872e-01
-2.994851564418689049e-01
2.616065875916929073e+00
-7.124347654116125472e-01
-8.695404883836591603e-01
2.052654892021621880e+00
3.567372700591660006e-01
2.019633420267604507e+00
1.197308692442045519e+00
5.392696975797032222e-01
-1.605725594028057479e+00
-2.084020503238732669e-01
1.822758906731002604e+00
-1.000000000000000000e+00
1.822758906730860051e+00
-2.084020503237681288e-01
-1.605725594028214021e+00
5.392696975798979553e-01
1.197308692442022426e+00
2.019633420267642698e+00
3.567372700591872059e-01
2.052654892021458455e+00
-8.695404883834646492e-01
-7.124347654117080264e-01
2.616065875917107597e+00
-2.994851564418583578e-01
3.702502546889885338e-01
-1.015380238553832193e+00
-2.041341868444315644e+00
-2.740949010321288792e+00
-1.323048602422878695e+00
3.083875244651778091e-01
-3.296293753110161706e+00
-8.997773494279561746e-01
-2.190432029364945965e+00
-2.803418624759213440e+00
7.593060112421192720e-01
7.850884369932876750e-01
1.138457568438726586e+00
-3.317488465563560585e-01
1.599652771441367083e+00
3.341935365668876612e-01
1.115794483888240762e+00
4.548313402085766732e+00
6.727815462098586385e-01
1.141292037081607535e+00
5.188239651097870109e-01
-1.468416760019188860e-01
3.882348568028376468e-01
1.014501449341565387e+00
1.559464719049276304e+00
-2.555934513560117693e+00
-2.246688800816895037e-01
-6.943868507591739458e-01
-1.426453319400299957e+00
1.979261143433503012e+00
2.652244263571718053e-01
-2.927379521686248598e-01
-1.338760173725122016e+00
5.599321674504114110e-01
2.024366889436374217e-02
3.765661714865564669e-02
2.463348147799702570e+00
-2.260073510670234320e+00
-1.486750934085691256e+00
-8.843474567216434989e-01
-1.491450219605149563e+00
-4.363608637636414711e-01
-8.065192333607487107e-01
-7.286927735162332942e-01
-3.860855448428899273e+00
-5.750902589498606554e-01
1.723616805435020660e-01
-7.777178271246517616e-01
2.529680944704303602e+00
1.776607678381395550e-01
1.499920227923994265e-01
7.768258657118323196e-01
2.836673871471138142e+00
2.639041139796419522e+00
1.701730835806675612e+00
3.463545377012655635e+00
-1.047892221001256896e+00
4.423673755351043013e-01
1.832543333953824405e+00
1.466743463735303288e-01
6.473915611067140308e-01
-9.408248555785582168e-01
-1.204172797742251166e+00
-3.312290451069218378e+00
-1.191418331140126907e-01
3.098608126956881592e-01
-2.084911281471125033e+00
5.703498625732859040e-01
-2.065602521333998798e+00
-1.535354834363380494e+00
1.874299772831541921e-01
1.262317462375876387e+00
6.281935875228294996e-01
-1.006556220822647507e+00
8.976791833263277898e-01
-2.389090461994695769e+00
-1.012841772045702249e-01
1.726403395842831756e+00
-1.043348966448594872e+00
-3.461104373995216310e-01
-1.564219578793455412e+00
-9.046126184436747986e-01
-1.351647265957710786e+00
1.545674798482441270e+00
1.642395672913611993e+00
-1.368041201615186608e+00
1.782822015700857632e+00
6.294964549624637584e-14
1.111363445283509499e+00
3.249428362932909486e+00
2.658713273021671153e+00
1.546557727560603279e+00
-1.806504934587812583e-01
1.998853452359290905e+00
-5.711926637885227365e-01
1.049547779623055677e+00
1.957730499766632715e+00
-2.382436219436696145e+00
-1.504519313160086247e+00
-2.294904939439661895e+00
-1.576905351043706549e+00
-1.700969546484083494e+00
-3.706633700256036223e-01
-9.715097590786346826e-01
-4.020607279183723293e+00
-2.952270582758065309e-02
-1.002581845295296814e+00
-7.648817112533143336e-02
1.965031282107553734e+00
1.509420319690664147e-01
-2.707287419112441862e-01
-7.575152730850683858e-01
2.121320343559765398e+00
2.811396204555793865e-01
1.183534575254242327e+00
1.899854981874985249e+00
-2.424283848452556178e+00
-1.042055648809278035e-01
1.622986586142005638e-01
6.194297158649857415e-01
5.408382115915888466e-01
6.107690271154069261e-01
1.834087325857953754e-01
-2.030064803052328504e+00
2.511415019003993443e+00
1.454340025420571614e+00
1.067089400437473801e+00
2.512909616348525610e+00
-2.720463510181806432e-01
2.827760817288138551e-02
1.754790420588218103e-01
2.185430631023303150e+00
-2.931378302085103082e-01
-8.256605054497694329e-01
-2.686653038564216223e-01
-4.257840390514916251e+00
-1.079570134852503527e+00
-7.787682579174751707e-01
-1.618456846930541149e+00
-1.778781298860564020e+00
-2.202808520292169447e+00
-1.602064741534095393e+00
-2.533454361531059629e+00
2.092517792455931502e+00
7.828835964855924701e-01
-3.769184968166265359e-01
1.780291077725510984e+00
-4.098466367416566669e-01
1.304011966086840779e+00
2.161034220316066623e+00
3.114369208905091391e+00
6.102039336134834624e-01
-1.106199124809721379e-01
1.419638822864352612e+00
-1.682942899191660846e+00
1.723645558748730711e+00
1.406775741116347067e+00
-8.974748958078551109e-01
-6.664221838369162043e-01
-1.078666881386973087e+00
1.367091223521129661e-01
-6.186908448953014616e-01
2.549169821670054237e+00
2.721784038815581175e-01
-1.666702726639695875e+00
1.188575011716096030e+00
-8.681640813822714131e-01
8.350649883308318699e-01
1.073198468879673184e+00
2.707333749438740611e-01
-1.958203508983351382e+00
-2.319537078246947992e+00
6.998469455073152989e-02
-2.679335269660854557e+00
1.313257652887105387e-01
-6.653670493012278087e-01
-3.395257232701690331e+00
-1.537247198758074695e+00
-1.140954805540082440e+00
5.985731584937798999e-01
-2.014043961122147230e-03
2.134700339702341410e+00
2.941227775188481885e-01
-8.699842196842189068e-01
3.392177279663538325e+00
1.532405318884079826e+00
2.782452070913571607e+00
2.618033988750206209e+00
9.010206496081027971e-01
-1.073387929773257365e-01
1.231727146254646410e-01
2.487154373938911256e+00
-8.769563392810540980e-01
6.007323580625991699e-01
-5.419447789018436712e-01
-3.408230110525935164e+00
-4.342250689877126257e-01
-4.493397865171526728e-01
1.788658623792571678e-01
-1.124586502221452067e+00
-1.831461819170864813e-01
-1.340115506372685950e+00
-1.951851461460394788e+00
2.557091740583129269e+00
-1.354155840031988633e-01
1.142923848835796785e-01
8.580474603430170155e-02
-1.628293672746368159e+00
-9.693870684043143227e-01
-3.292448674938985853e-01
1.490349135998156216e+00
-2.094724754381042775e+00
-8.683668117013809695e-01
-8.256968436268292688e-01
-2.752704948803251117e+00
1.391968298787536140e+00
9.099460818669299345e-01
7.068909136818104511e-01
-9.302002832607803029e-02
9.576296886340147640e-01
1.199514207262886156e+00
9.696920128516031134e-01
4.884800252704796009e+00
1.197706611793944997e+00
7.893382706436962160e-01
1.510952008747066699e+00
-1.938018546616573912e-01
1.085694909784223006e+00
7.870987321216862398e-01
9.741712978348073815e-01
-2.888257239492843631e+00
-1.845847944661957341e+00
-9.939760973943790878e-01
-3.073613561225925217e+00
6.167167407144575897e-01
-1.159962093800701588e+00
-2.238239943697607703e+00
-1.999999999999832800e+00
-7.335809610314421025e-01
2.858638051210452558e-01
-3.055305033109824153e-01
2.644555373945919108e+00
-1.145101755393583387e+00
-1.005079017035114264e+00
1.340528205240707260e+00
-1.583444725627820571e-01
1.462146680288091805e+00
6.039926689237719026e-01
2.381494816217871180e-01
-2.233577942461419941e+00
-3.411004785607273382e-01
1.451673180473858515e+00
-9.866337632579937900e-01
2.128288622753760961e+00
-7.769228370810510320e-02
-1.014781166898264919e+00
7.681362350050007226e-01
1.762701658198049248e+00
2.451415348276816619e+00
8.348306980150141943e-01
2.660202892185695944e+00
-7.894425611641830987e-01
-3.072036928837372782e-01
2.525774996637138337e+00
-2.393756203276985461e-01
4.534012436509424759e-01
-1.182454477127371728e+00
-1.973969718632831771e+00
-3.111319446355230056e+00
-1.291900516097379992e+00
1.202849785400919025e-01
-3.305601917031429693e+00
-6.865106764996213862e-01
-2.389801343190536276e+00
-2.613263026216051887e+00
5.625622801505610893e-01
8.309986778330710200e-01
1.106153777264580640e+00
-5.057272444901079744e-01
1.564682480526036201e+00
-2.547873699072181752e-01
9.164653141131975378e-01
4.017101345323730754e+00
2.839543924098244521e-01
9.235959167638675416e-01
7.181659985292188075e-03
-2.684698830191912799e-01
3.809730309001224668e-13
1.136658677680069562e+00
1.677813269134480922e+00
-2.297604591813585007e+00
3.788677289537323301e-01
-4.876464847908240641e-01
-7.131032316324004139e-01
2.442657284120604011e+00
9.143144921902183198e-01
3.443844673765313891e-01
-1.017953112248797698e+00
1.026449944900293065e+00
-8.779791761591099197e-02
2.584110268261410326e-01
2.349793263991959424e+00
-2.469477501470712877e+00
-1.588747667554338605e+00
-1.478467997649027588e+00
-1.734901703154042130e+00
-9.658089957764891542e-01
-9.951617222378454919e-01
-9.494716523735997615e-01
-4.169957691167407887e+00
-5.445726134463947377e-01
-2.229268132088431109e-01
-6.470567890800292821e-01
2.485335764915302725e+00
2.001200219884856635e-01
2.561238613553727950e-01
5.270136342218373349e-01
2.890271513728867259e+00
2.288859435601886094e+00
1.738405785531347725e+00
3.328950238097800884e+00
-1.312877135543018214e+00
4.717064595193550258e-01
1.467683756864540667e+00
2.953151615596139590e-01
6.707383623155552810e-01
-6.409557961247934754e-01
-8.316723462848354398e-01
-3.102201474869814568e+00
5.269180391270629205e-01
5.698910428537513617e-01
-1.356095578290366976e+00
1.107217389817628739e+00
-1.696336208040494675e+00
-1.088981300453751633e+00
1.449410968312160319e-01
1.484364690714866430e+00
3.968022466675927840e-01
-1.085727796307375259e+00
5.780754773683725034e-01
-3.052669048581912570e+00
-4.565743562914488796e-01
9.272214305558592606e-01
-1.389924018897095825e+00
-8.235124274440890346e-01
-1.952669150364214179e+00
-1.138478980244973737e+00
-1.769294588539783053e+00
1.684100796067939720e+00
1.495564034161436684e+00
-1.070877169812374241e+00
2.006405265512842373e+00
3.004844900072822789e-02
1.448840740852902487e+00
3.219797698134961195e+00
3.019725569981355218e+00
1.597095255431233207e+00
-3.037380645707277171e-02
2.078324747922722260e+00
-8.030693121499382636e-01
1.293082039453613774e+00
1.821469843101588104e+00
-2.121320343559722321e+00
-1.345094190472142515e+00
-2.205887872797123617e+00
-1.247727701693979618e+00
-1.619072181577711156e+00
2.110675424629154806e-01
-7.568120687502349897e-01
-3.609632580019157100e+00
2.599713694572719502e-01
-1.088100008889998582e+00
1.572061884391021680e-01
1.724629084023555414e+00
1.363675018513836878e-01
-6.549991201417993958e-01
-1.246670883345740055e+00
1.638821191628074381e+00
-5.472051685035606017e-01
8.748437625681463325e-01
1.219226049174322535e+00
-2.794360064486165918e+00
-4.534331068882128113e-01
-2.643228658192738889e-01
6.626210794164520967e-01
4.303365502141162091e-01
1.053934485875969385e+00
3.819660112502444305e-01
-1.648729859485392524e+00
3.001881403644729218e+00
1.649394147832667912e+00
1.752726151091813511e+00
2.777884237671401912e+00
1.681904042782369491e-01
2.114449394543024274e-01
1.961108950890154690e-01
2.365259363593228414e+00
-4.848844128158209532e-01
-5.617719927576629857e-01
-4.426821206366162720e-01
-4.307363553791208055e+00
-1.071331469655018021e+00
-9.892801345611658137e-01
-1.369079149697039588e+00
-1.833437316189147959e+00
-1.926696509916879574e+00
-1.630032655383478524e+00
-2.563146480494324031e+00
2.224319831086130073e+00
5.126822073359453835e-01
-2.176873112265219623e-01
1.445645531049625676e+00
-6.979402348483204621e-01
8.915732649060578163e-01
1.563883778979304306e+00
2.834708333077591291e+00
-1.490760019761502159e-02
-2.822706416285277742e-01
9.405027478986304201e-01
-1.999377048802834400e+00
1.734940670825827702e+00
1.269243606004839986e+00
-4.371810645517910654e-01
-4.472838600424756117e-01
-5.397288149074843666e-01
5.755041990793619000e-01
-1.608736569029015628e-01
3.332918138131717445e+00
6.242086576203069725e-01
-9.377973917343452870e-01
1.420212208269947096e+00
-6.929043345539049881e-01
1.000042940633051991e+00
9.274773544940904113e-01
3.968775317553493998e-01
-2.325871131296671557e+00
-2.432359814508545437e+00
-3.579604780796182828e-01
-3.095898914388615086e+00
6.250051584321281162e-02
-1.067012300283596060e+00
-3.331040933799545467e+00
-1.801384832317165507e+00
-1.224459720007594843e+00
5.315077224520909915e-01
-1.357135134337080773e-01
2.366405632877630172e+00
3.757286001214356352e-02
-7.851956601308029970e-01
3.117958735630957712e+00
1.236944489083577015e+00
2.715415400221796283e+00
2.250127281157107362e+00
8.953518524496123510e-01
-5.036933596465134055e-01
3.631609413187486535e-02
2.352733154111248837e+00
-9.460500107067748576e-01
1.036047061643304179e+00
-4.583499127239366588e-01
-2.850626287112281165e+00
-9.930139569908602581e-02
3.711293614619171066e-02
8.300509677976681822e-01
-6.668039546246842253e-01
5.766196279565398708e-01
-1.170929400778852214e+00
-1.569815222452214387e+00
2.621177546431723293e+00
-2.512360462010714279e-01
2.012266788678994667e-01
-3.570316252841252980e-01
-1.856824621002662434e+00
-1.633999553713548991e+00
-8.184880467721102892e-01
1.022111090156611724e+00
-2.660413502877632119e+00
-9.772528132966288306e-01
-1.379704924025850321e+00
-2.868481717293752009e+00
1.190991764193136904e+00
8.312935414291238168e-01
9.417691603462007288e-01
-1.102115102996357732e-01
1.294539356624330395e+00
1.082500339003887424e+00
1.149061997997996354e+00
