5.000000000000000000e+00
9.823868511389415303e-01
1.786057165683145875e-01
1.068566140134331377e+00
1.480215929565182886e+00
6.957183685822009300e-01
-2.394439250436902977e+00
2.424020314503380069e-01
-1.056974121851438575e+00
-4.817686921394396249e-01
6.077566711198859606e-01
-9.608187815524469322e-01
3.778430266764454259e-02
-4.266701626115469992e-01
2.377386154157106191e+00
-6.165147529280795569e-01
-2.861189692563011366e+00
1.606153496748395915e-01
-5.413779603830695120e-01
-1.294283674468068135e+00
-4.203397159657074944e+00
-1.138425447419570080e+00
2.370817573298403813e-01
-1.833462770247408447e+00
1.740775073286859875e-01
-4.230239126361411417e-01
1.540998010780429972e+00
1.118543091394524458e+00
1.707188075409151962e+00
1.483636490544964603e+00
-1.369606345764912803e+00
2.109415789930952023e+00
1.167859478595034695e+00
-4.742342731146451107e-01
-1.575492701376802751e+00
3.144662691680560895e-01
3.132958162504619004e+00
-9.600314758150098049e-01
5.034855149580526046e-01
1.753374607758804382e+00
2.256125841095083295e+00
1.629763440294032417e+00
-3.056298331994881101e-01
1.439302729995969088e+00
-1.255596309662988297e+00
-8.935733337656376341e-02
-3.457684026080600215e-01
-2.976206063941565283e+00
-2.087506921926486569e+00
-1.559839393629318671e+00
1.087785252292478910e+00
-2.440873167660810861e+00
-2.094990558374381973e+00
1.678938203567954757e+00
6.099992645507854583e-01
2.137120762427813236e-02
-2.016214200972448189e+00
8.385592751429080671e-01
-1.932731356938829914e-02
-1.761456167753094659e+00
-2.078049630464299247e-01
-2.042181770877566471e+00
-1.127408488382809493e-01
9.829642116933368090e-02
1.399735182719598514e+00
5.063744227326032465e-01
-4.057584497086174080e-01
4.298443188757721245e+00
2.369184773448415271e+00
8.078081176289630960e-01
9.300910588692902492e-02
1.920989697220625958e+00
2.255413389785173806e+00
-2.248602778782784473e+00
-1.975845850448270102e-01
-3.502792096999458593e-01
1.557866203858354615e-02
1.445689672307237661e-03
-6.476315909582326391e-01
8.762043960566016088e-01
-9.355370037449383114e-01
2.036023119847244267e+00
7.682706584860655719e-01
-1.992189776644840205e+00
-8.526290099536979472e-01
-4.964891445248912349e-01
2.319620448879265995e-01
-4.338422432484236424e+00
-2.581576063227274620e+00
1.370861462770400219e-01
-1.379171499875014195e+00
-9.400185838017153239e-01
-1.495389168344907649e+00
1.714900608324425146e+00
6.650656528964652425e-01
8.234180930314596303e-01
1.850774519078442815e+00
-8.597435271293234482e-01
1.144653744417429397e+00
7.973378701519144851e-01
8.090169943749513370e-01
-1.607673469150480372e+00
-1.196373387071018479e+00
3.136987843230499173e+00
1.966161818372720305e-01
-4.108425352632449901e-03
6.715199613060849337e-01
3.072696845667400645e+00
2.578280091587968670e+00
-5.189729784854251182e-01
1.859703918521165900e+00
-2.622949450708622621e-03
1.830608887819967778e-01
-3.816927320602870322e-01
-1.747470576829390554e+00
-1.612296036000395505e+00
-2.665867862713799497e+00
1.058691807204962920e+00
-1.288510147501319203e+00
-2.559124400839269065e+00
1.480899260294874509e-01
1.072110063726585683e+00
1.085858745900777134e+00
-2.793457957964601945e+00
9.688087307579357210e-02
7.071067811865476838e-01
-1.522636155243675793e+00
-1.169729441371938794e+00
-2.202920140038069796e+00
-1.985479882360174919e-02
-1.123722711136540875e+00
6.129852970524647393e-01
9.492397258050675468e-01
-9.007004430937516348e-01
2.785577866420965165e+00
2.661851341025851525e+00
2.177841586198753898e+00
-4.165796555039429361e-01
1.158762253609935122e+00
3.490280206203820068e+00
-1.048207685568214531e+00
-8.036890466366450880e-01
-5.663674032567594940e-01
1.058113457685947223e+00
3.583511653999532642e-02
-1.157307545129353965e+00
1.470102595654672939e+00
-4.612569747134642184e-01
1.499298501698282049e+00
1.179484079287157927e+00
-4.510565162951010731e-01
-9.001956548259409940e-01
-1.241997471321273583e+00
1.331021563397027041e+00
-3.161531763883850044e+00
-3.591739318567733097e+00
-9.388993792289088702e-01
-6.458718832368323115e-01
-9.657732318163220198e-01
-3.032942748843812986e+00
1.170175302215274771e+00
9.497055926987585384e-01
1.763967246335761963e-01
1.191275841702788441e+00
-2.883042009453735677e-01
1.066799620005690175e+00
-1.973949412709345985e-01
1.221757003779509354e+00
-7.675008661740252425e-01
-2.197483168136755260e+00
1.927958017376726785e+00
1.029052834466039457e+00
5.427720535852423867e-01
-7.138074921123188643e-01
2.664433123296937822e+00
3.871527133110713503e+00
-7.692545900193448194e-02
1.418122619833528386e+00
8.213143518437137081e-01
1.388556660330552583e+00
-4.144901477451965466e-01
-1.335980707029617243e+00
-4.965769574489179439e-01
-2.838161376293054872e+00
2.854495925032589643e-01
-5.470388865851127935e-01
-1.801826416017016763e+00
-1.116180800927054850e+00
3.910469008340513586e-01
2.380604650664963629e+00
-2.399617271288343900e+00
-1.089256736375662005e+00
6.708163333952438245e-01
-4.025041996959827229e-01
-1.554441957518171602e+00
-3.181508017310313186e+00
1.241095690930997808e-01
-1.395252958185324577e+00
-6.197528374939157425e-01
5.530403227528188914e-01
-6.909830056250517716e-01
1.622375110455920311e+00
1.688406413464881073e+00
3.201380156875123451e+00
1.025455514406711233e-01
4.621163659893356979e-02
3.482167016015346395e+00
6.274571168259377441e-01
-5.529128419478032130e-01
-1.610834101471912749e+00
1.542906481489104253e+00
9.902399247900992574e-01
-1.589857674649679975e+00
1.098302440967906080e+00
3.235157330111567697e-01
1.703122086699489390e+00
8.305086204320792920e-01
6.095480760228272343e-01
1.452570197635294491e-01
-1.735595777346405022e+00
1.407788996574809826e+00
-1.569738627939456954e+00
-3.276265785929530328e+00
-2.405612889292859879e+00
-6.695550438173519803e-01
-1.399211181264181647e-02
-3.886339210983474679e+00
-3.100414423618113036e-01
1.065372837451515675e+00
4.653984227394742379e-01
2.145480238678491025e-01
-5.677075548650247772e-01
1.612149477764121208e+00
-7.107191030255421982e-01
6.406490971941531942e-01
-9.919593091252768002e-02
-2.112115980882385724e+00
4.146795695352551991e-01
6.730961717635575159e-01
1.582535093719743546e+00
-1.316296798109842348e+00
1.200735020523993724e+00
4.365204134822320725e+00
1.224578534895565785e+00
1.054380933912884899e+00
5.311457053307728771e-01
2.752076393159132994e+00
4.091084002855751578e-01
-1.468531278170620347e+00
1.529940164397257663e-01
-1.999999999999971578e+00
-2.003093554031991630e-01
-7.561577555075327250e-01
-7.088943273493073516e-01
-1.240630003888580024e+00
-8.507073444775381521e-01
2.820560694606879082e+00
-1.025038762157976846e+00
-1.576396821761675282e+00
-3.441422283084581979e-01
5.903192540383813691e-01
-7.326039259597543207e-01
-4.187883227749096271e+00
-5.274606901227666400e-01
-1.032747730805883890e+00
-1.191164087510447001e+00
-6.869037775779236465e-01
-7.613691248881085949e-01
1.350608694808357546e+00
3.602414683434314036e-01
3.044529358258488472e+00
1.070536531095694022e+00
-3.437053148717858497e-01
2.412627366988044475e+00
1.601354775825194032e+00
7.405346398180465695e-01
-2.457383470051821117e+00
8.543123227840957457e-01
2.047493807736759042e+00
-1.086740017225512833e+00
1.546146965109523874e-01
3.507363707145210174e-01
2.628479950897083306e+00
7.132059378558268659e-01
6.863954194829067212e-01
1.354627976161983938e+00
-1.204365754941421507e+00
1.006887417224264558e+00
-6.615828072422289541e-01
-1.856855466647763908e+00
-3.105310174574967164e+00
-1.637814068803661316e+00
8.734559541215959344e-01
-3.429580167228062137e+00
-1.849862047541572574e+00
1.810466062349600502e-01
1.268939062447074662e+00
-4.596710092549582960e-03
-1.634673498207200426e+00
1.770147450181807525e+00
-3.090169943748977133e-01
-2.474033900791133833e-02
-3.596901762490617438e-01
-1.503867392938118552e+00
-3.246674445269132070e-01
-6.241995444783414726e-01
1.993778811421798469e+00
-9.160754825758101738e-01
-2.245136861553593266e-01
3.471629731166708588e+00
2.506556882977166278e+00
1.611504656029107974e+00
-4.169047716304629114e-01
3.173776464121093266e+00
1.952396729351942861e+00
-1.152717566987646602e+00
-7.534291976233642441e-02
-1.091180846654653536e+00
3.131397503076009947e-01
-1.329384850712270083e+00
-3.114873963263370404e-01
-4.640649361419593721e-01
-1.526971682769883820e+00
2.206823099887109674e+00
2.340170071078158109e-01
-7.938435959353784543e-01
-1.467074538625454005e+00
5.729473780523959281e-01
7.696281623411087569e-01
-4.144513584112867299e+00
-1.821018405688019648e+00
-1.056478499725779674e+00
-7.274367448061330732e-01
-1.787853880011939678e+00
-1.751504300596081087e+00
1.395154655781493780e+00
-2.927208975381883072e-01
1.990902306834647417e+00
1.393906856043428899e+00
1.712645565346216925e-01
1.359415542585498127e+00
1.290402712716878675e+00
2.177004817562032457e+00
-2.234454291077272003e+00
-4.634729513636556830e-01
2.124544591440045149e+00
1.862443549626675576e-01
-2.882095186640994955e-01
-6.819241944852598714e-01
3.294381610785232173e+00
1.451056516295226917e+00
3.944678480997523828e-01
1.723602099300826751e+00
1.589395270367144342e-02
1.164665162449738167e+00
-6.343854075509192114e-01
-4.367625920898530745e-01
-2.498029788783353133e+00
-2.666825736136061664e+00
8.233611150636483966e-01
-2.210869696558044772e+00
-2.335687758360839972e+00
-1.491577130989923061e+00
1.509968148940369792e+00
8.177675153775532113e-01
-2.475451989101345784e+00
9.365867684858401043e-01
3.322973381707502449e-01
1.732394761218962742e-01
-1.201782507041939008e+00
-1.405868133664273989e+00
-1.326063263411136894e-01
-1.765576907586959621e+00
1.281648784017407561e+00
-3.595849600329546480e-01
-7.071067811864160113e-01
1.785340242200767369e+00
2.681538615319039032e+00
2.882638301724346430e+00
-9.196489385617550028e-01
2.381500918771247477e+00
3.147921610828689598e+00
1.660309455745261897e-01
-4.902887022819003571e-01
-1.056296772193060507e+00
1.425896684075922405e+00
-1.248138524746893907e+00
-7.116957613762115997e-01
1.497539885978317886e-01
-1.151969498392260371e+00
1.399373463605116719e+00
4.993009100582405102e-01
6.549130478048925674e-01
-1.632780514569982744e+00
-2.705924857562094221e-01
1.795801378032717999e+00
-2.831383939941538586e+00
-2.691624821220557351e+00
-2.026527213928432491e+00
3.372154176375785628e-02
-1.809016994374882614e+00
-3.191523826111307471e+00
7.792679213890880696e-01
-1.830685176035145023e-01
1.124512889842837149e+00
6.437766340961361688e-01
7.373066776959953383e-01
1.165425565989744783e+00
2.841575825991438098e-01
2.682558619928654409e+00
-1.150419344925609710e+00
-1.258056295510411093e+00
1.011272482549951501e+00
1.156244283946838980e+00
3.490630535958146874e-01
-1.965465131262301268e+00
2.801528251820581517e+00
2.558286652877330258e+00
7.266669524941901104e-01
1.217938548015238709e+00
8.285973920561771067e-01
2.239256353590293624e+00
-6.647686249682194237e-01
1.394144243877356026e-01
-1.212937246710237726e+00
-2.727404327475248191e+00
4.049303693896355583e-02
-1.376342940937854920e+00
-1.549756058858921870e+00
-2.845481421409234102e+00
6.329684381845241958e-01
1.857557440112911795e+00
-2.185747566306976086e+00
-3.691009658100906643e-01
1.956517769675963914e-01
1.193382030840301589e+00
-1.550305496054434906e+00
-2.155892084363501215e+00
1.385987196345640493e-01
-1.949927535816365687e+00
1.008653513576670546e-01
-6.209168270380980292e-01
-4.269753336703948077e-01
4.800204071287232921e-01
1.576877347068889712e+00
3.784336354164379301e+00
-4.094413891168931507e-01
1.220182147555461061e+00
3.074433572117456936e+00
1.912573183915750707e+00
-8.778525229248601569e-02
-1.832683167008495317e+00
2.033774006668780387e+00
-2.205773828409084980e-01
-1.025716211279491086e+00
-1.379009094576433836e-01
-3.767086588108259360e-01
1.362820320406329833e+00
-1.491327897428562643e-02
1.618884729981346471e+00
-6.937221480094091230e-01
-8.867590659008912635e-01
1.747954966933777943e+00
-1.145158382377271744e+00
-2.252108140574304862e+00
-3.372216332029392305e+00
5.858866146168972833e-02
-8.485197407640074907e-01
-3.941596449255643453e+00
-7.245563832991932518e-01
-1.927973473209669830e-01
1.172842154620154176e+00
-4.784160972162896930e-01
4.327574751141583520e-01
1.585940503088823172e+00
-3.035186153692048805e-01
2.110906927829438562e+00
-2.691231543787932501e-01
-9.587492799094022855e-01
-3.975095064156561886e-01
9.443197775306562125e-01
1.501749760989770976e+00
-2.421380212189311543e+00
1.311472878238755690e+00
2.907444372946661026e+00
1.906874771351207087e+00
7.674775575310404108e-01
5.394512831990093682e-01
3.477002753317841588e+00
1.108876137924792449e-01
1.182208729518084978e-01
-3.748241000761481367e-01
-1.731833191209126488e+00
-4.419418041878174774e-01
-1.480502378083009329e+00
-3.761567294355107061e-01
-2.991662318835712320e+00
-7.687802130705265746e-01
2.046083317109680610e+00
-9.350715121753641057e-01
-1.000000000000000000e+00
-9.350715121755800441e-01
2.046083317109798738e+00
-7.687802130704531889e-01
-2.991662318835718093e+00
-3.761567294356565894e-01
-1.480502378082896975e+00
-4.419418041877384296e-01
-1.731833191209311229e+00
-3.748241000760440533e-01
1.182208729518336443e-01
1.108876137924342808e-01
3.477002753317754546e+00
5.394512831991153945e-01
7.674775575311433284e-01
1.906874771350956621e+00
2.907444372946750732e+00
1.311472878238885809e+00
-2.421380212189351067e+00
1.501749760989644633e+00
9.443197775306857444e-01
-3.975095064154602897e-01
-9.587492799095980178e-01
-2.691231543788010216e-01
2.110906927829538482e+00
-3.035186153692412958e-01
1.585940503088775877e+00
4.327574751141501364e-01
-4.784160972161338732e-01
1.172842154619974986e+00
-1.927973473209743105e-01
-7.245563832990081776e-01
-3.941596449255662993e+00
-8.485197407639080147e-01
5.858866146158261956e-02
-3.372216332029364327e+00
-2.252108140574379469e+00
-1.145158382377246431e+00
1.747954966934031518e+00
-8.867590659011179710e-01
-6.937221480091161352e-01
1.618884729981096449e+00
-1.491327897418748272e-02
1.362820320406312957e+00
-3.767086588111018264e-01
-1.379009094573197536e-01
-1.025716211279704027e+00
-2.205773828406885628e-01
2.033774006668587653e+00
-1.832683167008377190e+00
-8.778525229239031447e-02
1.912573183915702302e+00
3.074433572117511115e+00
1.220182147555335828e+00
-4.094413891168707798e-01
3.784336354164323346e+00
1.576877347068731616e+00
4.800204071289914665e-01
-4.269753336707737268e-01
-6.209168270378995214e-01
1.008653513575857863e-01
-1.949927535816458057e+00
1.385987196346173400e-01
-2.155892084363186356e+00
-1.550305496054720233e+00
1.193382030840143937e+00
1.956517769676128227e-01
-3.691009658098456381e-01
-2.185747566307100875e+00
1.857557440112603597e+00
6.329684381848739161e-01
-2.845481421409136846e+00
-1.549756058859015351e+00
-1.376342940937981707e+00
4.049303693914996227e-02
-2.727404327475297929e+00
-1.212937246710350303e+00
1.394144243877245559e-01
-6.647686249681497017e-01
2.239256353590130200e+00
8.285973920562103023e-01
1.217938548015380151e+00
7.266669524940959635e-01
2.558286652876877287e+00
2.801528251820967430e+00
-1.965465131262043252e+00
3.490630535954177827e-01
1.156244283946808782e+00
1.011272482550288121e+00
-1.258056295510191047e+00
-1.150419344926066234e+00
2.682558619928638421e+00
2.841575825993892801e-01
1.165425565989573364e+00
7.373066776958469015e-01
6.437766340963244627e-01
1.124512889842767205e+00
-1.830685176036355166e-01
7.792679213891999801e-01
-3.191523826111216433e+00
-1.809016994374919918e+00
3.372154176358266309e-02
-2.026527213928213111e+00
-2.691624821220529817e+00
-2.831383939941733097e+00
1.795801378032782392e+00
-2.705924857560972896e-01
-1.632780514569951658e+00
6.549130478046895076e-01
4.993009100583485349e-01
1.399373463605214862e+00
-1.151969498392303448e+00
1.497539885979102814e-01
-7.116957613762889823e-01
-1.248138524746858824e+00
1.425896684075884657e+00
-1.056296772193048072e+00
-4.902887022818129825e-01
1.660309455742602358e-01
3.147921610828877004e+00
2.381500918771145336e+00
-9.196489385617689916e-01
2.882638301724059104e+00
2.681538615319126517e+00
1.785340242200961658e+00
-7.071067811866269537e-01
-3.595849600330184304e-01
1.281648784017594966e+00
-1.765576907586895672e+00
-1.326063263413036486e-01
-1.405868133664316399e+00
-1.201782507041756487e+00
1.732394761217536105e-01
3.322973381707394758e-01
9.365867684859898734e-01
-2.475451989101358219e+00
8.177675153776029493e-01
1.509968148940167509e+00
-1.491577130989562239e+00
-2.335687758361006061e+00
-2.210869696558202424e+00
8.233611150637274445e-01
-2.666825736135921776e+00
-2.498029788783485028e+00
-4.367625920899051994e-01
-6.343854075507806556e-01
1.164665162449708191e+00
1.589395270359206247e-02
1.723602099300962642e+00
3.944678480996073322e-01
1.451056516295246901e+00
3.294381610785120262e+00
-6.819241944852439952e-01
-2.882095186640294404e-01
1.862443549625343309e-01
2.124544591440260533e+00
-4.634729513637850795e-01
-2.234454291076977572e+00
2.177004817562035122e+00
1.290402712717013678e+00
1.359415542585608927e+00
1.712645565342890697e-01
1.393906856043650277e+00
1.990902306834646751e+00
-2.927208975382136202e-01
1.395154655781360109e+00
-1.751504300596118835e+00
-1.787853880011748497e+00
-7.274367448064709141e-01
-1.056478499725714837e+00
-1.821018405687969688e+00
-4.144513584112864635e+00
7.696281623413263606e-01
5.729473780520912829e-01
-1.467074538625180669e+00
-7.938435959356475724e-01
2.340170071079592518e-01
2.206823099887170958e+00
-1.526971682770100980e+00
-4.640649361419685315e-01
-3.114873963264260248e-01
-1.329384850712046040e+00
3.131397503074808686e-01
-1.091180846654678849e+00
-7.534291976217977194e-02
-1.152717566987706777e+00
1.952396729352150251e+00
3.173776464120881435e+00
-4.169047716301874096e-01
1.611504656028824645e+00
2.506556882976927358e+00
3.471629731166973265e+00
-2.245136861552541052e-01
-9.160754825760670794e-01
1.993778811421831332e+00
-6.241995444781924807e-01
-3.246674445269512876e-01
-1.503867392938064151e+00
-3.596901762491643284e-01
-2.474033900776045902e-02
-3.090169943750539772e-01
1.770147450181888349e+00
-1.634673498207082964e+00
-4.596710092811040482e-03
1.268939062446782229e+00
1.810466062353392469e-01
-1.849862047541245058e+00
-3.429580167228512888e+00
8.734559541214450551e-01
-1.637814068803197243e+00
-3.105310174574850368e+00
-1.856855466648209108e+00
-6.615828072423114437e-01
1.006887417224515691e+00
-1.204365754941532529e+00
1.354627976161744574e+00
6.863954194832073696e-01
7.132059378556623308e-01
2.628479950897065986e+00
3.507363707146320397e-01
1.546146965111254712e-01
-1.086740017225741983e+00
2.047493807736746607e+00
8.543123227842275291e-01
-2.457383470051685226e+00
7.405346398179053491e-01
1.601354775825196253e+00
2.412627366988260746e+00
-3.437053148720464191e-01
1.070536531095799937e+00
3.044529358258373009e+00
3.602414683434752574e-01
1.350608694808432597e+00
-7.613691248880702922e-01
-6.869037775777990795e-01
-1.191164087510403480e+00
-1.032747730805923414e+00
-5.274606901228482414e-01
-4.187883227749078507e+00
-7.326039259597290076e-01
5.903192540382860010e-01
-3.441422283081457256e-01
-1.576396821761747002e+00
-1.025038762158172023e+00
2.820560694606997654e+00
-8.507073444773936011e-01
-1.240630003888505861e+00
-7.088943273496202124e-01
-7.561577555071929968e-01
-2.003093554032422396e-01
-2.000000000000156319e+00
1.529940164397466384e-01
-1.468531278170428278e+00
4.091084002854311619e-01
2.752076393159075263e+00
5.311457053309742715e-01
1.054380933912880902e+00
1.224578534895303328e+00
4.365204134822416648e+00
1.200735020524148267e+00
-1.316296798109804822e+00
1.582535093719476649e+00
6.730961717636163577e-01
4.146795695354800193e-01
-2.112115980882475874e+00
-9.919593091244033323e-02
6.406490971939126089e-01
-7.107191030254798036e-01
1.612149477763894723e+00
-5.677075548651114856e-01
2.145480238680177454e-01
4.653984227393851425e-01
1.065372837451485921e+00
-3.100414423618674808e-01
-3.886339210983390302e+00
-1.399211181257520309e-02
-6.695550438174427965e-01
-2.405612889292875423e+00
-3.276265785929701302e+00
-1.569738627939399223e+00
1.407788996574983020e+00
-1.735595777346392143e+00
1.452570197634704963e-01
6.095480760226763550e-01
8.305086204324898524e-01
1.703122086699279780e+00
3.235157330111432250e-01
1.098302440968047744e+00
-1.589857674649864272e+00
9.902399247902282653e-01
1.542906481488821147e+00
-1.610834101471504631e+00
-5.529128419479906187e-01
6.274571168257284670e-01
3.482167016015666139e+00
4.621163659878058105e-02
1.025455514409021329e-01
3.201380156874743754e+00
1.688406413465046718e+00
1.622375110455895886e+00
-6.909830056250556574e-01
5.530403227530096277e-01
-6.197528374938632290e-01
-1.395252958185359216e+00
1.241095690928961659e-01
-3.181508017310263448e+00
-1.554441957517977313e+00
-4.025041996959694557e-01
6.708163333952789076e-01
-1.089256736375821433e+00
-2.399617271288204456e+00
2.380604650665046229e+00
3.910469008339223507e-01
-1.116180800927042860e+00
-1.801826416016948818e+00
-5.470388865854581839e-01
2.854495925035063220e-01
-2.838161376292951843e+00
-4.965769574490455085e-01
-1.335980707029492454e+00
-4.144901477455601446e-01
1.388556660330635850e+00
8.213143518437266977e-01
1.418122619833858566e+00
-7.692545900222658162e-02
3.871527133110314267e+00
2.664433123297292649e+00
-7.138074921121739802e-01
5.427720535849975825e-01
1.029052834465944644e+00
1.927958017376996791e+00
-2.197483168136785459e+00
-7.675008661742686034e-01
1.221757003779573081e+00
-1.973949412707193263e-01
1.066799620005524973e+00
-2.883042009454910293e-01
1.191275841703012262e+00
1.763967246334958161e-01
9.497055926987024721e-01
1.170175302215354929e+00
-3.032942748843582947e+00
-9.657732318164823360e-01
-6.458718832370573537e-01
-9.388993792285103002e-01
-3.591739318567838346e+00
-3.161531763883954849e+00
1.331021563396899143e+00
-1.241997471321155011e+00
-9.001956548257966650e-01
-4.510565162955132434e-01
1.179484079286926113e+00
1.499298501698499431e+00
-4.612569747135291665e-01
1.470102595654669830e+00
-1.157307545129315329e+00
3.583511653969539967e-02
1.058113457686135295e+00
-5.663674032566706762e-01
-8.036890466365322894e-01
-1.048207685568168568e+00
3.490280206203700164e+00
1.158762253610165160e+00
-4.165796555039314453e-01
2.177841586198552726e+00
2.661851341025975426e+00
2.785577866421163229e+00
-9.007004430939306028e-01
9.492397258050508935e-01
6.129852970525669908e-01
-1.123722711136419417e+00
-1.985479882383678341e-02
-2.202920140038033381e+00
-1.169729441371735845e+00
-1.522636155243886513e+00
7.071067811866159625e-01
9.688087307582277097e-02
-2.793457957964491367e+00
1.085858745900564193e+00
1.072110063726503082e+00
1.480899260298612630e-01
-2.559124400839507540e+00
-1.288510147501356951e+00
1.058691807204824364e+00
-2.665867862713698688e+00
-1.612296036000273824e+00
-1.747470576829705635e+00
-3.816927320599686757e-01
1.830608887817051778e-01
-2.622949450428846419e-03
1.859703918521243615e+00
-5.189729784854418826e-01
2.578280091587914935e+00
3.072696845667392207e+00
6.715199613060476302e-01
-4.108425352550626464e-03
1.966161818373206582e-01
3.136987843230493844e+00
-1.196373387071042682e+00
-1.607673469150606049e+00
8.090169943748649617e-01
7.973378701521881551e-01
1.144653744417452490e+00
-8.597435271295797987e-01
1.850774519078560498e+00
8.234180930315240232e-01
6.650656528964826730e-01
1.714900608324165798e+00
-1.495389168344776643e+00
-9.400185838016287265e-01
-1.379171499875305518e+00
1.370861462771811312e-01
-2.581576063227306594e+00
-4.338422432484145830e+00
2.319620448877199870e-01
-4.964891445248648116e-01
-8.526290099534316047e-01
-1.992189776645166166e+00
7.682706584863425725e-01
2.036023119847061302e+00
-9.355370037448123011e-01
8.762043960566434642e-01
-6.476315909584314801e-01
1.445689672622652022e-03
1.557866203821009488e-02
-3.502792096995680504e-01
-1.975845850449523544e-01
-2.248602778782657907e+00
2.255413389785475786e+00
1.920989697220587100e+00
9.300910588688920955e-02
8.078081176290344834e-01
2.369184773448565817e+00
4.298443188757649303e+00
-4.057584497087953768e-01
5.063744227327016123e-01
1.399735182719564097e+00
9.829642116934156348e-02
-1.127408488382743990e-01
-2.042181770877557589e+00
-2.078049630463451036e-01
-1.761456167753319146e+00
-1.932731356928048261e-02
8.385592751432295877e-01
-2.016214200972285653e+00
2.137120762400745999e-02
6.099992645505445399e-01
1.678938203568177912e+00
-2.094990558373853062e+00
-2.440873167661417487e+00
1.087785252292540639e+00
-1.559839393629022242e+00
-2.087506921926552295e+00
-2.976206063941743807e+00
-3.457684026080850570e-01
-8.935733337628759543e-02
-1.255596309663225219e+00
1.439302729995851404e+00
-3.056298331992831629e-01
1.629763440293994670e+00
2.256125841094924755e+00
1.753374607758913406e+00
5.034855149582454503e-01
-9.600314758151750061e-01
3.132958162504494659e+00
3.144662691682301725e-01
-1.575492701376645099e+00
-4.742342731149369883e-01
1.167859478595007827e+00
2.109415789931087026e+00
-1.369606345764948774e+00
1.483636490544928410e+00
1.707188075409007189e+00
1.118543091394727185e+00
1.540998010780307403e+00
-4.230239126360565427e-01
1.740775073287254004e-01
-1.833462770247673346e+00
2.370817573300749159e-01
-1.138425447419632475e+00
-4.203397159656866222e+00
-1.294283674468410084e+00
-5.413779603831675447e-01
1.606153496751706600e-01
-2.861189692562900344e+00
-6.165147529284215056e-01
2.377386154157333120e+00
-4.266701626113994505e-01
3.778430266745935739e-02
-9.608187815525165432e-01
6.077566711200652616e-01
-4.817686921393498078e-01
-1.056974121851677495e+00
2.424020314503949614e-01
-2.394439250436730227e+00
6.957183685821113350e-01
1.480215929565015687e+00
1.068566140134508569e+00
1.786057165683042625e-01
9.823868511387902069e-01
