5.000000000000000000e+00
1.248556190539759303e+00
2.683304454542258521e-01
1.998456423539807014e+00
-5.503719542895015859e-01
7.802559318979508385e-01
1.815793845291017394e+00
-1.096732456616956952e+00
-1.465949417164102542e+00
-1.104671800189886310e+00
1.387352818861964376e-02
8.165144309265285338e-01
2.043095857532886139e-01
9.539588192791811361e-01
-8.890189077389909489e-01
-8.253808391688464141e-01
2.720352479544110302e+00
7.087894401746322459e-02
-1.139831540958783584e+00
2.791806104179203052e-01
-3.496657879897596022e+00
-2.227293593762740276e+00
6.994607066725595512e-01
-2.502595664139271925e+00
-2.294109702668701622e+00
-1.479089119954169140e+00
-2.459032891631223627e+00
-9.167341481800095337e-02
1.047598793919699123e+00
6.202451118872333025e-01
-3.214588755554566024e-01
-8.711272087503316719e-01
1.313904449660418639e+00
5.936002456921393167e-01
9.915206893813188760e-02
1.350922968839610716e+00
-2.452429620289999779e+00
-1.962888243328126947e+00
1.785629401696722907e+00
-6.996042437903560174e-01
2.643826606159591641e-01
1.701812291661279009e+00
-1.358979282062846572e+00
1.132009334013503787e+00
3.549872828767450361e+00
2.036931422416978776e+00
2.188549677436750329e+00
1.178219691822457671e+00
5.694412720583583720e-01
1.008898850862899099e+00
1.087785252292472027e+00
1.661681799592308106e+00
-1.263830157767406259e+00
-2.114527137694971692e+00
5.872785880296148564e-01
-1.070519572634917482e+00
2.668150911902564815e-01
2.227298205779458140e+00
-2.000036981841009087e+00
-5.976701105110855394e-01
2.109552041097409347e+00
-2.046648404461646198e-01
1.150321610767515601e+00
6.256031659961701630e-01
-2.619358688881243680e+00
-1.609421852727126456e+00
-9.069895622594215112e-01
-9.697176549630373010e-01
-1.627344974990319493e+00
-2.801419844070573095e+00
-1.829960812492337885e+00
-2.255268014377856289e+00
-5.506376208930163774e-01
2.096021638043421120e+00
-1.232606626953064000e+00
-8.252912948850216202e-01
1.529812397796357581e+00
-9.638185737325823954e-01
1.407013997443770315e+00
2.327928275293162041e+00
-2.179908777684656851e+00
-1.043804453698030432e+00
-6.245549461810967484e-03
-9.802184093183181623e-01
8.961027880932544987e-01
4.117460081800169425e-01
-6.318978670387933594e-01
-1.708805694233285211e-01
1.098635830081081899e+00
3.347026711976698543e+00
1.958807066414699705e+00
1.449727101453023748e+00
2.369739782696279384e+00
-3.988834704083560889e-01
1.560373008516309667e+00
3.409493090888123135e+00
-1.147333006554950519e+00
-5.415422632289577098e-01
5.205472785286890947e-02
-2.444190410726458484e+00
8.090169943749778714e-01
1.425919797832174041e+00
-1.276089683588508050e+00
-3.096504181347630169e-01
-5.753501151999584895e-02
5.661396053459057942e-01
1.446327187808101433e+00
7.685406991473655580e-01
1.751464666635120793e-01
-2.218393879610261354e+00
-1.467002571831183877e+00
6.386300556841471021e-01
-2.268512751055576260e+00
-1.712936449398201777e+00
-1.255687466349377113e+00
-4.565405514595568981e+00
-9.455128897245621555e-01
1.180514417784197967e+00
-1.662702113745869070e+00
2.342751520534618326e-01
2.796983552361242964e-02
-1.285806873594166788e+00
1.603397949140908052e+00
1.698901607058096896e+00
2.792139935087011304e-01
-7.071067811865515695e-01
-1.273067211105870733e+00
2.414285470272992118e-02
-4.684774514264672396e-01
3.470685279817659064e-01
8.667612140340401616e-01
-2.335669104782466921e+00
1.894144049902277693e-01
2.835141298956965539e+00
5.666555690365814302e-01
3.011795588655085343e+00
2.595862031580842277e+00
-8.752579051742085392e-01
2.313108723768221076e+00
2.795066163487375466e+00
6.040782630610096460e-01
1.182541262751157563e+00
-6.577347590007153189e-01
-1.517737989915405539e+00
-2.856389098446782127e-01
4.000013874686134674e-01
7.488650979895057347e-01
-1.350989905118445300e+00
-8.220898482211126401e-01
9.518556978376366828e-01
-4.510565162951428730e-01
2.000733670398427311e+00
1.937721859694331750e+00
-2.571738471151923555e+00
-2.892887082360885986e-01
2.496443345531144664e-01
-2.182085176453929520e+00
2.240054364500937423e-01
-1.551183930432236568e+00
-4.265527426327910376e+00
-1.778113330408504389e+00
-1.115791951536361459e+00
-7.096299205946592359e-01
-2.378327689538801692e-01
-9.457308152880234964e-01
-4.785774757064658047e-01
-5.852549131168006680e-01
1.524781045964586745e+00
2.378626962774146314e+00
-1.177617865315037760e+00
-1.350562481981108232e-01
1.561491381332728023e-01
-2.117905673233897001e+00
1.513978667577995374e+00
9.030294951302823003e-01
-2.695956628525751242e+00
1.476033350490248974e-01
3.521828443283696042e-01
1.901963337343365312e-01
3.188580388106509567e+00
1.938402908980174200e+00
6.579567084752940831e-01
1.316303286668742523e+00
1.924913200172904792e+00
2.816242471685320048e+00
1.196612642289903938e+00
7.075588048103351735e-01
4.082902760653439600e-02
-2.275700891152695693e+00
8.447174254690434925e-01
1.351069335204786892e+00
-2.063307327450130124e+00
2.507588840837958744e-01
-3.809604244617908475e-01
-1.787710129868704145e+00
2.620379369350120058e+00
1.631325761067858870e+00
-8.849232341816326564e-01
3.833563368237034030e-01
-8.193640110173421309e-01
-6.909830056250187980e-01
2.900422067387711245e-01
-8.794304618143808927e-01
-2.057430837607685525e+00
-3.622001296771667711e+00
-1.936396988452153689e+00
-4.255476808778198006e-01
-1.998099209635686879e+00
1.972753262450286510e-02
-6.852605608132761317e-01
-2.838726344069050889e+00
1.776179300157253227e+00
1.854205280973857839e+00
-5.701390457820824098e-01
1.608494001274358709e+00
-6.997286833809771567e-01
-1.809147273567252912e+00
1.403995960678858346e+00
3.649976668351878617e-01
-7.523830439859520158e-01
-8.222677617211442413e-01
-1.158971261851438506e+00
2.605754213446381806e-01
9.052918264647706881e-01
2.376806299234647035e+00
1.916105144402991733e+00
-5.240138307226427372e-01
2.370807305954496957e+00
2.842290300175904783e+00
8.902259692904466171e-01
3.366184482985735027e+00
5.256941787108737607e-01
-2.310843004556293323e+00
1.347267727369849677e+00
2.832693236639289847e-01
-8.161682304049252545e-01
7.496681252842603005e-01
-1.556250154845198352e+00
-1.480432063851974123e+00
7.373967172645838897e-01
1.263558835677518921e+00
1.256244462394805472e+00
-3.995068050805378190e-01
-1.125541564890990553e-01
6.722854380110099282e-02
-1.011974505045984296e+00
1.357961737964999083e+00
-6.860428448961027881e-01
-4.158922826958941776e+00
-1.161889624059764259e+00
-1.999999999999995559e+00
-2.649515572575378286e+00
8.842018675447208542e-01
-1.786326719960144915e+00
-2.884248308452903142e+00
4.344553676978420986e-01
1.700866372525274839e-01
9.212797240649406305e-01
1.471869041958875579e+00
-2.369398836175979906e-01
-5.666678748909680374e-01
-5.374341753826330503e-01
1.134451444373672846e+00
7.494089541625690298e-01
-1.813117265484864404e+00
-2.163778782481913798e-01
-9.649270728566964328e-01
-1.382585837547807284e+00
3.139265610808388729e+00
1.264933521514582049e+00
-6.550729280790864584e-01
2.561540258011107518e+00
1.057340823279994790e+00
1.614994260366833911e+00
4.220989334166718621e+00
1.161578392772204094e+00
-1.539815762578409242e-01
3.564800108979916393e-01
7.616146265919943037e-02
7.380298726030419809e-01
-9.030805094984428738e-02
-3.359093720621482704e-01
-1.319844163918073354e+00
-1.977776315739321999e+00
1.758898987994020002e+00
1.185311321621715930e+00
-7.071056594355783487e-01
1.656049597020901043e+00
-8.856104353247844507e-01
-1.243879174436155477e+00
2.655637068723583738e+00
-4.015140695862922104e-01
-2.071581011620920787e+00
-9.382311220727053147e-01
-3.181227619147401153e+00
-2.024230969861796847e+00
-3.213702493227181267e-01
-1.500239379270410733e+00
-1.983491936589957483e+00
-2.255348089311184356e+00
-3.090169943749998538e-01
7.107696961100249400e-01
2.011363783656036075e-01
1.877518919317766155e+00
-5.504202573797219999e-01
-1.748664931822437651e+00
2.227636449167680333e+00
2.805670042924995888e-01
-8.668924180246313504e-01
1.084813626330963121e+00
-2.436677074331961457e+00
-1.725300620416214237e+00
1.913816322574311890e+00
3.748850403972016077e-01
6.422229448841271227e-01
1.110421236971854020e+00
3.292058439886111909e-01
1.813041141112773591e+00
2.677382892419127192e+00
3.215246984350437653e+00
1.456700668119930597e+00
-5.556786407631982838e-01
1.512518420884556125e+00
3.916428579582962310e-01
-2.521790142718093319e-01
1.969414100520375577e+00
-1.951523664762228938e+00
-2.565060330567967117e+00
1.346109926963028336e+00
-4.540370489762698969e-01
3.842378383109099627e-01
1.912735802539688557e+00
-1.342277088230730664e+00
-4.630179158141859430e-01
1.354164849444462027e+00
6.505097494007149317e-01
2.855726443340261822e-01
-1.376731907073941885e+00
-1.843657531563639429e+00
-2.220271265727896903e+00
-2.065669043996902765e+00
2.671063926391146759e-01
-2.224930062176419199e+00
-3.435160937623677135e+00
-2.081652898560472087e-01
-1.687633718428509066e+00
-2.067172462239321717e-01
2.872393237717826064e+00
-1.091762987902128890e+00
-9.204289565639610649e-01
1.451056516295205601e+00
-2.946554125165571358e-01
9.724222526280851264e-01
9.576301716667835473e-01
-1.589038615447899483e+00
-1.473406387031322540e+00
-7.282747856253588559e-01
8.834441716356843388e-01
6.934995017937625184e-01
-2.686931393584661709e-01
1.274116136085286621e+00
-7.248557331195726317e-03
1.192869624938967643e+00
4.798288401127100755e+00
1.378915371107076959e+00
6.414347638063455648e-01
2.441292273929295487e+00
-6.974123327038815878e-01
9.846527962191808925e-01
2.594834744109601576e+00
-1.344526594624440463e+00
-1.288986486345553129e+00
-6.199062871356753046e-01
-9.532652183843934868e-01
7.428349210477993569e-01
7.071067811865353603e-01
2.510182965494083263e-01
-7.697792433763981368e-01
-5.150142105787249847e-01
2.227724831957932139e+00
4.497955450666853983e-01
-4.934407913805849977e-01
4.886349125364873869e-01
-3.318243384037300459e+00
-2.062434953241197633e+00
9.121751621341710470e-01
-2.719089936338548341e+00
-2.210094046554674563e+00
-1.237465597651682181e+00
-3.426447661840396286e+00
-4.111918273151565772e-01
1.304545756217493579e+00
-2.109112094564077888e-01
-1.342468808676803294e-01
-4.324134923381445228e-01
5.072653942168151575e-01
8.977085289784052513e-01
7.030101515863725892e-01
1.125757279181434978e+00
-2.083120083153224833e+00
-1.809016994374855525e+00
1.363885696891971477e+00
-8.980135996450973046e-01
2.408874966632031378e-01
1.643338961014733979e+00
-1.971503707012760120e+00
8.298774577938543562e-01
3.610038971582035128e+00
1.406374209912292006e+00
2.548693932235766013e+00
1.884975307990791604e+00
-1.096349471241231388e-02
1.454651622077083761e+00
1.785445245451111607e+00
1.292056037992860063e+00
-5.836782818741492740e-01
-1.665012724420920076e+00
-8.154472083201236288e-02
-1.030104325081608208e+00
3.086865164732568445e-01
1.930727187571880998e+00
-2.030040364450202972e+00
-6.352182511728905467e-01
2.014900236722623195e+00
-4.813182281644361460e-01
1.551833822890343217e+00
1.337182306175814350e+00
-2.839847340330094561e+00
-1.152077133725938118e+00
-3.776337329654260722e-01
-1.565142764607761583e+00
-1.071783848755204716e+00
-2.366341204097549777e+00
-2.768236686322599116e+00
-2.238458753414565905e+00
-6.976120265346338334e-01
1.269576939186784159e+00
-1.041317233999827563e+00
-7.884370421891450098e-01
1.085248035393367338e+00
-1.023944301970346471e+00
1.576163811630218126e+00
2.616170515781846895e+00
-2.126904785610319593e+00
-7.067414104893120497e-01
1.988051351072380180e-01
-1.668184091717748618e+00
1.121931452558938336e+00
6.793374425781237846e-01
-1.553087484685041542e+00
-8.778525229252265305e-02
9.564070317094218732e-01
2.293481126345954912e+00
2.379450525055646359e+00
1.754821868657634898e+00
1.923696535896996629e+00
5.690247125796400740e-02
1.804320997694776718e+00
3.410832761059181095e+00
-6.150376612616603733e-01
-8.129338527053037167e-02
1.673041180692077523e-01
-2.754224247345729459e+00
8.769776920894710726e-01
1.551041278451277927e+00
-1.836505607080461955e+00
-4.890378336487732902e-02
-1.981989063190503497e-02
-3.590579525775027259e-01
1.959419624798478976e+00
1.234034688226478993e+00
-1.993037226387950334e-01
-1.384335677923537622e+00
-1.170098422544889827e+00
2.362081686543918702e-01
-1.598594417221014030e+00
-1.402865800775391136e+00
-1.483205902181884861e+00
-4.599091830128361202e+00
-1.224472633538975286e+00
7.855463249909728773e-01
-2.069808310643674876e+00
3.114089347065787661e-01
-3.556083383925395802e-02
-2.038694730351389595e+00
1.857926947821955999e+00
1.952468047939674101e+00
-1.471176185965674121e-01
1.416710337250133289e-01
-1.016476972808533219e+00
-7.107644889753357287e-01
8.536722141263652919e-02
3.935871802857173751e-01
2.880068890411966454e-01
-2.053109026344547061e+00
-2.027367945498550483e-01
2.076658524777435399e+00
4.739131413163960582e-01
3.006390513959905864e+00
2.562849006095397009e+00
-1.000000000000000000e+00
2.562849006095394788e+00
3.006390513959925403e+00
4.739131413164107132e-01
2.076658524777428738e+00
-2.027367945498390611e-01
-2.053109026344519084e+00
2.880068890412048610e-01
3.935871802857394686e-01
8.536722141266295250e-02
-7.107644889753375050e-01
-1.016476972808516788e+00
1.416710337250495222e-01
-1.471176185965558658e-01
1.952468047939687867e+00
1.857926947821981090e+00
-2.038694730351385154e+00
-3.556083383924399377e-02
3.114089347066098523e-01
-2.069808310643661997e+00
7.855463249909686585e-01
-1.224472633538965516e+00
-4.599091830128356762e+00
-1.483205902181894853e+00
-1.402865800775382921e+00
-1.598594417221012476e+00
2.362081686543618941e-01
-1.170098422544903372e+00
-1.384335677923540731e+00
-1.993037226388202909e-01
1.234034688226461007e+00
1.959419624798372173e+00
-3.590579525774588721e-01
-1.981989063167993725e-02
-4.890378336512346547e-02
-1.836505607080227254e+00
1.551041278451356531e+00
8.769776920890396399e-01
-2.754224247345760990e+00
1.673041180693533025e-01
-8.129338527049821683e-02
-6.150376612613701610e-01
3.410832761059181983e+00
1.804320997694798034e+00
5.690247125797909256e-02
1.923696535896887383e+00
1.754821868657661099e+00
2.379450525055676557e+00
2.293481126345920273e+00
9.564070317093942286e-01
-8.778525229248212991e-02
-1.553087484684968267e+00
6.793374425782463533e-01
1.121931452558778464e+00
-1.668184091717816120e+00
1.988051351073061856e-01
-7.067414104893512405e-01
-2.126904785610124637e+00
2.616170515782116013e+00
1.576163811630097333e+00
-1.023944301970296067e+00
1.085248035393421961e+00
-7.884370421893880376e-01
-1.041317234000004976e+00
1.269576939186765507e+00
-6.976120265344631921e-01
-2.238458753414393598e+00
-2.768236686322482321e+00
-2.366341204097609285e+00
-1.071783848755230029e+00
-1.565142764607804438e+00
-3.776337329656285213e-01
-1.152077133725861957e+00
-2.839847340330150072e+00
1.337182306175774160e+00
1.551833822890498205e+00
-4.813182281644354799e-01
2.014900236722548588e+00
-6.352182511728619030e-01
-2.030040364450426349e+00
1.930727187571790182e+00
3.086865164735436151e-01
-1.030104325081560468e+00
-8.154472083201591559e-02
-1.665012724420803725e+00
-5.836782818742451973e-01
1.292056037992546758e+00
1.785445245451094287e+00
1.454651622077165918e+00
-1.096349471255997354e-02
1.884975307990770510e+00
2.548693932235874815e+00
1.406374209912226503e+00
3.610038971581991163e+00
8.298774577938132779e-01
-1.971503707012796536e+00
1.643338961014744637e+00
2.408874966632352232e-01
-8.980135996449741809e-01
1.363885696891939503e+00
-1.809016994374829768e+00
-2.083120083153223945e+00
1.125757279181422321e+00
7.030101515863915740e-01
8.977085289784163535e-01
5.072653942168593444e-01
-4.324134923380533735e-01
-1.342468808676646752e-01
-2.109112094564026818e-01
1.304545756217509345e+00
-4.111918273151992098e-01
-3.426447661840268388e+00
-1.237465597651694171e+00
-2.210094046554702985e+00
-2.719089936338423996e+00
9.121751621341469551e-01
-2.062434953241255808e+00
-3.318243384037258714e+00
4.886349125364762847e-01
-4.934407913806696522e-01
4.497955450666989430e-01
2.227724831957812235e+00
-5.150142105786239544e-01
-7.697792433764869546e-01
2.510182965493548690e-01
7.071067811865850983e-01
7.428349210478443210e-01
-9.532652183846690441e-01
-6.199062871357640114e-01
-1.288986486345495175e+00
-1.344526594624529059e+00
2.594834744109734359e+00
9.846527962192828110e-01
-6.974123327039364328e-01
2.441292273929304368e+00
6.414347638062527501e-01
1.378915371106965271e+00
4.798288401127097202e+00
1.192869624938927675e+00
-7.248557331061722397e-03
1.274116136085353457e+00
-2.686931393584901517e-01
6.934995017938009321e-01
8.834441716355594387e-01
-7.282747856253648511e-01
-1.473406387031325204e+00
-1.589038615447863956e+00
9.576301716669370911e-01
9.724222526281440793e-01
-2.946554125165908866e-01
1.451056516295188725e+00
-9.204289565641470272e-01
-1.091762987902024529e+00
2.872393237717846048e+00
-2.067172462239840192e-01
-1.687633718428286134e+00
-2.081652898559900322e-01
-3.435160937623895627e+00
-2.224930062176149193e+00
2.671063926390635501e-01
-2.065669043996939180e+00
-2.220271265727878696e+00
-1.843657531563744678e+00
-1.376731907073648120e+00
2.855726443340877996e-01
6.505097494006251146e-01
1.354164849444465579e+00
-4.630179158144237528e-01
-1.342277088230742654e+00
1.912735802539778263e+00
3.842378383108163153e-01
-4.540370489761177963e-01
1.346109926962935077e+00
-2.565060330568182945e+00
-1.951523664761946497e+00
1.969414100520337829e+00
-2.521790142718929317e-01
3.916428579583736691e-01
1.512518420884439774e+00
-5.556786407631904012e-01
1.456700668119989217e+00
3.215246984350463411e+00
2.677382892419099214e+00
1.813041141112667898e+00
3.292058439886547117e-01
1.110421236971908421e+00
6.422229448840582888e-01
3.748850403973148504e-01
1.913816322574253714e+00
-1.725300620415964881e+00
-2.436677074332019188e+00
1.084813626330880743e+00
-8.668924180244805822e-01
2.805670042924103269e-01
2.227636449167848198e+00
-1.748664931822435431e+00
-5.504202573799352738e-01
1.877518919317838986e+00
2.011363783655756299e-01
7.107696961100397059e-01
-3.090169943746964853e-01
-2.255348089310971194e+00
-1.983491936589968363e+00
-1.500239379270627227e+00
-3.213702493227136303e-01
-2.024230969861586349e+00
-3.181227619147665830e+00
-9.382311220726033962e-01
-2.071581011620726276e+00
-4.015140695867162046e-01
2.655637068723600613e+00
-1.243879174436039570e+00
-8.856104353251196271e-01
1.656049597020977426e+00
-7.071056594355186187e-01
1.185311321621609126e+00
1.758898987994324203e+00
-1.977776315739236956e+00
-1.319844163918211688e+00
-3.359093720623173018e-01
-9.030805094989768911e-02
7.380298726030239953e-01
7.616146265915657576e-02
3.564800108981434068e-01
-1.539815762577235736e-01
1.161578392772179003e+00
4.220989334166717732e+00
1.614994260366674705e+00
1.057340823279899533e+00
2.561540258011109295e+00
-6.550729280791189879e-01
1.264933521514887582e+00
3.139265610808431362e+00
-1.382585837547874563e+00
-9.649270728566194943e-01
-2.163778782482749519e-01
-1.813117265484983420e+00
7.494089541626068884e-01
1.134451444373691054e+00
-5.374341753826130663e-01
-5.666678748908866581e-01
-2.369398836176891399e-01
1.471869041959024127e+00
9.212797240648391561e-01
1.700866372524565406e-01
4.344553676979219237e-01
-2.884248308452859177e+00
-1.786326719960122489e+00
8.842018675447509413e-01
-2.649515572575362743e+00
-2.000000000000070166e+00
-1.161889624059718518e+00
-4.158922826958892038e+00
-6.860428448962507808e-01
1.357961737964990423e+00
-1.011974505045965644e+00
6.722854380105780514e-02
-1.125541564890213397e-01
-3.995068050805294924e-01
1.256244462394819017e+00
1.263558835677450531e+00
7.373967172644981805e-01
-1.480432063851988556e+00
-1.556250154845203237e+00
7.496681252843393484e-01
-8.161682304048243353e-01
2.832693236640060341e-01
1.347267727369675816e+00
-2.310843004556381697e+00
5.256941787109694619e-01
3.366184482985713267e+00
8.902259692903997657e-01
2.842290300176080198e+00
2.370807305954487632e+00
-5.240138307227125702e-01
1.916105144403138283e+00
2.376806299234584863e+00
9.052918264645640756e-01
2.605754213447007972e-01
-1.158971261851407641e+00
-8.222677617209199763e-01
-7.523830439859062746e-01
3.649976668351682108e-01
1.403995960679009114e+00
-1.809147273567498271e+00
-6.997286833809798212e-01
1.608494001274423990e+00
-5.701390457821252644e-01
1.854205280974013270e+00
1.776179300157236352e+00
-2.838726344069036678e+00
-6.852605608131957515e-01
1.972753262439164157e-02
-1.998099209635659124e+00
-4.255476808778515529e-01
-1.936396988452336210e+00
-3.622001296771539813e+00
-2.057430837607578500e+00
-8.794304618143644614e-01
2.900422067388216396e-01
-6.909830056251885511e-01
-8.193640110172776270e-01
3.833563368236885260e-01
-8.849232341816821723e-01
1.631325761068147306e+00
2.620379369349984167e+00
-1.787710129868905984e+00
-3.809604244615438784e-01
2.507588840834996669e-01
-2.063307327450087492e+00
1.351069335205007160e+00
8.447174254687292994e-01
-2.275700891152634853e+00
4.082902760641404782e-02
7.075588048103679251e-01
1.196612642289722528e+00
2.816242471685349358e+00
1.924913200172938321e+00
1.316303286668636385e+00
6.579567084753584760e-01
1.938402908980184858e+00
3.188580388106691643e+00
1.901963337344861893e-01
3.521828443282715715e-01
1.476033350493096696e-01
-2.695956628525686405e+00
9.030294951299284723e-01
1.513978667578258275e+00
-2.117905673233860142e+00
1.561491381330422090e-01
-1.350562481979313834e-01
-1.177617865315008228e+00
2.378626962774010867e+00
1.524781045964807014e+00
-5.852549131167175123e-01
-4.785774757065001106e-01
-9.457308152880221641e-01
-2.378327689539720957e-01
-7.096299205945559851e-01
-1.115791951536379667e+00
-1.778113330408386705e+00
-4.265527426327823335e+00
-1.551183930432377789e+00
2.240054364501516959e-01
-2.182085176453977038e+00
2.496443345528988056e-01
-2.892887082360005024e-01
-2.571738471152007488e+00
1.937721859694224280e+00
2.000733670398588515e+00
-4.510565162952099305e-01
9.518556978376498945e-01
-8.220898482211124181e-01
-1.350989905118573864e+00
7.488650979895161708e-01
4.000013874686196846e-01
-2.856389098447376096e-01
-1.517737989915206809e+00
-6.577347590008363332e-01
1.182541262751136690e+00
6.040782630610350701e-01
2.795066163487197386e+00
2.313108723768409369e+00
-8.752579051742691574e-01
2.595862031580821405e+00
3.011795588655279410e+00
5.666555690365600029e-01
2.835141298956898925e+00
1.894144049902126148e-01
-2.335669104782545080e+00
8.667612140340726912e-01
3.470685279818199742e-01
-4.684774514263481682e-01
2.414285470282795387e-02
-1.273067211105825880e+00
-7.071067811864915065e-01
2.792139935085864444e-01
1.698901607058221686e+00
1.603397949140907386e+00
-1.285806873594159905e+00
2.796983552365733816e-02
2.342751520534532839e-01
-1.662702113745833543e+00
1.180514417784201520e+00
-9.455128897247266906e-01
-4.565405514595520131e+00
-1.255687466349274306e+00
-1.712936449398478445e+00
-2.268512751055719256e+00
6.386300556842354759e-01
-1.467002571831208080e+00
-2.218393879610269348e+00
1.751464666635633716e-01
7.685406991473392457e-01
1.446327187808160719e+00
5.661396053456542177e-01
-5.753501152016349263e-02
-3.096504181348619378e-01
-1.276089683588452317e+00
1.425919797832257752e+00
8.090169943749461190e-01
-2.444190410726565066e+00
5.205472785300124805e-02
-5.415422632291730931e-01
-1.147333006554984713e+00
3.409493090888076949e+00
1.560373008516261040e+00
-3.988834704083382143e-01
2.369739782696243857e+00
1.449727101453054168e+00
1.958807066414926412e+00
3.347026711976455626e+00
1.098635830081089226e+00
-1.708805694233928030e-01
-6.318978670387901397e-01
4.117460081801834759e-01
8.961027880932422862e-01
-9.802184093184496128e-01
-6.245549461617420917e-03
-1.043804453698238710e+00
-2.179908777684574694e+00
2.327928275293110971e+00
1.407013997443706810e+00
-9.638185737325747349e-01
1.529812397796403101e+00
-8.252912948852551001e-01
-1.232606626952795104e+00
2.096021638043388258e+00
-5.506376208930712224e-01
-2.255268014378066788e+00
-1.829960812492244626e+00
-2.801419844070590859e+00
-1.627344974990238002e+00
-9.697176549630542874e-01
-9.069895622592796247e-01
-1.609421852727244140e+00
-2.619358688880968788e+00
6.256031659962559832e-01
1.150321610767417013e+00
-2.046648404461315351e-01
2.109552041097123798e+00
-5.976701105106130285e-01
-2.000036981841301742e+00
2.227298205779272955e+00
2.668150911905242673e-01
-1.070519572634953231e+00
5.872785880295678940e-01
-2.114527137694839798e+00
-1.263830157767702023e+00
1.661681799592344078e+00
1.087785252292511107e+00
1.008898850862938179e+00
5.694412720583055254e-01
1.178219691822451232e+00
2.188549677436866681e+00
2.036931422416805137e+00
3.549872828767218547e+00
1.132009334013796886e+00
-1.358979282062914073e+00
1.701812291661173315e+00
2.643826606159924153e-01
-6.996042437903968736e-01
1.785629401696690710e+00
-1.962888243328124949e+00
-2.452429620290299095e+00
1.350922968839634031e+00
9.915206893821304490e-02
5.936002456921096737e-01
1.313904449660361129e+00
-8.711272087503070249e-01
-3.214588755553819954e-01
6.202451118871308289e-01
1.047598793919472859e+00
-9.167341481787594226e-02
-2.459032891631011353e+00
-1.479089119954287268e+00
-2.294109702668634121e+00
-2.502595664139200426e+00
6.994607066726074018e-01
-2.227293593762918356e+00
-3.496657879897717258e+00
2.791806104178270465e-01
-1.139831540958671452e+00
7.087894401729458171e-02
2.720352479544013491e+00
-8.253808391687490476e-01
-8.890189077389677452e-01
9.539588192788885923e-01
2.043095857531924686e-01
8.165144309264804612e-01
1.387352818852943814e-02
-1.104671800189936492e+00
-1.465949417164075896e+00
-1.096732456617065310e+00
1.815793845291130637e+00
7.802559318978453673e-01
-5.503719542894753847e-01
1.998456423539673565e+00
2.683304454543937179e-01
1.248556190539734878e+00
