5.000000000000000000e+00
1.055274873693321069e+00
1.026497930952754212e+00
1.195210633524966148e+00
-1.305217894655187116e+00
8.260229269513974515e-01
5.585719277271306016e-01
4.918587535004648181e-02
-1.599655877039039664e+00
-1.010611298984835926e+00
-8.464490749410272796e-01
-1.290615869733379162e+00
2.902339572797512535e+00
-2.108034284238224920e-03
-4.713410001780793390e-01
6.534991020433533748e-01
-2.918779232615203778e+00
-2.994101734392214942e-01
-1.826803861817731800e-01
-1.354914340075427770e+00
-1.665337024453057424e+00
-2.441184389387722309e+00
-2.038202302796805476e+00
-2.192936279793614496e+00
1.813678603214113005e+00
6.979402348481564822e-01
1.484943227388231257e-01
2.410675207933316688e+00
-1.316553277846742365e+00
1.386028826838445305e+00
2.515818931092908883e+00
5.326115845282026751e-01
1.451485320707498250e+00
-5.034314365614958042e-01
-9.361320015628238345e-01
-9.806548341278893410e-01
1.528241028014936109e+00
1.473425803954084401e+00
4.179533180822354588e-01
2.708743890524929920e+00
-1.026422210415247172e+00
7.702896259015853397e-01
2.789713516775248259e+00
-4.298878951366313927e-02
1.704408807395632497e+00
-7.416450988928633414e-01
-2.539133366337912090e+00
-2.176146844943504632e+00
-1.414535453732589598e+00
-7.332109539300664114e-01
-1.680881290507837633e+00
2.578443076068901441e-01
-2.591017207866919581e+00
-1.562019260414138966e+00
1.708376311648009072e+00
-8.777037687235627050e-01
1.925187173309516275e+00
4.999373555605207686e-01
-2.187854376231201048e+00
-7.534008014023548805e-01
-1.138706628290129030e+00
-6.876025479946490382e-02
-2.299748187711537772e-01
8.221750158126582830e-01
-1.009570396994235342e+00
-9.678945021400868765e-01
2.685293073890070215e+00
5.581503663618472277e-01
3.521202634404633436e+00
3.341511371746778813e+00
-4.186299236983390681e-01
1.529068980877370532e+00
8.073508776992710523e-02
3.875775245034405181e-01
9.370781195516719730e-01
3.072036928839226855e-01
-1.154284121734245883e+00
-2.324769748758566568e+00
4.243308721904588410e-01
-1.200993957507658472e+00
1.200266344331748058e+00
2.342321650629636043e+00
-1.890101509310138539e+00
4.388031383772782457e-01
-1.003796964153541360e+00
-1.465172449611833017e+00
5.634978523752666169e-01
-1.006000687079385170e+00
-1.866302681186661871e+00
-3.158814835658582343e+00
-1.595737170308512809e+00
-2.117297248396715847e+00
-1.490758680896814292e-01
2.366134262595649851e+00
-1.306396601187810091e+00
1.245549695378829647e+00
7.116213599615729413e-01
-4.300819523052439863e-01
3.177136401841548441e+00
1.315396189495688262e+00
6.180339887498860207e-01
-2.963213721488998642e-01
-6.842169482102089528e-01
-6.889314847452407964e-01
2.962956025538013849e-01
2.844150267048644487e+00
-3.167384753342308290e-01
1.311804433060869357e+00
1.318072987992320755e+00
-9.209839035505305027e-01
3.362003075699164789e+00
1.576795223033092608e+00
4.431060464624920203e-01
3.115764385011655091e-01
-2.096139159323834544e+00
-1.995515112711149008e+00
-1.676909169752495155e+00
1.507969526126688442e-01
-1.948215518003463487e+00
-1.328512731114217083e+00
-6.737769932545741858e-01
-3.275312697940350404e+00
1.432929453631410111e+00
9.009142536652887667e-01
-2.060300818896832753e-01
1.414213562373089150e+00
-1.825898057517553408e+00
-1.457798656908636303e+00
-7.501621656987617071e-01
1.651810163353067407e-01
-4.122198511691814171e-01
-5.738196518221634346e-01
2.527172458345658956e-01
-2.329179942705450923e+00
1.808276020910925430e+00
2.532773893022350009e+00
1.176681998506991178e+00
4.099003695880812259e+00
4.669071463724143722e-01
2.655109430894656564e-01
1.437604983754477317e+00
7.340284810921756664e-01
1.048649613176155349e+00
9.522236230654623768e-03
-1.626986981586967529e-01
-2.809522093826671174e+00
-4.035481707527732720e-01
9.380331372741470553e-01
-7.955319494571237993e-01
2.724349538372448087e+00
-5.335309826646765785e-01
-1.510932237021032964e+00
6.435029019691296259e-01
-1.127793923605965087e+00
1.718801832474688984e-01
-5.252896964120545853e-01
-1.618855521440297762e+00
-3.427121991888799624e+00
-2.486466448288035203e+00
-6.116572950813289333e-01
-1.925690081533131259e+00
1.902227174012154798e+00
7.488817401645961325e-04
-1.457638913752102194e+00
1.930061481215909147e+00
-9.889273613413884778e-02
1.923124275123234028e+00
2.470904512525101016e+00
3.939289075747144375e-01
-4.528901425189846286e-01
-9.393147685981680928e-01
3.849610277265368419e-01
-5.915305324840499646e-01
2.296134730212306962e+00
1.296192617433151728e+00
-1.138457568438810963e+00
2.337938379919400678e+00
2.904010948996105235e-02
1.675300140261788417e+00
3.493403991046034829e+00
3.226464775171390409e-01
1.216901436628914368e-01
-1.337034793011719902e+00
-1.357340574449687143e+00
-1.743247798171915885e+00
-1.998842501159373564e-01
-4.675299789839335585e-01
-3.348081570568322896e+00
-3.089523786461345622e-01
-2.151493965389763119e+00
-9.625734473712063144e-01
2.629569543540309695e+00
-5.315081811501041198e-01
2.879534739263880372e-01
-6.461228121024202853e-01
-1.734882730697012931e+00
-7.681395357410717439e-01
-3.252593124968949923e-03
3.912279780347263092e-01
-2.062297906477939868e+00
-1.521005543736464460e-14
-1.168260771311008028e+00
-7.793426908073999293e-01
3.917850179951354317e+00
1.141191621161701253e+00
2.273580296170389481e+00
2.237561004294732037e+00
-2.928534848507742261e-01
1.523567903576152016e+00
1.513847756340771955e+00
1.537416943198159913e+00
-3.725043423771614570e-01
-2.163491831439385282e-01
-1.380675864033113598e+00
-2.294894927811467422e+00
2.142567033454042758e+00
-1.705574613081126678e-01
5.215987314033697642e-01
1.524966334519046729e+00
-2.150098142515508126e+00
2.464815756576427264e-01
3.601083591751645940e-01
-6.510392288211647172e-02
-4.692258148726525802e-01
-1.611446153660082814e+00
-2.549169821670067115e+00
-3.869285150893906788e+00
-1.070395151064853501e-01
-1.201604944040692624e+00
-7.707479456691375130e-01
1.560029262294973407e+00
-2.286862721489340444e+00
4.935793359141049663e-01
1.667084175109404987e+00
8.885173773679495568e-01
2.457734925543160642e+00
7.486470331967083336e-01
-2.805729577705621258e-01
-1.496772157034155892e+00
6.867491384964798939e-01
4.322468878396436009e-01
1.273229737216173829e-01
2.670295849516933107e+00
-1.363802331153054936e+00
5.055799527467357279e-01
2.342139159549079253e+00
6.307191830869128824e-01
3.455206828731669955e+00
1.564986202810049409e+00
-2.208314101722231859e-01
-1.000000000000045963e+00
-8.295178497502846415e-01
-6.682197706299389806e-01
-1.462939610445411764e+00
5.650907830281785005e-01
-3.078388264918437756e+00
-2.474708621805229658e+00
3.177859628453949536e-02
-2.100257324576972451e+00
1.803440303944902290e+00
1.025690367003232684e+00
-1.086169099525218673e+00
-3.806955582737470145e-01
-1.292003906502549260e+00
-5.229342634496522146e-01
-6.480808206111999814e-01
7.865387027163912581e-01
-1.717344365996186450e+00
-2.221426170299781067e+00
5.222802686194292221e-01
-1.685610301353659191e+00
2.403426447103475638e+00
3.042068638772317257e+00
4.074906933481251547e-01
2.344400128870983924e+00
6.470567890797235266e-01
1.138448159612661215e+00
1.874525754470250272e+00
2.014157668455387462e+00
2.817788604392307272e-01
-1.521329555155091384e+00
1.691752911222769162e-01
-2.330779205946312160e+00
6.129391668499193369e-01
2.168031374520301036e+00
-1.179059685250574141e+00
1.309440244714765500e+00
-6.179030812478892853e-01
-8.974020498324200013e-01
1.201255504363679893e+00
4.468124594309565989e-01
-2.584650337592822034e-01
-2.189206992622152903e+00
-1.661682762285443982e+00
-3.624867615920263297e+00
-1.776200521840774371e+00
7.685374683316685829e-01
-2.409347418479117042e+00
4.540683604175445032e-01
-6.818936423578165762e-01
-1.618033988749899343e+00
2.212951517533610524e+00
1.385044919592467227e+00
1.718305905512345966e+00
7.932716155077493836e-01
4.622687969317280932e-02
-1.152687691030363393e+00
-4.886769036289294599e-01
2.119488978445844829e+00
-7.609116586271071903e-01
1.337336076542690266e+00
6.764677306734806495e-01
-1.615102964526098361e+00
2.802177699533614508e+00
1.818195595225990946e+00
2.164458751573283379e+00
2.456071555598389189e+00
1.414799790605086871e-01
-6.528672409509055363e-01
-9.959216769648528977e-01
7.490071124409829473e-01
-1.493561902638449901e+00
-6.464210726989131350e-01
-9.481998307329082554e-01
-4.332256180440652749e+00
-3.711293614621158365e-02
-5.366344263895139743e-01
-3.227628417965942020e-01
1.904702043989823679e+00
-9.790441908805261884e-01
-9.978515536590900625e-01
-9.877279072569493668e-01
3.008531226944094472e-02
-5.849234407395031976e-01
-3.661996719891111862e-01
-1.517737309944742208e-01
-3.750273422585946648e+00
-2.035528846395159297e-01
7.463148359964347223e-02
-1.618596646730775523e-01
3.678303441620798253e+00
7.121459314409317454e-01
8.394012530312279230e-01
1.596639646646812238e+00
1.343274940071089718e+00
2.066316181963595788e+00
1.722316426742011242e+00
1.576335445504939869e+00
-2.066574256387633479e+00
-4.323312288084253940e-01
-8.450300608510363798e-02
-1.430237615233719950e+00
2.772835438932891972e+00
-1.552858035995619002e-01
-7.515972360918192763e-01
8.134686369701020769e-01
-7.787091661718597013e-01
9.977241670407416274e-01
9.507187653904272118e-01
3.587602123765999962e-01
-2.289163566884651946e+00
-2.252733564129526300e+00
-1.702626372553050604e+00
-3.409717849531895606e+00
7.830281062614992127e-01
-1.163679681164886848e+00
-2.329959033490778264e+00
4.121363646706523998e-01
-1.744599536682889251e+00
9.238657697726303519e-01
2.271772822945619996e+00
1.437952953406478551e+00
5.744597725972951929e-01
-3.298841913938412862e-01
1.239090939282153636e-01
-1.414213562373106248e+00
1.908019045479012910e+00
8.867685946373498052e-01
-1.257227060530037299e+00
1.672178728198548292e+00
-1.185775978521837359e+00
9.784666131635588737e-01
3.440097808851773742e+00
1.766246625422147609e+00
2.198592182332207212e+00
6.264209008537531265e-01
1.364290545554188716e-01
-1.000862284850283279e+00
7.926131797182069949e-01
4.104273980068757766e-01
-2.510444492569051889e+00
-1.718047899180061844e-01
-3.317441366559010785e+00
-2.319050836332377408e+00
1.258146339664781177e+00
-8.480968101919821311e-01
8.588498042906195229e-01
-9.381584892924488273e-02
-1.293086541265521028e+00
-9.977905509900542036e-01
-1.165734175856414367e-14
6.278672763337254104e-01
-1.754065047423055912e+00
-1.845956959344857706e-02
-2.605817969951082169e+00
-2.786576180930430802e+00
1.581977182557052108e+00
-5.356519173537345191e-01
1.796141063346307520e+00
2.016808612037134463e+00
-1.568761897791295934e-01
1.418447326319450141e+00
1.790922315846795509e+00
2.667192485471029162e+00
1.256714088994530742e+00
1.715838916740548781e+00
-5.531276389803547744e-01
-2.324784210163160392e+00
1.466087289466007970e+00
-9.017036008537893110e-01
7.368999779253982974e-01
1.795077120661734194e+00
-1.737502383696334807e+00
3.513978603426949343e-01
3.947259306906111265e-01
8.683668117011407173e-01
1.057239680969493278e+00
5.315821967395426562e-01
-1.109614155332822483e+00
-3.528911069285095348e+00
-6.530236662595781949e-01
-2.467279838444932150e+00
-1.531300600442073501e+00
6.577102290274486895e-01
-3.398116831316471131e+00
-9.966799993174070282e-01
-3.410952192478162170e-01
-2.762711447779689911e-01
2.154030161943252253e+00
1.543786489515927229e+00
7.639439991187918499e-01
-1.115257083510955205e+00
5.998735789355644776e-01
-2.992139258580204797e-01
-1.263766701767555789e-01
2.566359619727626384e+00
-1.733508391414703809e+00
-1.530340519731855919e-01
8.147443102398500558e-01
-4.084979186626690462e-01
3.298915279257655708e+00
2.583365367598959850e+00
1.739809784122395842e+00
6.676440834712149552e-01
6.294042768448363523e-01
2.442653245631243308e-01
-3.171021957701084526e-01
1.997525036650110941e+00
-2.124074427729244707e+00
-2.025672348482855156e+00
-9.578071922137879612e-01
-3.537495052511468341e+00
6.957979148941018099e-01
5.251531413270984494e-01
-5.427863449183785161e-01
1.714748592429454765e-02
-1.061341911649140268e+00
-6.311064616920091241e-01
-6.456724492801577675e-01
1.448311266865185187e+00
-1.240970951595366634e+00
-2.027916046453055454e+00
-6.325004677262272557e-01
-3.815975147531022849e+00
3.245036713083708224e-01
1.204172797742274037e+00
-2.887935811912319961e-01
1.892485101552035420e+00
1.977386080651662992e-01
8.085058879533503218e-01
1.790918063511547142e+00
3.119496792945344765e+00
1.910527220567602047e+00
3.496703643258952665e-01
1.243723152531043041e+00
-2.463153206975377874e+00
2.456282304309366782e-01
1.574684898557588530e+00
-1.024871857489697113e+00
1.690035830762155467e+00
-6.114881799016467223e-01
-9.201519786817788926e-01
1.029617352098983529e+00
1.282837859518518808e+00
1.410556741331281838e+00
-8.977382158200575279e-02
1.094079285402891344e-01
-3.187477851811209906e+00
-1.923264363132825450e+00
-4.925613770806136493e-03
-3.000000000000000000e+00
-4.925613770877079745e-03
-1.923264363132674903e+00
-3.187477851811197471e+00
1.094079285400009205e-01
-8.977382158194258110e-02
1.410556741331255193e+00
1.282837859518401569e+00
1.029617352099288397e+00
-9.201519786817857760e-01
-6.114881799017791719e-01
1.690035830762272262e+00
-1.024871857489746629e+00
1.574684898557558554e+00
2.456282304310210274e-01
-2.463153206975355225e+00
1.243723152530903597e+00
3.496703643259236882e-01
1.910527220567550977e+00
3.119496792945178232e+00
1.790918063511937719e+00
8.085058879533416620e-01
1.977386080649476963e-01
1.892485101552184190e+00
-2.887935811913627804e-01
1.204172797742259382e+00
3.245036713087167124e-01
-3.815975147530992651e+00
-6.325004677264391972e-01
-2.027916046453027032e+00
-1.240970951595471661e+00
1.448311266865073055e+00
-6.456724492800645088e-01
-6.311064616919861425e-01
-1.061341911649336556e+00
1.714748592447856712e-02
-5.427863449184596734e-01
5.251531413271827153e-01
6.957979148941219050e-01
-3.537495052511578919e+00
-9.578071922136023320e-01
-2.025672348482961738e+00
-2.124074427729266468e+00
1.997525036649869801e+00
-3.171021957700329574e-01
2.442653245632281367e-01
6.294042768445609060e-01
6.676440834714164607e-01
1.739809784122201775e+00
2.583365367598994045e+00
3.298915279257716548e+00
-4.084979186628761028e-01
8.147443102399729575e-01
-1.530340519731773763e-01
-1.733508391414560368e+00
2.566359619727585084e+00
-1.263766701769597489e-01
-2.992139258580049921e-01
5.998735789355434944e-01
-1.115257083510724945e+00
7.639439991185544843e-01
1.543786489515781568e+00
2.154030161943458310e+00
-2.762711447777988494e-01
-3.410952192479499434e-01
-9.966799993171251426e-01
-3.398116831316789987e+00
6.577102290272043295e-01
-1.531300600441596549e+00
-2.467279838445119999e+00
-6.530236662596283770e-01
-3.528911069284981661e+00
-1.109614155333243035e+00
5.315821967394408487e-01
1.057239680969550566e+00
8.683668117010758802e-01
3.947259306906909515e-01
3.513978603431422432e-01
-1.737502383696470698e+00
1.795077120661415560e+00
7.368999779256336646e-01
-9.017036008539499603e-01
1.466087289466128540e+00
-2.324784210162699871e+00
-5.531276389808540417e-01
1.715838916740258124e+00
1.256714088994718148e+00
2.667192485470892827e+00
1.790922315846895430e+00
1.418447326319683954e+00
-1.568761897793575777e-01
2.016808612037080728e+00
1.796141063346565758e+00
-5.356519173538921708e-01
1.581977182557154471e+00
-2.786576180930245616e+00
-2.605817969951306434e+00
-1.845956959359679184e-02
-1.754065047422892487e+00
6.278672763335587659e-01
4.440892098500626162e-16
-9.977905509898030711e-01
-1.293086541265846989e+00
-9.381584892927874453e-02
8.588498042908315755e-01
-8.480968101921291247e-01
1.258146339665032976e+00
-2.319050836332242405e+00
-3.317441366559097382e+00
-1.718047899180272786e-01
-2.510444492568997710e+00
4.104273980068834371e-01
7.926131797182383032e-01
-1.000862284850149164e+00
1.364290545552584444e-01
6.264209008537139356e-01
2.198592182332304468e+00
1.766246625421823868e+00
3.440097808851954042e+00
9.784666131639225828e-01
-1.185775978521855345e+00
1.672178728198582487e+00
-1.257227060529999552e+00
8.867685946370913452e-01
1.908019045479150355e+00
-1.414213562372833355e+00
1.239090939281580761e-01
-3.298841913939393189e-01
5.744597725972283575e-01
1.437952953406270273e+00
2.271772822945632431e+00
9.238657697728203111e-01
-1.744599536682808871e+00
4.121363646707393302e-01
-2.329959033490746734e+00
-1.163679681165192825e+00
7.830281062615481735e-01
-3.409717849531648248e+00
-1.702626372553227352e+00
-2.252733564129429045e+00
-2.289163566884711454e+00
3.587602123761574613e-01
9.507187653905471159e-01
9.977241670409386920e-01
-7.787091661719822699e-01
8.134686369701118469e-01
-7.515972360919889184e-01
-1.552858035996775854e-01
2.772835438932955476e+00
-1.430237615233532322e+00
-8.450300608520044943e-02
-4.323312288085298105e-01
-2.066574256387639252e+00
1.576335445504686739e+00
1.722316426741989481e+00
2.066316181963739229e+00
1.343274940070874557e+00
1.596639646647214361e+00
8.394012530310897002e-01
7.121459314406870522e-01
3.678303441620817349e+00
-1.618596646731655930e-01
7.463148359994435654e-02
-2.035528846394950020e-01
-3.750273422585930216e+00
-1.517737309946358693e-01
-3.661996719893619856e-01
-5.849234407392100987e-01
3.008531226942248726e-02
-9.877279072567536344e-01
-9.978515536591632262e-01
-9.790441908807703264e-01
1.904702043989963567e+00
-3.227628417967179364e-01
-5.366344263894248234e-01
-3.711293614614163960e-02
-4.332256180440630544e+00
-9.481998307328655118e-01
-6.464210726990040623e-01
-1.493561902638282701e+00
7.490071124408517189e-01
-9.959216769647071255e-01
-6.528672409507633168e-01
1.414799790603427088e-01
2.456071555598529521e+00
2.164458751573222983e+00
1.818195595226119954e+00
2.802177699533693556e+00
-1.615102964525933604e+00
6.764677306731905482e-01
1.337336076542864571e+00
-7.609116586272565153e-01
2.119488978445687621e+00
-4.886769036284048240e-01
-1.152687691030365613e+00
4.622687969274710124e-02
7.932716155075871800e-01
1.718305905512222953e+00
1.385044919592300250e+00
2.212951517534140766e+00
-1.618033988749675967e+00
-6.818936423583180639e-01
4.540683604178026300e-01
-2.409347418479200087e+00
7.685374683315785438e-01
-1.776200521840252566e+00
-3.624867615920319253e+00
-1.661682762285614956e+00
-2.189206992622243941e+00
-2.584650337595372216e-01
4.468124594307859576e-01
1.201255504363904381e+00
-8.974020498321515493e-01
-6.179030812481557389e-01
1.309440244715005530e+00
-1.179059685250742451e+00
2.168031374519893806e+00
6.129391668505563828e-01
-2.330779205946228672e+00
1.691752911221438005e-01
-1.521329555154945057e+00
2.817788604390044638e-01
2.014157668455269334e+00
1.874525754470508954e+00
1.138448159612700294e+00
6.470567890797134236e-01
2.344400128871079847e+00
4.074906933480344495e-01
3.042068638772363887e+00
2.403426447103617303e+00
-1.685610301353501761e+00
5.222802686193228627e-01
-2.221426170299602987e+00
-1.717344365996261946e+00
7.865387027161376832e-01
-6.480808206108390479e-01
-5.229342634496360054e-01
-1.292003906502672494e+00
-3.806955582735093158e-01
-1.086169099525535975e+00
1.025690367003077696e+00
1.803440303945122114e+00
-2.100257324576834783e+00
3.177859628470447451e-02
-2.474708621805226993e+00
-3.078388264918564765e+00
5.650907830280093025e-01
-1.462939610445247673e+00
-6.682197706298089734e-01
-8.295178497503116199e-01
-1.000000000000003775e+00
-2.208314101724042633e-01
1.564986202809828475e+00
3.455206828731869351e+00
6.307191830867676652e-01
2.342139159549107230e+00
5.055799527470139498e-01
-1.363802331153128877e+00
2.670295849516810538e+00
1.273229737217358437e-01
4.322468878395714365e-01
6.867491384963916312e-01
-1.496772157033983586e+00
-2.805729577707587463e-01
7.486470331965353608e-01
2.457734925543216153e+00
8.885173773677926823e-01
1.667084175109432742e+00
4.935793359141079084e-01
-2.286862721489305361e+00
1.560029262295047126e+00
-7.707479456689467767e-01
-1.201604944040714829e+00
-1.070395151067811135e-01
-3.869285150893785552e+00
-2.549169821670189684e+00
-1.611446153660147207e+00
-4.692258148724700040e-01
-6.510392288243860293e-02
3.601083591751994550e-01
2.464815756576785866e-01
-2.150098142515646238e+00
1.524966334519071598e+00
5.215987314032809463e-01
-1.705574613079205992e-01
2.142567033453994796e+00
-2.294894927811433227e+00
-1.380675864033177103e+00
-2.163491831442092561e-01
-3.725043423768972795e-01
1.537416943197855268e+00
1.513847756340765294e+00
1.523567903576357185e+00
-2.928534848511424871e-01
2.237561004294878586e+00
2.273580296170315762e+00
1.141191621161584679e+00
3.917850179951378742e+00
-7.793426908073755044e-01
-1.168260771310972501e+00
6.117328865684612538e-14
-2.062297906477656539e+00
3.912279780345816471e-01
-3.252593125155356368e-03
-7.681395357408706825e-01
-1.734882730697198783e+00
-6.461228121022948301e-01
2.879534739263281962e-01
-5.315081811501699560e-01
2.629569543540342114e+00
-9.625734473711724526e-01
-2.151493965389535745e+00
-3.089523786463126420e-01
-3.348081570568095522e+00
-4.675299789842850551e-01
-1.998842501156735674e-01
-1.743247798171960072e+00
-1.357340574450087267e+00
-1.337034793011706579e+00
1.216901436629936883e-01
3.226464775167799948e-01
3.493403991046008183e+00
1.675300140262165005e+00
2.904010948973245743e-02
2.337938379919524579e+00
-1.138457568438545398e+00
1.296192617432703198e+00
2.296134730212699537e+00
-5.915305324835816725e-01
3.849610277263511016e-01
-9.393147685980742789e-01
-4.528901425189225671e-01
3.939289075743028778e-01
2.470904512524998875e+00
1.923124275123530680e+00
-9.889273613425819676e-02
1.930061481215974206e+00
-1.457638913751804211e+00
7.488817399980418621e-04
1.902227174012159905e+00
-1.925690081532878573e+00
-6.116572950813798926e-01
-2.486466448287870890e+00
-3.427121991888834707e+00
-1.618855521440538681e+00
-5.252896964121640533e-01
1.718801832475681524e-01
-1.127793923606148940e+00
6.435029019694042951e-01
-1.510932237020988556e+00
-5.335309826648810816e-01
2.724349538372607071e+00
-7.955319494570027850e-01
9.380331372739496576e-01
-4.035481707524612993e-01
-2.809522093826621880e+00
-1.626986981588490755e-01
9.522236230697589399e-03
1.048649613176283468e+00
7.340284810918138447e-01
1.437604983754696253e+00
2.655109430894277978e-01
4.669071463723024618e-01
4.099003695880877984e+00
1.176681998507028482e+00
2.532773893022175038e+00
1.808276020911325110e+00
-2.329179942705473128e+00
2.527172458342494821e-01
-5.738196518221898579e-01
-4.122198511689609823e-01
1.651810163350919403e-01
-7.501621656985345554e-01
-1.457798656908655843e+00
-1.825898057517809425e+00
1.414213562373044963e+00
-2.060300818895411112e-01
9.009142536650351918e-01
1.432929453631502037e+00
-3.275312697940255369e+00
-6.737769932546487928e-01
-1.328512731114272594e+00
-1.948215518003373781e+00
1.507969526126084481e-01
-1.676909169752357265e+00
-1.995515112711088168e+00
-2.096139159323954892e+00
3.115764385011455806e-01
4.431060464621814909e-01
1.576795223033013116e+00
3.362003075699281140e+00
-9.209839035505335003e-01
1.318072987992357170e+00
1.311804433060985708e+00
-3.167384753342106229e-01
2.844150267048493497e+00
2.962956025539582594e-01
-6.889314847452806534e-01
-6.842169482105437961e-01
-2.963213721485517538e-01
6.180339887496891782e-01
1.315396189495543711e+00
3.177136401841620383e+00
-4.300819523053216464e-01
7.116213599616428853e-01
1.245549695378886268e+00
-1.306396601187835849e+00
2.366134262595590343e+00
-1.490758680897042998e-01
-2.117297248396357467e+00
-1.595737170308895170e+00
-3.158814835658407816e+00
-1.866302681186734258e+00
-1.006000687079535050e+00
5.634978523755179713e-01
-1.465172449611879868e+00
-1.003796964153633287e+00
4.388031383772853511e-01
-1.890101509310264438e+00
2.342321650629874519e+00
1.200266344331619939e+00
-1.200993957507391574e+00
4.243308721903366054e-01
-2.324769748758573229e+00
-1.154284121734237889e+00
3.072036928836840985e-01
9.370781195517526863e-01
3.875775245034178695e-01
8.073508776989302138e-02
1.529068980877592132e+00
-4.186299236985978611e-01
3.341511371746958226e+00
3.521202634404400289e+00
5.581503663619360456e-01
2.685293073890105742e+00
-9.678945021400213733e-01
-1.009570396994174946e+00
8.221750158125535890e-01
-2.299748187710008995e-01
-6.876025479947878161e-02
-1.138706628290124367e+00
-7.534008014021730260e-01
-2.187854376231300080e+00
4.999373555599993524e-01
1.925187173309981903e+00
-8.777037687236146635e-01
1.708376311647996859e+00
-1.562019260413817001e+00
-2.591017207867105654e+00
2.578443076067763462e-01
-1.680881290507571846e+00
-7.332109539301280288e-01
-1.414535453732507664e+00
-2.176146844943485537e+00
-2.539133366337941844e+00
-7.416450988930367583e-01
1.704408807395758174e+00
-4.298878951382600899e-02
2.789713516775231383e+00
7.702896259018197078e-01
-1.026422210415433245e+00
2.708743890524839770e+00
4.179533180824719363e-01
1.473425803953807733e+00
1.528241028015213887e+00
-9.806548341272707248e-01
-9.361320015630339997e-01
-5.034314365617195142e-01
1.451485320707586624e+00
5.326115845279206784e-01
2.515818931092864030e+00
1.386028826838851646e+00
-1.316553277846863823e+00
2.410675207933202113e+00
1.484943227390682630e-01
6.979402348481762441e-01
1.813678603214007312e+00
-2.192936279793403553e+00
-2.038202302796817023e+00
-2.441184389387846654e+00
-1.665337024452852255e+00
-1.354914340075761503e+00
-1.826803861818531161e-01
-2.994101734389826852e-01
-2.918779232615361430e+00
6.534991020433857933e-01
-4.713410001783157055e-01
-2.108034284269588721e-03
2.902339572797473899e+00
-1.290615869732913090e+00
-8.464490749409655512e-01
-1.010611298984817941e+00
-1.599655877038935969e+00
4.918587534979446119e-02
5.585719277270722039e-01
8.260229269516154993e-01
-1.305217894655506639e+00
1.195210633525108923e+00
1.026497930952482873e+00
1.055274873693234028e+00
