5.000000000000000000e+00
1.380147987604595894e+00
1.348007713398668317e+00
1.043801707012445679e+00
-9.534994882576484088e-01
-1.446917382310315858e+00
-1.544516979486759478e+00
1.206249946303025844e+00
-1.342447397754286786e+00
9.969693299676417597e-01
1.831836203166209431e+00
-1.009356061745238620e+00
-3.718471187503313846e-02
-9.984352647267126235e-01
-5.332614661840395787e-01
-2.582154027691286657e+00
-2.779449490311494131e-01
-2.790064958044552457e-02
-2.761886942516087906e+00
1.125320052955178785e-01
-1.481391590826715010e+00
-1.480985095324931944e+00
-1.284873355541411577e+00
7.553943899452715272e-01
1.291616159176483647e+00
1.296454733740892706e-01
3.903039948064360498e+00
9.032153978518280280e-01
1.363423358560836851e-01
3.580940781587385047e-01
-8.537917900300280305e-01
-9.652821347548272701e-01
-1.103022524561779960e+00
2.756596687302647730e+00
7.375261163039499301e-01
2.225418663949019660e+00
3.717248582358450015e+00
5.323557534636332855e-01
4.167476647850826277e-01
-1.024060510898934240e+00
-5.049514702426922685e-01
-2.979761235641690043e+00
-1.111022841117837556e+00
5.553605162918553440e-01
-2.206562377211970905e+00
5.022545701099589976e-01
-4.012058019319829638e-01
-8.200996002555177578e-01
-1.639254362753113536e+00
-3.511760371718483098e-01
2.787682579175019271e-01
-2.108690181659446328e+00
1.558217129473757678e+00
-3.297162430847077053e-01
-1.320314238421420372e+00
-5.751729875138814618e-01
-8.820307502689660462e-01
-4.777555219462402691e-01
-1.109985528506491681e+00
3.211084906665855332e+00
1.669451890397331884e+00
1.995659743078661785e+00
3.871754744644439583e+00
9.015075422697604868e-01
2.966884420464037664e-01
-1.209012810560309292e+00
6.578142956309029898e-02
-2.024621716618519418e+00
-5.525204211692427148e-01
2.480649394207013358e+00
-1.333386398926211802e-01
1.884744774150306057e+00
1.139315722209287118e+00
2.310504218817858446e-01
-1.734910055977570753e+00
-1.484317516735807807e+00
-4.557728400482984332e-01
-3.568858311253709115e+00
-9.529452756645029332e-02
-6.199188043235358547e-01
-1.584458323061146201e+00
-7.706152949496073434e-01
-7.404291276765870844e-01
-1.724762890204264432e-01
-1.959418142222297821e+00
1.960928531800893326e+00
8.569332732502029648e-01
6.320910533055468239e-02
2.242354494306887602e+00
1.057191970245300316e-01
-2.750509578172578573e-01
-1.581647054823021925e+00
6.631489036185833630e-01
-6.426464780641362173e-01
1.331924408411578331e-01
4.032464170957961613e+00
1.633453946758150810e+00
2.731914631711714225e+00
1.945955185037988366e+00
9.880801685893432218e-01
-1.500000000000011990e+00
-2.006590101651004598e+00
-2.623171156987258446e-02
-3.126253072739097583e+00
4.688406922967858215e-02
7.462838074939410760e-01
-2.121073617723314986e-01
7.201959101936639129e-02
-3.256398572465888375e-01
9.704353042889279912e-02
-3.103513952853437008e+00
-1.246764270576559142e-01
-5.881106963610767124e-01
-2.100371587028988518e+00
3.339430084424370726e-01
-7.068404610065501803e-01
-5.416192203164102992e-01
-1.905261903860246075e+00
7.637705468637984163e-01
7.782606358934132662e-02
-3.678103195811155413e-01
3.682486700729132423e+00
1.617449477652956880e+00
2.000497933338634127e+00
1.330674661247086998e+00
1.000000000000004219e+00
-1.076235462502693752e+00
-1.961935278607543687e+00
1.238003058486932373e+00
-1.333361203711500131e+00
1.259934711165169752e+00
2.730402175490191485e+00
1.731719599528324771e+00
1.242506387896313402e+00
5.085542385135777277e-02
5.189763221665615323e-01
-3.604665172246057647e+00
-1.563051162935903626e+00
-1.003122469030943931e+00
-2.689477225960068552e+00
-1.852104819383598722e-01
-3.947681267756986134e-01
1.620340810139613286e-01
-1.846506698655539624e+00
3.016418909041334584e-01
-1.192354608136584337e-01
-2.095780189637650892e+00
1.554569864661133005e+00
6.919131750261187097e-02
2.177326734135763830e-01
-1.420395219202110204e-01
5.042749081511774811e-01
-5.796236984948754944e-01
-1.879607651835359050e+00
2.139827525416190923e+00
1.473789618083125585e-01
1.774263033027235537e+00
3.496290221239228391e+00
2.609885475245191433e+00
1.697365171599936495e+00
-7.871987457450690950e-02
1.042292635259103095e+00
-3.020852833818446381e+00
-1.635494330189931178e+00
1.702601919532665264e-01
-1.296532287814601947e+00
9.459316113330745734e-01
9.880774510791988652e-01
1.661551802044015425e+00
-1.326914426414611548e+00
-3.632371377706681836e-01
-5.460614791651710043e-01
-3.773290234366711626e+00
-6.887223077159253526e-01
-1.324573578460449763e+00
-9.649703475690033505e-01
-1.097132844571848231e+00
2.113199075934442117e-01
5.381579656723523009e-02
-2.144310716581558474e+00
1.778052459606648927e+00
1.258837461393521595e-01
5.568984244379768800e-01
2.186248260153139444e+00
1.744367609428578714e+00
1.121548080170561068e+00
-8.092635897881381712e-01
1.422711223050933116e+00
-1.759411681112018844e+00
-9.519039720213372524e-01
1.842648926489415917e+00
6.826198978722261002e-01
2.359409230317313977e+00
2.159508194294471828e+00
2.965436118807681876e+00
-6.511065840316062614e-01
-8.566399744842737585e-01
-3.643041090791833136e-01
-4.038333058398471564e+00
-1.409283759903857014e+00
-1.118033988749915553e+00
-3.628505428220159534e-01
-6.224238835120410318e-01
5.678164770441783693e-01
9.262272498663073339e-01
-2.604476696237256306e+00
3.757198384804154578e-01
-1.054407631885631469e+00
-1.648365130756041186e+00
-2.030985097657665439e-01
5.965600771020884707e-02
3.113652329224901871e-01
-1.629151813923674030e+00
1.501908552193192081e+00
-6.228360019751431054e-01
-7.233144809074376624e-01
2.345405386995457864e+00
1.364326024970702989e+00
2.418810087846260171e+00
1.827570662582811867e+00
3.126943110997105979e+00
-2.100050756900739835e-01
-1.107859227095136845e+00
5.577433759487505638e-01
-2.729671197374704317e+00
-4.888090225484466034e-01
4.621256462571858847e-01
1.540639329299920313e+00
8.452780917430338103e-01
1.229644850932115840e+00
1.911846988519724899e+00
-2.770839421322283336e+00
-9.866018193204121323e-01
-1.959441297664795467e+00
-3.024946488597663574e+00
-1.715168200153149858e+00
-8.199735278887152479e-01
4.314400574058682158e-01
-1.810038014727712863e+00
1.364888828672895738e+00
-6.526092148060008702e-02
-1.519910730793564202e+00
1.048502221622931385e+00
1.444349899562688000e-01
8.503006468838929521e-01
4.664723878607168750e-03
2.147563568979854676e+00
-3.873301739259774057e-02
-1.275781466748497017e+00
1.550590561697842151e+00
-9.999999999999971134e-01
6.651992344683790304e-01
1.726913347134528376e+00
2.979310335820350986e+00
1.923356576861528833e+00
1.335616485459856895e+00
2.628046086738364817e+00
-2.330287400755289617e+00
-1.402800196133635602e+00
-1.520542314823718932e+00
-2.435908270318308144e+00
-1.255055881319911748e+00
-1.716423546103443831e-01
1.820202947534826698e+00
-1.102213966928250022e+00
1.191825920057437038e+00
1.087301761295402236e-01
-2.733928180419305853e+00
-1.036802493039246764e+00
-1.780554206123333039e+00
-9.523793670692461966e-01
-1.892587774128376754e+00
1.006171516373212782e+00
2.701801984089688968e-01
-1.448017095034251023e+00
1.833385539303764133e+00
-2.030565341602827978e-01
5.634225469605328440e-01
1.177203395537015140e+00
2.547447814116006626e+00
1.634490161305717670e+00
3.840719884266429185e-01
2.753671746311243229e+00
-1.425194769021197905e+00
-9.113423709801694583e-01
-6.546818823486591499e-02
-5.228231459024582639e-01
4.129871196775621867e-01
1.089566971291146213e+00
3.530511196296507670e+00
-3.280291994792650101e-02
1.004587259579635905e+00
3.868902341220188390e-01
-3.217202819356550503e+00
-2.220466011157284036e+00
-2.620223944253169179e+00
-1.268747320675182477e+00
-2.319048536300928554e+00
7.178791723370796518e-01
1.131923447141292449e+00
-1.500000000000002220e+00
1.256793661380665172e+00
-6.668242276050578843e-01
-9.000745227649487035e-01
-1.005689833908829378e+00
5.299743158890761752e-01
3.987948008624704332e-01
-1.148880745492528499e+00
2.378498507362066139e+00
-4.604176673495781191e-01
-3.101305732294794004e-01
1.045078119839358388e+00
9.002227061415591924e-01
1.453492961312413900e+00
1.291557291009324038e+00
4.129375235853265380e+00
5.620109359550679029e-01
6.440340674079413352e-01
9.803750170213201276e-01
-2.411250703144439012e+00
-1.699534500919720692e+00
-1.735725129008657719e+00
2.507443926554150937e-01
-1.055253288203652717e+00
1.311350341692387511e+00
2.424619895994314156e+00
-1.265569798479293961e+00
3.882013894733932213e-01
-1.510849581719674983e+00
-2.371296875251833747e+00
-3.079834127907183472e+00
-1.377616245358687319e+00
-3.414969523224188341e-01
-2.131937106641890622e+00
1.964979705240001540e+00
2.889245521551182527e-01
-2.890841886527283910e-01
7.676825625938172859e-01
5.537840889713692150e-01
7.656500611093933761e-01
-3.219912341529145294e-01
3.042602233021515445e+00
3.651336084035474161e-01
3.388704709177449426e-02
1.632679783125602802e+00
-8.623758387584739005e-01
-2.241669370699908015e-01
-2.315517810240211860e-01
2.187106571850730319e+00
5.796751788937081207e-01
1.760073510669953656e+00
3.440865364395530701e+00
-7.816424421506283915e-01
-6.958350610518426738e-02
-1.606231922896523168e+00
-2.383937914771679711e+00
-3.360700558676918970e+00
-1.706191316839626992e+00
4.497416644845317890e-01
-1.811708913850651026e+00
1.890760761654329603e+00
8.370298207555687542e-01
-7.747347420002530516e-01
-6.211100289543434183e-01
-1.147437775569640106e+00
-9.469868893910053931e-01
-2.758856837781852978e+00
1.137762446283988371e+00
-6.675470458525811779e-02
-5.865160338506345550e-01
1.938125441420396555e+00
3.246095306335800013e-01
7.239080906482439071e-01
1.602843235543552902e-01
2.664181920095924028e+00
9.999999999999933387e-01
1.000799090696642857e+00
3.482080411178007040e+00
-2.852302362744026931e-01
1.008781956001078006e-01
-6.869426530883679938e-01
-7.960646903758412662e-01
-1.778186781027405683e+00
-6.257676609998308326e-01
2.303624646151989364e+00
-5.682661380294109499e-01
2.026540007143242228e+00
1.300768197222540445e+00
-1.089725761379144453e+00
-1.811269387716886170e+00
-2.570495132120503179e+00
-1.879202090845081941e+00
-4.134246574596306623e+00
-7.186737077844207455e-02
1.573168232768557273e-01
-7.928063909032205814e-01
1.772312314643244680e+00
5.011896643032519583e-01
3.872780500149292093e-01
-1.200582396664249929e+00
1.118033988749877583e+00
-1.011208894410409176e-01
-9.270950353820007761e-01
2.555206395738992331e+00
4.850647116102391188e-02
5.568653505068349441e-01
4.548125694302752042e-01
1.067076188684819682e+00
1.167674433479801710e-01
2.456575773802190943e-01
3.591636576230404110e+00
3.966289202959866200e-01
1.836339993394758174e+00
1.652631101953781600e+00
-6.878451170173058848e-01
-1.702846054484186578e+00
-2.470609556437874499e+00
-9.111665213695087084e-01
-3.425768430882097260e+00
1.250338065542103139e-01
1.308423645186212569e+00
-4.009801793762617361e-01
1.380697586519598286e+00
-2.872826165004216392e-02
-5.945076657518639784e-01
-3.211400009189273597e+00
-1.180638673626909663e+00
-1.444875176397581784e+00
-2.775154089523886647e+00
1.444129908701356824e+00
3.059827593229860199e-01
8.480835879577103276e-01
8.087798440701404745e-01
1.665777841418697003e+00
6.776100690989973474e-01
-5.366837852880252946e-01
3.040476035718932657e+00
2.020923412920777595e-01
9.672382982510813187e-01
1.730624288089792628e+00
3.032564765182312883e-01
-3.835170931426148400e-01
-1.156483756811439445e+00
1.260660937504373802e+00
-1.438834144241739388e+00
9.474673337735785017e-01
2.631482884076036033e+00
2.628166968367950940e-01
1.089182021403727330e+00
-4.401509523015082470e-01
-8.968022466674437920e-01
-4.058320749887244894e+00
-2.354308417218257343e+00
-1.427405097621035956e+00
-3.194531465375871626e+00
1.003340126827499068e+00
7.011963897203498108e-01
8.701072261132029029e-01
1.449952717991650208e-01
6.591561037408385504e-01
-2.714268758625935085e-01
-2.767551758786613192e+00
9.708656175355993012e-01
-8.356256824797316796e-01
-2.612986207915585779e-01
1.479238514878965294e+00
1.232388794859467396e+00
1.059207487363407640e+00
-1.148523306439090952e-01
2.748587310169548381e+00
-3.330883775835513649e-02
9.020841896808101668e-01
2.970275090293408748e+00
6.019617022507096626e-01
1.000597149663790431e+00
-2.381540126294794391e-01
1.457008290947228168e-01
-2.917618703857132623e+00
-1.706653302454793630e+00
2.611122898599363973e-01
-2.027771989618630144e+00
1.325012415881948513e+00
1.232745459621639394e+00
8.731594413200989280e-01
-7.944743395433212507e-01
-8.629624974708193230e-01
-1.332944258978037366e+00
-4.708901408985351367e+00
-9.648995004836854461e-01
-1.492096817837940126e+00
-1.033784177627607104e+00
1.097487727554781189e+00
1.545984641585251396e+00
1.630151125275653756e+00
-5.081822392825681156e-01
2.249943352887830539e+00
-3.428074343324433171e-01
-6.902486349265652965e-01
1.881787795678721675e+00
3.234824257661607083e-01
1.000000000000000000e+00
3.234824257662417546e-01
1.881787795678805608e+00
-6.902486349264776999e-01
-3.428074343323792572e-01
2.249943352887822101e+00
-5.081822392826411683e-01
1.630151125275591806e+00
1.545984641585206099e+00
1.097487727554749437e+00
-1.033784177627562029e+00
-1.492096817837867739e+00
-9.648995004836425915e-01
-4.708901408985314951e+00
-1.332944258978058905e+00
-8.629624974708902663e-01
-7.944743395433999655e-01
8.731594413201053673e-01
1.232745459621658490e+00
1.325012415881974492e+00
-2.027771989618579962e+00
2.611122898599224085e-01
-1.706653302454869348e+00
-2.917618703857222773e+00
1.457008290946634199e-01
-2.381540126295571547e-01
1.000597149663784435e+00
6.019617022507862680e-01
2.970275090293488240e+00
9.020841896808784455e-01
-3.330883775831039451e-02
2.748587310169514186e+00
-1.148523306441636693e-01
1.059207487363519551e+00
1.232388794859534453e+00
1.479238514879130273e+00
-2.612986207917850634e-01
-8.356256824794241478e-01
9.708656175356424889e-01
-2.767551758786637173e+00
-2.714268758621407596e-01
6.591561037406070689e-01
1.449952717990348472e-01
8.701072261131728158e-01
7.011963897203131735e-01
1.003340126827333201e+00
-3.194531465375983537e+00
-1.427405097620904728e+00
-2.354308417218583749e+00
-4.058320749887223577e+00
-8.968022466674374638e-01
-4.401509523015392222e-01
1.089182021403726663e+00
2.628166968367700029e-01
2.631482884076102646e+00
9.474673337733414691e-01
-1.438834144241504687e+00
1.260660937504485712e+00
-1.156483756811678365e+00
-3.835170931427390739e-01
3.032564765180263966e-01
1.730624288089940288e+00
9.672382982510662197e-01
2.020923412918199658e-01
3.040476035719070325e+00
-5.366837852878629800e-01
6.776100690988450248e-01
1.665777841418807359e+00
8.087798440697742119e-01
8.480835879575937541e-01
3.059827593228823250e-01
1.444129908701451193e+00
-2.775154089523633516e+00
-1.444875176397772520e+00
-1.180638673626846380e+00
-3.211400009189400606e+00
-5.945076657520486085e-01
-2.872826165015507360e-02
1.380697586519535669e+00
-4.009801793762378663e-01
1.308423645185958550e+00
1.250338065546547361e-01
-3.425768430882139004e+00
-9.111665213696409360e-01
-2.470609556437886489e+00
-1.702846054484502769e+00
-6.878451170172976692e-01
1.652631101953743187e+00
1.836339993394897174e+00
3.966289202959744076e-01
3.591636576230452071e+00
2.456575773806484175e-01
1.167674433479475860e-01
1.067076188684983773e+00
4.548125694302593836e-01
5.568653505067360232e-01
4.850647116112027923e-02
2.555206395739087810e+00
-9.270950353819401579e-01
-1.011208894408446857e-01
1.118033988749958185e+00
-1.200582396664247931e+00
3.872780500148320648e-01
5.011896643031900078e-01
1.772312314643154529e+00
-7.928063909032955214e-01
1.573168232768524799e-01
-7.186737077846772070e-02
-4.134246574596206258e+00
-1.879202090845023987e+00
-2.570495132120539150e+00
-1.811269387716845536e+00
-1.089725761379171542e+00
1.300768197222533118e+00
2.026540007143303956e+00
-5.682661380293817510e-01
2.303624646151984035e+00
-6.257676609998739092e-01
-1.778186781027398355e+00
-7.960646903758744619e-01
-6.869426530884592541e-01
1.008781955999697999e-01
-2.852302362745288145e-01
3.482080411178065660e+00
1.000799090696735227e+00
1.000000000000113687e+00
2.664181920095990197e+00
1.602843235542984468e-01
7.239080906481940580e-01
3.246095306335488040e-01
1.938125441420473383e+00
-5.865160338506778537e-01
-6.675470458522683725e-02
1.137762446284110940e+00
-2.758856837781783700e+00
-9.469868893908145457e-01
-1.147437775569644103e+00
-6.211100289544807529e-01
-7.747347420002366203e-01
8.370298207555136871e-01
1.890760761654221689e+00
-1.811708913850643921e+00
4.497416644845046996e-01
-1.706191316839587913e+00
-3.360700558676855021e+00
-2.383937914771778299e+00
-1.606231922896627751e+00
-6.958350610512675782e-02
-7.816424421506372733e-01
3.440865364395592430e+00
1.760073510669988073e+00
5.796751788937450911e-01
2.187106571850966574e+00
-2.315517810239814400e-01
-2.241669370700130060e-01
-8.623758387587207030e-01
1.632679783125511985e+00
3.388704709158212036e-02
3.651336084038024343e-01
3.042602233021544755e+00
-3.219912341530637434e-01
7.656500611095775621e-01
5.537840889713749881e-01
7.676825625937776509e-01
-2.890841886528828786e-01
2.889245521551325746e-01
1.964979705239695340e+00
-2.131937106641999868e+00
-3.414969523221319525e-01
-1.377616245358774805e+00
-3.079834127907212338e+00
-2.371296875251836411e+00
-1.510849581719594603e+00
3.882013894732334602e-01
-1.265569798479250441e+00
2.424619895994397645e+00
1.311350341692032018e+00
-1.055253288203595652e+00
2.507443926552454516e-01
-1.735725129008743206e+00
-1.699534500919854363e+00
-2.411250703144463436e+00
9.803750170213842985e-01
6.440340674077307259e-01
5.620109359552962758e-01
4.129375235853350645e+00
1.291557291009356678e+00
1.453492961312505383e+00
9.002227061417983345e-01
1.045078119839469410e+00
-3.101305732294132311e-01
-4.604176673497695771e-01
2.378498507362125203e+00
-1.148880745492370847e+00
3.987948008625708529e-01
5.299743158893031048e-01
-1.005689833908837816e+00
-9.000745227647748425e-01
-6.668242276051782325e-01
1.256793661380624538e+00
-1.500000000000006439e+00
1.131923447140977368e+00
7.178791723372087707e-01
-2.319048536300846397e+00
-1.268747320675061463e+00
-2.620223944253091908e+00
-2.220466011157298247e+00
-3.217202819356570043e+00
3.868902341217904661e-01
1.004587259579807990e+00
-3.280291994810635714e-02
3.530511196296436616e+00
1.089566971291317188e+00
4.129871196775438680e-01
-5.228231459023859884e-01
-6.546818823496777795e-02
-9.113423709801232730e-01
-1.425194769021470576e+00
2.753671746311115776e+00
3.840719884265489936e-01
1.634490161305802269e+00
2.547447814116114539e+00
1.177203395537116615e+00
5.634225469605609327e-01
-2.030565341603000062e-01
1.833385539303711731e+00
-1.448017095034340729e+00
2.701801984089374220e-01
1.006171516373248087e+00
-1.892587774128454470e+00
-9.523793670690892110e-01
-1.780554206123227123e+00
-1.036802493039284734e+00
-2.733928180419245901e+00
1.087301761294212077e-01
1.191825920057280497e+00
-1.102213966928339062e+00
1.820202947534804938e+00
-1.716423546103530429e-01
-1.255055881319817157e+00
-2.435908270318309032e+00
-1.520542314823725150e+00
-1.402800196133560551e+00
-2.330287400755382876e+00
2.628046086738405229e+00
1.335616485459844238e+00
1.923356576861552369e+00
2.979310335820616551e+00
1.726913347134701793e+00
6.651992344684150016e-01
-9.999999999998951949e-01
1.550590561697786196e+00
-1.275781466748594717e+00
-3.873301739259839283e-02
2.147563568979871107e+00
4.664723878526233491e-03
8.503006468839292564e-01
1.444349899563698303e-01
1.048502221623007546e+00
-1.519910730793557985e+00
-6.526092148074716381e-02
1.364888828672659926e+00
-1.810038014727757938e+00
4.314400574058921967e-01
-8.199735278886243206e-01
-1.715168200153228018e+00
-3.024946488597601402e+00
-1.959441297664750614e+00
-9.866018193205742248e-01
-2.770839421322266016e+00
1.911846988519671164e+00
1.229644850931951527e+00
8.452780917429740803e-01
1.540639329299942073e+00
4.621256462572380652e-01
-4.888090225486255713e-01
-2.729671197374656355e+00
5.577433759487506748e-01
-1.107859227095358889e+00
-2.100050756901944149e-01
3.126943110997234321e+00
1.827570662582970407e+00
2.418810087846376966e+00
1.364326024970837548e+00
2.345405386995576436e+00
-7.233144809077157733e-01
-6.228360019751173482e-01
1.501908552192995350e+00
-1.629151813923797043e+00
3.113652329226139770e-01
5.965600771026824400e-02
-2.030985097656396454e-01
-1.648365130755888863e+00
-1.054407631885505570e+00
3.757198384802584723e-01
-2.604476696237289612e+00
9.262272498662876830e-01
5.678164770438639541e-01
-6.224238835118274249e-01
-3.628505428219301887e-01
-1.118033988749812302e+00
-1.409283759903938504e+00
-4.038333058398317910e+00
-3.643041090790705150e-01
-8.566399744845328845e-01
-6.511065840312254549e-01
2.965436118807674326e+00
2.159508194294430083e+00
2.359409230317298878e+00
6.826198978722812782e-01
1.842648926489403927e+00
-9.519039720217810086e-01
-1.759411681112073911e+00
1.422711223050978191e+00
-8.092635897883118101e-01
1.121548080170424289e+00
1.744367609428548516e+00
2.186248260152988898e+00
5.568984244382126914e-01
1.258837461394324286e-01
1.778052459606902502e+00
-2.144310716581493192e+00
5.381579656711243942e-02
2.113199075936414428e-01
-1.097132844572002774e+00
-9.649703475689379584e-01
-1.324573578460331413e+00
-6.887223077157412776e-01
-3.773290234366538876e+00
-5.460614791651799971e-01
-3.632371377705020943e-01
-1.326914426414812054e+00
1.661551802043765846e+00
9.880774510791077159e-01
9.459316113331781573e-01
-1.296532287814544881e+00
1.702601919530374319e-01
-1.635494330189634304e+00
-3.020852833818529426e+00
1.042292635258996292e+00
-7.871987457452067627e-02
1.697365171599796385e+00
2.609885475245210973e+00
3.496290221239130691e+00
1.774263033027348335e+00
1.473789618084545561e-01
2.139827525416247322e+00
-1.879607651835377702e+00
-5.796236984950410287e-01
5.042749081509118048e-01
-1.420395219204032000e-01
2.177326734136253439e-01
6.919131750271245718e-02
1.554569864661094147e+00
-2.095780189637514113e+00
-1.192354608136088068e-01
3.016418909042936081e-01
-1.846506698655624890e+00
1.620340810138809484e-01
-3.947681267757188195e-01
-1.852104819383600942e-01
-2.689477225959992612e+00
-1.003122469030814923e+00
-1.563051162935741312e+00
-3.604665172246015015e+00
5.189763221665480986e-01
5.085542385133434706e-02
1.242506387896170406e+00
1.731719599528167564e+00
2.730402175489946792e+00
1.259934711165171084e+00
-1.333361203711514786e+00
1.238003058486968122e+00
-1.961935278607412014e+00
-1.076235462502645568e+00
9.999999999998346878e-01
1.330674661246925350e+00
2.000497933338649670e+00
1.617449477653124967e+00
3.682486700729206142e+00
-3.678103195810612513e-01
7.782606358954222148e-02
7.637705468639623962e-01
-1.905261903860431705e+00
-5.416192203164180707e-01
-7.068404610066255644e-01
3.339430084422957412e-01
-2.100371587028998288e+00
-5.881106963607829474e-01
-1.246764270575883016e-01
-3.103513952853385049e+00
9.704353042891289416e-02
-3.256398572465809549e-01
7.201959101923843809e-02
-2.121073617724622551e-01
7.462838074941537947e-01
4.688406922974308610e-02
-3.126253072738973238e+00
-2.623171156970371953e-02
-2.006590101650961966e+00
-1.499999999999963807e+00
9.880801685892081077e-01
1.945955185037874680e+00
2.731914631711614305e+00
1.633453946758122610e+00
4.032464170958114380e+00
1.331924408410944394e-01
-6.426464780640545049e-01
6.631489036183524366e-01
-1.581647054823289267e+00
-2.750509578172580794e-01
1.057191970245443535e-01
2.242354494306875168e+00
6.320910533054666103e-02
8.569332732505712258e-01
1.960928531801045205e+00
-1.959418142222344672e+00
-1.724762890202985455e-01
-7.404291276768824037e-01
-7.706152949497714344e-01
-1.584458323061252782e+00
-6.199188043233284651e-01
-9.529452756654699375e-02
-3.568858311253637616e+00
-4.557728400480626219e-01
-1.484317516735792486e+00
-1.734910055977481935e+00
2.310504218816292199e-01
1.139315722209472082e+00
1.884744774150225899e+00
-1.333386398926414973e-01
2.480649394207237179e+00
-5.525204211692944511e-01
-2.024621716618293377e+00
6.578142956302435174e-02
-1.209012810560364137e+00
2.966884420463895555e-01
9.015075422699421193e-01
3.871754744644393398e+00
1.995659743078673332e+00
1.669451890397213312e+00
3.211084906666088035e+00
-1.109985528506399532e+00
-4.777555219464507674e-01
-8.820307502689772594e-01
-5.751729875139027781e-01
-1.320314238421206987e+00
-3.297162430849064352e-01
1.558217129473827400e+00
-2.108690181659210516e+00
2.787682579174652897e-01
-3.511760371717711493e-01
-1.639254362752962102e+00
-8.200996002554340469e-01
-4.012058019321406155e-01
5.022545701099644377e-01
-2.206562377211902515e+00
5.553605162916505078e-01
-1.111022841117714322e+00
-2.979761235641877448e+00
-5.049514702427051471e-01
-1.024060510898950449e+00
4.167476647849676086e-01
5.323557534635863231e-01
3.717248582358328779e+00
2.225418663948845577e+00
7.375261163037019063e-01
2.756596687302726334e+00
-1.103022524561529272e+00
-9.652821347549650488e-01
-8.537917900299425433e-01
3.580940781587585997e-01
1.363423358559240350e-01
9.032153978517654114e-01
3.903039948064479070e+00
1.296454733741198018e-01
1.291616159176507850e+00
7.553943899454083066e-01
-1.284873355541313877e+00
-1.480985095324764078e+00
-1.481391590826892646e+00
1.125320052954543737e-01
-2.761886942515968002e+00
-2.790064958051235999e-02
-2.779449490311377557e-01
-2.582154027690986453e+00
-5.332614661838593895e-01
-9.984352647267145109e-01
-3.718471187497918162e-02
-1.009356061745244393e+00
1.831836203166103294e+00
9.969693299676091192e-01
-1.342447397754369387e+00
1.206249946303173060e+00
-1.544516979486698638e+00
-1.446917382310151101e+00
-9.534994882576497410e-01
1.043801707012427693e+00
1.348007713398378105e+00
1.380147987604456894e+00
