5.000000000000000000e+00
1.475800392309332132e+00
1.424749113837773695e+00
2.558029682039559383e+00
-1.513874338747709825e+00
-2.082504314809778823e-01
4.628024817086192622e-01
-1.235890823164522256e+00
9.776643389561447961e-01
1.055068320518401714e+00
5.129362348091695001e-01
8.608972946074744392e-01
3.947979507597974003e-01
4.227446873440188213e-01
-4.121991956847989025e-01
1.014295804528646983e+00
1.534682396239231306e+00
2.685794302542374723e-01
2.838097937137348481e+00
1.130502248126166398e+00
-1.108707491829742375e+00
1.049461526393739463e+00
-2.623859117140393771e+00
-3.173164405804505428e+00
-2.420184466225785425e-01
-3.050816264970285907e+00
-7.651651109360180225e-01
1.558343662548107744e+00
-9.437313454365436893e-01
1.098573858755830468e+00
7.925741054271993047e-01
-1.396088085738438123e+00
-3.306337921882105402e-01
-1.001532982484185652e+00
-1.160133690628971648e+00
-7.395084840012783323e-01
-4.609855927242461071e-01
-3.471264397079403263e-01
-1.931396784012480605e+00
-1.066568349558113304e+00
-2.108787788472630265e+00
-3.897888434565644378e+00
-8.246402211607926080e-01
-1.941821416439210246e+00
-1.667746802287049634e+00
2.463854602833589702e+00
-1.007304431662829902e-01
6.058873207521391357e-01
2.394163660083421963e+00
-1.907745938421067766e+00
-8.090169943749415671e-01
-4.851265896570046698e-01
-3.134351500448423700e+00
-6.192176495069312558e-01
-4.195064001189495739e-01
-1.059136876069983302e+00
4.305740854106535620e-01
-1.235286744979068319e-01
-3.268615365097062853e-01
-6.533888035420981621e-01
-2.929205804255119450e-02
5.366124877360581857e-01
2.818695494706069393e-02
2.704425108117874288e+00
2.149372049574930443e+00
8.418284266150208861e-01
3.183522621242646622e+00
-2.363615514555652553e-01
-1.301924206898194658e+00
9.341941946504946914e-01
-2.577045131897924612e+00
-6.871833084760913257e-01
1.877130868830707566e+00
-5.044873901785519310e-01
2.472077367918743551e+00
2.900344380599979122e+00
5.910723134570096127e-01
2.280214301189773529e+00
1.223236522734591603e+00
3.961346284523735162e-01
1.408573279194630601e+00
1.305295495920846260e+00
1.640750970776791551e+00
1.044270302796702632e+00
1.471404130504794683e+00
4.759382609536463860e-01
-1.543598460578681664e+00
2.132212214789452887e-01
-1.387236469790968041e+00
-1.638904849206585190e+00
2.191766417399562350e+00
1.909134706638428436e-01
1.474797176501989160e+00
4.024185302185234292e+00
2.847917389655418852e-02
1.179439130903543687e+00
1.231736570931776242e+00
-2.505921673574419195e+00
-3.218051459788454638e-01
-6.287578975893374222e-01
-1.927050983124858341e+00
2.622867714594259159e-01
-4.976089965017588268e-01
-9.855926721314676175e-01
-8.689339049330165876e-01
-1.340434949426301481e+00
-1.307301084674357572e+00
-1.741502204264980369e+00
2.004204920290456327e-01
2.628538686754058329e-01
-2.523530341739728122e-01
2.320872961906111698e+00
-3.206586072566019463e-01
-1.438767073990756984e+00
2.201882059983917284e-01
-3.970472209313286704e+00
-3.021984307492191490e+00
-9.882580004493963788e-01
-3.809184702170747894e+00
-4.780445840679570235e-01
5.521245832485242033e-01
-1.623493677702569471e+00
9.339918713668924344e-01
-1.499780222601475588e-01
-1.497162422288851102e+00
2.475797344914099085e-14
-6.412840427815746924e-01
-2.465749082603342357e-01
2.652314182351817595e-01
6.164986366330588163e-01
2.963993652632893605e-01
-1.172304149040257482e+00
-2.579499192413055586e-01
-2.035030079627715871e+00
-2.878866229372572416e+00
1.521630271632653519e-01
-1.577868712616480540e+00
4.881261341304798940e-02
3.413425858944036051e+00
4.278900856229835847e-01
2.373502914230185556e+00
3.006868910586360855e+00
-9.728494779946229576e-01
1.194413749294489069e+00
5.455957113448433038e-01
-1.386965508150700188e+00
1.410780588640206279e+00
6.647623691595190287e-01
2.734364230506003968e-01
1.351186700054414658e+00
3.090169943749585535e-01
8.364696265168392042e-02
-2.330251227890377252e-01
6.512835243722471246e-01
9.565449442638761512e-01
1.016656732997978985e+00
3.730857549102356341e+00
2.332775702998509448e+00
1.848214012333899481e+00
3.554617054543649068e+00
-6.038398924658778810e-01
-4.378460624554668668e-01
7.835751604505664103e-01
-2.858149307084098201e+00
7.249071917424354528e-02
1.158414208144836977e+00
-1.074653691232072328e+00
2.213010527670451921e+00
1.281335065917267979e+00
-4.561515370841927597e-01
1.371943764925395826e+00
-9.661727360703764589e-02
-1.917709841633966628e-01
8.836977039598423733e-01
7.717023512218831316e-01
9.982313480096327574e-01
2.884888898960981107e-01
5.661994518693930223e-01
-1.175774915819325361e+00
-2.689936120659415231e+00
-1.091325365011641235e+00
-3.298648681077676059e+00
-2.338544850692374055e+00
8.454096443368476210e-01
-1.559532310266428690e+00
9.181400501056153907e-01
2.236188026850801869e+00
-1.560171727323285129e+00
6.806788337065743377e-01
-3.073840323728133650e-01
-3.091705424121530044e+00
-2.533320608194559176e-01
-1.376322222469188006e+00
-1.942002623878614997e+00
3.255492589657271729e-02
-1.349269836039387993e+00
-1.620229446003989660e+00
-1.690600198614322203e+00
-2.043083991314369907e+00
-1.928557589821595197e+00
-1.809016994374920362e+00
4.722276463212905506e-01
1.870756142236993380e-01
5.844738446069195348e-01
2.835130002410928274e+00
-3.430792907054134311e-01
-2.139983764922554488e-01
6.496136181480883787e-01
-3.487812982500342329e+00
-1.205258625050729782e+00
-3.617113471672288028e-01
-2.750551306344182656e+00
1.166122938159554145e+00
7.561533828926021439e-01
-7.964345643859964685e-01
1.838168261793219127e+00
4.184480504333754070e-02
-3.545193496656255938e-01
1.267612837155294159e+00
6.750679969780929435e-01
1.514182973895629392e+00
1.974082432305792167e+00
2.257006691646916252e+00
1.439963661067512835e+00
1.487749574453909318e-01
8.147482874704760070e-01
-1.584887141398530153e+00
-1.491476739190517709e+00
9.650635305434662747e-01
-1.174474597241699891e+00
1.523561613221799727e+00
3.580474148123667266e+00
5.395718050102644714e-01
3.327116239349366733e+00
2.572828689889099074e+00
-6.446120000413952944e-01
2.139885019691460499e+00
5.061610657955654125e-01
-4.905295241274953977e-01
2.134524943788497442e+00
5.115634113811355910e-01
3.906117700998217313e-01
8.384228002035227778e-01
-6.096052470460237016e-01
-8.756674853390559177e-01
-1.176772753280837192e+00
-1.626573279460299115e-01
-1.160378045626003773e-01
5.613407331947727341e-01
2.982073381130224909e+00
1.000000000000041744e+00
1.422561320006976882e+00
2.235434781371601787e+00
-2.067746958598532636e+00
-7.040559112008745180e-01
-6.484448039030703548e-01
-3.811393150190960366e+00
-1.588617376809998705e-01
-5.781612248881468075e-01
-2.196334943949742602e+00
1.037855559167245367e+00
-1.025845556441898454e+00
-1.851270144277624263e+00
-7.498288448718581911e-02
-1.649455590736970345e+00
-8.722123894007435263e-01
2.426454511938061775e-01
2.779833251048731135e-01
4.987235166208090487e-01
-1.277254200365118830e-01
2.488793069486416876e-02
-2.157256623767991321e+00
-2.908045558201776792e+00
-1.638802801843941337e+00
-4.029124718221537726e+00
-1.875245760385253480e+00
3.409826038453980246e-01
-1.974920029091150386e+00
1.437789776523794805e+00
1.395049743791347829e+00
-1.620217977378232810e+00
1.375549225529238306e+00
-5.223808997904417772e-01
-1.941982174436694297e+00
1.149232988986831350e+00
-6.015754881937024345e-01
-3.216229921130395741e-01
1.147932102013494271e+00
-6.855303248074040567e-01
-7.491909665907492410e-01
-1.074552228241951735e+00
-1.327337386151713261e+00
-1.189927623174757532e+00
-5.660888414231038945e-01
1.710582416732109312e+00
1.111290023588330733e+00
2.315219329171113838e+00
3.831160185846657740e+00
4.578376555680098159e-01
1.651284587473267784e+00
1.427050983124946271e+00
-2.199154963628270565e+00
9.604594523773735126e-01
4.024844282446988775e-01
-1.267424959644825488e+00
2.593687617044317051e+00
7.193658541509756477e-01
-8.331957508948140134e-02
2.114928446945883334e+00
-2.627963493816775076e-01
2.419632891932562702e-01
1.657760203638074525e+00
1.135075194595654313e+00
2.254757643471193784e+00
2.535937486414093556e+00
2.635122716810911037e+00
1.348057909109749319e+00
2.979128044930142716e-01
5.019816456482665279e-01
-2.255970820835888180e+00
-1.294519754550985002e+00
2.289676162894346279e-01
-1.965604446418190099e+00
1.459301209364560314e+00
1.957296850058505733e+00
-6.642764031001606728e-01
2.555034463712131831e+00
5.087198887743068498e-01
-1.481224610241182571e+00
1.522877645618506470e+00
-8.140918604084332877e-01
-6.491487430409164094e-01
1.504401262053053356e+00
-6.734688551904013387e-01
-4.270748753614949100e-01
-6.253821112395816506e-01
-2.219582761398625426e+00
-2.418701316494730413e+00
-2.576684552125152017e+00
-1.452226870371939427e+00
-1.504894669423367581e+00
-1.438658937596408727e-01
1.792715285789931778e+00
-3.491456840019356300e-01
1.002170689000237758e+00
8.610420551598163552e-01
-2.911955029056920274e+00
-5.037700315266790962e-01
-1.544689523218711447e+00
-3.655832132883080732e+00
3.090169943748912740e-01
-1.424460935840669684e+00
-2.072874999516491012e+00
7.159314066091724271e-01
-2.123116658768094744e+00
-1.869104815910945128e+00
-3.687129062333058815e-01
-1.766082446701894959e+00
-1.528511291117848891e-01
9.072069586505500105e-01
1.147181701928484676e+00
1.366725663891416254e+00
8.941500994937521263e-01
8.474273176334043978e-01
-1.528000900994051614e+00
-1.490968515744409029e+00
-7.911549719730121000e-01
-3.037041685269321611e+00
-9.638092498764169735e-03
9.264920151937212633e-01
-9.634049862239064677e-01
2.843386251784317587e+00
1.369490851138126963e+00
-5.305002092973047922e-01
2.652669968764951758e+00
7.516209876712309779e-14
5.285467950073657883e-02
2.853637923380725194e+00
6.504662384729580360e-01
1.653271941345316076e+00
2.286096515966519860e+00
1.317120684479080595e-01
1.376187632520369242e-01
-5.546488587077789134e-01
-7.987976245332744085e-01
-7.456449812758104700e-01
2.264879756451266823e-01
2.134029732318061257e+00
1.278122405525779604e+00
3.049108484213320036e+00
3.521875572215389383e+00
3.288384037780839320e-01
2.271499907130050122e+00
8.685262847458591340e-01
-1.809946500727859675e+00
1.703672835228905669e+00
-1.948069513978704370e-01
-8.990705549686242026e-01
2.338594302776011880e+00
-7.370078666507849929e-01
-6.909830056250424457e-01
7.175374178417143201e-01
-1.907335039523166964e+00
-5.528327730633133541e-01
4.937807337386245221e-01
1.969267229968416077e-01
1.528587469614979044e+00
1.659753544149170867e+00
1.614970958883273688e+00
7.468396157385498446e-02
-5.813950357358698140e-01
-8.520704401038116105e-01
-3.519722128151562046e+00
-1.752756075231523880e+00
-1.254042242425082776e+00
-3.024959135151600975e+00
7.818027335169351888e-01
-2.048208662175728945e-01
-1.904784686852367681e+00
1.361366367525516319e+00
-1.600246633020579345e+00
-1.986879779385436029e+00
8.921611028398903631e-01
-1.686636630513141499e+00
-2.481000802197469435e-01
1.237836629490215001e+00
-1.074320067652395849e+00
-4.200644180200989730e-01
-1.199052052081573949e+00
-2.670868239691555512e+00
-2.724674497350252800e+00
-2.654726540494725118e+00
-1.480634986240738193e+00
-1.501552099266241669e+00
4.531136639447741477e-01
1.716674791642205822e+00
-2.233892451472645480e-01
1.851687363363094807e+00
7.442010481956753409e-01
-1.996836195666274349e+00
1.053882567628785960e+00
-9.545473487284358294e-01
-1.709145462264911153e+00
1.984733407188619125e+00
-8.187303552430007514e-01
-4.346337666399946453e-01
1.429959485616568493e+00
-1.857064447171022703e+00
-6.496042709727249953e-01
2.664865304799070578e-01
-8.090169943749967452e-01
1.367210702478768081e+00
2.170169819245161946e+00
2.525972270472399916e+00
2.624736751736754581e+00
2.233505132963993223e+00
1.833052664434938972e+00
-5.628776531135462058e-01
8.515695360249109225e-02
-1.327926933476197835e-02
-1.877171745931310198e+00
1.513569853454779457e+00
9.863418825117051814e-01
-2.595535205487958796e-01
3.297535015176951134e+00
5.036030468619825395e-01
-1.202269677022562711e-01
2.666877161168676569e+00
-4.432506525343793413e-01
1.014984117467076175e+00
3.069849696348173840e+00
7.050636499924362033e-01
2.246907881377103067e+00
1.881145211508398862e+00
-3.567030706279671892e-01
-3.608222171143895540e-01
-1.392189345072224915e+00
-1.614617459203270711e+00
-1.629413724206930647e+00
-3.966583108307999428e-01
9.540398694861034201e-01
5.317068345399655893e-02
2.188832985535943187e+00
1.588057067596406302e+00
-9.467107211090374230e-01
1.460986719742187745e+00
-8.909042397207329600e-01
-2.177143892972842387e+00
1.258350207259217202e+00
-1.590537349746706797e+00
-1.106824444176791156e+00
1.136366396194200989e+00
-2.600218492302096784e+00
-1.633274681407573148e+00
-1.151126360105269475e+00
-3.543981822109920188e+00
-1.410597035525092302e+00
-7.421302683854532622e-01
-5.988829654647755962e-01
9.143415022849845641e-01
1.000000000000000000e+00
9.143415022848421225e-01
-5.988829654644747258e-01
-7.421302683855146576e-01
-1.410597035525108511e+00
-3.543981822109739888e+00
-1.151126360105472868e+00
-1.633274681407552942e+00
-2.600218492302088347e+00
1.136366396194077755e+00
-1.106824444176667699e+00
-1.590537349746737661e+00
1.258350207259279596e+00
-2.177143892972784212e+00
-8.909042397207427300e-01
1.460986719742286333e+00
-9.467107211091813079e-01
1.588057067596244210e+00
2.188832985536101727e+00
5.317068345373276994e-02
9.540398694861760287e-01
-3.966583108306501737e-01
-1.629413724207197323e+00
-1.614617459203040895e+00
-1.392189345072324391e+00
-3.608222171144931378e-01
-3.567030706277988794e-01
1.881145211508183701e+00
2.246907881377097738e+00
7.050636499926050682e-01
3.069849696348069923e+00
1.014984117467219837e+00
-4.432506525340800807e-01
2.666877161168617061e+00
-1.202269677024362937e-01
5.036030468618839517e-01
3.297535015176987550e+00
-2.595535205490577813e-01
9.863418825116174737e-01
1.513569853454691749e+00
-1.877171745931514035e+00
-1.327926933462364456e-02
8.515695360239183831e-02
-5.628776531135659678e-01
1.833052664435214751e+00
2.233505132963931938e+00
2.624736751736472584e+00
2.525972270472736536e+00
2.170169819245164167e+00
1.367210702478578899e+00
-8.090169943747720360e-01
2.664865304799254875e-01
-6.496042709727549713e-01
-1.857064447170739374e+00
1.429959485616564940e+00
-4.346337666399634481e-01
-8.187303552428976117e-01
1.984733407188576049e+00
-1.709145462265001969e+00
-9.545473487281904701e-01
1.053882567628855460e+00
-1.996836195666342739e+00
7.442010481958858392e-01
1.851687363363373695e+00
-2.233892451473270535e-01
1.716674791642226694e+00
4.531136639451431858e-01
-1.501552099266228124e+00
-1.480634986240346285e+00
-2.654726540494647402e+00
-2.724674497350445090e+00
-2.670868239691198909e+00
-1.199052052081904574e+00
-4.200644180201373867e-01
-1.074320067652355881e+00
1.237836629489969420e+00
-2.481000802195827415e-01
-1.686636630513280277e+00
8.921611028397934406e-01
-1.986879779385175127e+00
-1.600246633020912412e+00
1.361366367525484566e+00
-1.904784686852137643e+00
-2.048208662178985229e-01
7.818027335172386127e-01
-3.024959135151571665e+00
-1.254042242425149833e+00
-1.752756075231260091e+00
-3.519722128151925311e+00
-8.520704401037557663e-01
-5.813950357358974586e-01
7.468396157339113328e-02
1.614970958883332086e+00
1.659753544149058513e+00
1.528587469614850036e+00
1.969267229970254052e-01
4.937807337383865458e-01
-5.528327730633270098e-01
-1.907335039523082365e+00
7.175374178413954640e-01
-6.909830056248964514e-01
-7.370078666507601239e-01
2.338594302775859557e+00
-8.990705549684849807e-01
-1.948069513978062939e-01
1.703672835229043114e+00
-1.809946500727856566e+00
8.685262847457768665e-01
2.271499907130180684e+00
3.288384037779544800e-01
3.521875572215493300e+00
3.049108484213433279e+00
1.278122405525729199e+00
2.134029732318258876e+00
2.264879756451823045e-01
-7.456449812759174955e-01
-7.987976245330330460e-01
-5.546488587079626553e-01
1.376187632519925153e-01
1.317120684480552750e-01
2.286096515966228981e+00
1.653271941345532126e+00
6.504662384730732771e-01
2.853637923380629715e+00
5.285467950100919410e-02
2.620126338115369435e-14
2.652669968764940656e+00
-5.305002092971879968e-01
1.369490851138104315e+00
2.843386251784310925e+00
-9.634049862239290052e-01
9.264920151936251180e-01
-9.638092498467532021e-03
-3.037041685269505908e+00
-7.911549719730333052e-01
-1.490968515744313549e+00
-1.528000900994373135e+00
8.474273176334208291e-01
8.941500994935543956e-01
1.366725663891326992e+00
1.147181701928655428e+00
9.072069586502583549e-01
-1.528511291117442550e-01
-1.766082446701761954e+00
-3.687129062334242313e-01
-1.869104815910865858e+00
-2.123116658768001486e+00
7.159314066090798345e-01
-2.072874999516467032e+00
-1.424460935840927478e+00
3.090169943749407899e-01
-3.655832132883070518e+00
-1.544689523219006766e+00
-5.037700315266196993e-01
-2.911955029057067268e+00
8.610420551597469663e-01
1.002170689000304371e+00
-3.491456840019118157e-01
1.792715285790144497e+00
-1.438658937598055187e-01
-1.504894669423602505e+00
-1.452226870371690515e+00
-2.576684552125198646e+00
-2.418701316494863640e+00
-2.219582761398294579e+00
-6.253821112395880899e-01
-4.270748753615482007e-01
-6.734688551900621656e-01
1.504401262052995625e+00
-6.491487430408525716e-01
-8.140918604083542398e-01
1.522877645618371245e+00
-1.481224610241234307e+00
5.087198887745408848e-01
2.555034463712077208e+00
-6.642764031001682223e-01
1.957296850058734661e+00
1.459301209364567198e+00
-1.965604446418222295e+00
2.289676162896503442e-01
-1.294519754551129553e+00
-2.255970820835991208e+00
5.019816456484935685e-01
2.979128044929568730e-01
1.348057909109625863e+00
2.635122716811387100e+00
2.535937486413940345e+00
2.254757643471178685e+00
1.135075194595876358e+00
1.657760203637877794e+00
2.419632891933879426e-01
-2.627963493818814555e-01
2.114928446945682161e+00
-8.331957508910502186e-02
7.193658541507191861e-01
2.593687617044326377e+00
-1.267424959644477322e+00
4.024844282444246524e-01
9.604594523774843129e-01
-2.199154963628371817e+00
1.427050983124678041e+00
1.651284587473436094e+00
4.578376555676085813e-01
3.831160185846745225e+00
2.315219329171356311e+00
1.111290023588145104e+00
1.710582416732343347e+00
-5.660888414230722532e-01
-1.189927623174837912e+00
-1.327337386151608456e+00
-1.074552228242329655e+00
-7.491909665907569016e-01
-6.855303248074279265e-01
1.147932102013095479e+00
-3.216229921127357061e-01
-6.015754881937733778e-01
1.149232988986657489e+00
-1.941982174436432507e+00
-5.223808997908718776e-01
1.375549225529290265e+00
-1.620217977378243468e+00
1.395049743791233254e+00
1.437789776523960672e+00
-1.974920029091142393e+00
3.409826038455660013e-01
-1.875245760385109151e+00
-4.029124718221565260e+00
-1.638802801843848300e+00
-2.908045558201846958e+00
-2.157256623768113002e+00
2.488793069503508759e-02
-1.277254200366667591e-01
4.987235166207546477e-01
2.779833251051080367e-01
2.426454511936484149e-01
-8.722123894005340272e-01
-1.649455590736867538e+00
-7.498288448739276468e-02
-1.851270144277398000e+00
-1.025845556441865369e+00
1.037855559167240482e+00
-2.196334943949592056e+00
-5.781612248881027316e-01
-1.588617376809767778e-01
-3.811393150190918622e+00
-6.484448039032164601e-01
-7.040559112007037657e-01
-2.067746958598700946e+00
2.235434781371508972e+00
1.422561320007090124e+00
9.999999999998747668e-01
2.982073381130385670e+00
5.613407331946672629e-01
-1.160378045626326848e-01
-1.626573279458813359e-01
-1.176772753281113193e+00
-8.756674853390837843e-01
-6.096052470457730132e-01
8.384228002033503602e-01
3.906117700999439668e-01
5.115634113812036476e-01
2.134524943788414841e+00
-4.905295241274055806e-01
5.061610657953331538e-01
2.139885019691402768e+00
-6.446120000413930740e-01
2.572828689888972065e+00
3.327116239349267701e+00
5.395718050102623620e-01
3.580474148123677480e+00
1.523561613221707578e+00
-1.174474597241796037e+00
9.650635305436302547e-01
-1.491476739190709555e+00
-1.584887141398698684e+00
8.147482874706413192e-01
1.487749574453390844e-01
1.439963661067437339e+00
2.257006691647093000e+00
1.974082432305681589e+00
1.514182973895714879e+00
6.750679969783247580e-01
1.267612837155293937e+00
-3.545193496654738818e-01
4.184480504328658146e-02
1.838168261792946012e+00
-7.964345643858956603e-01
7.561533828925810496e-01
1.166122938159490419e+00
-2.750551306344092950e+00
-3.617113471670930225e-01
-1.205258625050739774e+00
-3.487812982500397396e+00
6.496136181481226846e-01
-2.139983764923913401e-01
-3.430792907055112972e-01
2.835130002411189842e+00
5.844738446068146187e-01
1.870756142237650632e-01
4.722276463216341647e-01
-1.809016994375056697e+00
-1.928557589821576990e+00
-2.043083991314245118e+00
-1.690600198614603977e+00
-1.620229446003995655e+00
-1.349269836039289405e+00
3.255492589640618384e-02
-1.942002623878591017e+00
-1.376322222469051226e+00
-2.533320608196863999e-01
-3.091705424121356849e+00
-3.073840323727484725e-01
6.806788337062660288e-01
-1.560171727323435675e+00
2.236188026850562949e+00
9.181400501059907571e-01
-1.559532310266573019e+00
8.454096443370585634e-01
-2.338544850691891774e+00
-3.298648681077949174e+00
-1.091325365011619919e+00
-2.689936120659555563e+00
-1.175774915819665090e+00
5.661994518694376533e-01
2.884888898958016812e-01
9.982313480097697589e-01
7.717023512220527737e-01
8.836977039596098926e-01
-1.917709841631508594e-01
-9.661727360705774093e-02
1.371943764925023457e+00
-4.561515370841167094e-01
1.281335065916946903e+00
2.213010527670621563e+00
-1.074653691231912678e+00
1.158414208144683544e+00
7.249071917460531145e-02
-2.858149307084080437e+00
7.835751604504732626e-01
-4.378460624553256464e-01
-6.038398924661173561e-01
3.554617054543601995e+00
1.848214012333897927e+00
2.332775702998275857e+00
3.730857549102701842e+00
1.016656732997963442e+00
9.565449442638336297e-01
6.512835243724846013e-01
-2.330251227893125887e-01
8.364696265171833733e-02
3.090169943749269121e-01
1.351186700054072487e+00
2.734364230508659066e-01
6.647623691595183626e-01
1.410780588640333288e+00
-1.386965508150370230e+00
5.455957113447933438e-01
1.194413749294650717e+00
-9.728494779946711413e-01
3.006868910586033117e+00
2.373502914230314342e+00
4.278900856229317373e-01
3.413425858944112434e+00
4.881261341325604519e-02
-1.577868712616542490e+00
1.521630271635248111e-01
-2.878866229372712748e+00
-2.035030079627885957e+00
-2.579499192411049968e-01
-1.172304149040565013e+00
2.963993652632562759e-01
6.164986366333500278e-01
2.652314182353811001e-01
-2.465749082601267350e-01
-6.412840427814296973e-01
3.952393967665557284e-14
-1.497162422288658812e+00
-1.499780222603277480e-01
9.339918713668663441e-01
-1.623493677702463334e+00
5.521245832483177018e-01
-4.780445840678073655e-01
-3.809184702170648418e+00
-9.882580004494806447e-01
-3.021984307492019184e+00
-3.970472209313297363e+00
2.201882059984771045e-01
-1.438767073990789402e+00
-3.206586072565673073e-01
2.320872961906250254e+00
-2.523530341740241045e-01
2.628538686754794407e-01
2.004204920292173286e-01
-1.741502204265229725e+00
-1.307301084674252989e+00
-1.340434949426148936e+00
-8.689339049333046905e-01
-9.855926721314183236e-01
-4.976089965017680417e-01
2.622867714592005406e-01
-1.927050983124861672e+00
-6.287578975893306499e-01
-3.218051459789514901e-01
-2.505921673574292630e+00
1.231736570931847741e+00
1.179439130903494393e+00
2.847917389650034270e-02
4.024185302185310675e+00
1.474797176501864815e+00
1.909134706636411716e-01
2.191766417399583222e+00
-1.638904849206586078e+00
-1.387236469791120808e+00
2.132212214790130123e-01
-1.543598460578786913e+00
4.759382609537506914e-01
1.471404130504748498e+00
1.044270302796498795e+00
1.640750970777026474e+00
1.305295495920849369e+00
1.408573279194405892e+00
3.961346284527544892e-01
1.223236522734708620e+00
2.280214301189587012e+00
5.910723134572135606e-01
2.900344380600196725e+00
2.472077367918485535e+00
-5.044873901784497905e-01
1.877130868830513055e+00
-6.871833084761886923e-01
-2.577045131897881980e+00
9.341941946505568639e-01
-1.301924206898361636e+00
-2.363615514554628372e-01
3.183522621242826034e+00
8.418284266148796657e-01
2.149372049575040577e+00
2.704425108118062582e+00
2.818695494689860137e-02
5.366124877361816425e-01
-2.929205804239864985e-02
-6.533888035424919583e-01
-3.268615365094551528e-01
-1.235286744979877671e-01
4.305740854103847770e-01
-1.059136876069557420e+00
-4.195064001189960923e-01
-6.192176495067299724e-01
-3.134351500448148364e+00
-4.851265896571618219e-01
-8.090169943747130832e-01
-1.907745938421232079e+00
2.394163660083316714e+00
6.058873207523733928e-01
-1.007304431665362321e-01
2.463854602833662977e+00
-1.667746802286801611e+00
-1.941821416439428738e+00
-8.246402211607046784e-01
-3.897888434565759841e+00
-2.108787788472913594e+00
-1.066568349557723838e+00
-1.931396784012758827e+00
-3.471264397079337760e-01
-4.609855927240198437e-01
-7.395084840015132555e-01
-1.160133690628676106e+00
-1.001532982484331091e+00
-3.306337921882162023e-01
-1.396088085738219409e+00
7.925741054267678720e-01
1.098573858755865329e+00
-9.437313454364150145e-01
1.558343662547812425e+00
-7.651651109358537095e-01
-3.050816264970221958e+00
-2.420184466226205089e-01
-3.173164405804321131e+00
-2.623859117140700636e+00
1.049461526393850708e+00
-1.108707491829903802e+00
1.130502248126164622e+00
2.838097937137647797e+00
2.685794302543422774e-01
1.534682396239265501e+00
1.014295804528944300e+00
-4.121991956849367922e-01
4.227446873443211350e-01
3.947979507597810800e-01
8.608972946071256072e-01
5.129362348093089441e-01
1.055068320518278924e+00
9.776643389559198649e-01
-1.235890823164494279e+00
4.628024817084244180e-01
-2.082504314808014678e-01
-1.513874338747610571e+00
2.558029682039375086e+00
1.424749113838132741e+00
1.475800392309269515e+00
