5.000000000000000000e+00
1.076293194024356303e+00
4.950120444447893009e-01
1.107444348823107605e+00
1.607450562427344298e+00
1.209934881687023012e+00
-1.218239886530934513e+00
5.231751410308014272e-01
-2.351205466527788612e+00
-8.945008442391351178e-01
6.038962811494286154e-01
-1.136803112895414802e+00
-1.864179617157243118e+00
-2.193421268384713407e+00
2.284859194543908067e+00
-2.123778267564632172e-01
-1.202752212890238148e+00
2.393058810943865522e-02
-3.442285044965628371e-01
7.922608582513417375e-01
-9.124901768749167363e-01
5.173146185044513734e-01
-2.457053275976336160e+00
-2.066278374538936813e+00
9.648472778271194317e-01
-1.109304282826451438e+00
-1.794351167810878334e+00
-2.779568295201895189e+00
1.341103268276952587e+00
5.856627771167358665e-01
-5.227050701140087963e-01
1.529677471256551069e+00
3.033601651645690955e-01
2.274837511660501299e+00
2.010910329637474181e+00
3.342577359794856928e+00
7.476379218687503325e-01
-4.115383159838159610e-01
3.440437209542386743e+00
1.226288868045400271e+00
6.233821542622575151e-02
-1.820941429613601503e+00
2.810290606614642139e-01
1.753415784232705277e-01
-1.682145546758528898e+00
4.300122149275569239e-01
-2.128193786613748806e+00
-8.857699801607675782e-01
1.047535055921247071e-01
1.327651648000493179e+00
-3.090169943749453418e-01
-2.624741192460205319e+00
1.814112037042042491e+00
5.554675040896622784e-01
-2.770498364082729648e-01
-1.570011224957236218e+00
-1.119896049384285774e+00
-4.195908541680312132e-01
-2.197094565684533762e+00
4.368991449082262335e-01
-2.487342505365809586e+00
-2.546741164435987415e+00
-3.703913882961250570e-01
8.883382255453602383e-01
6.034942561929192983e-01
-2.253015646415310158e+00
2.104821437505113302e+00
2.129793814502229488e+00
1.791155795651836913e+00
1.989386683545128598e+00
1.121934377127293825e+00
2.041721969114808299e+00
4.673111190715282248e-01
3.273844548321585002e+00
4.176840882575439395e-01
-1.873947579848075584e+00
2.533226674039624204e-01
5.953801125830927576e-01
6.650625825977134475e-01
-2.934280899695105305e+00
-2.396145337072324022e-01
9.484374966217794245e-02
-6.068813471760288181e-01
1.062252433829810050e+00
-6.578974959024928015e-01
-5.905301623770153885e-02
-1.063267152490659839e+00
2.089191128773927097e+00
6.868351425265442067e-01
-2.920244968683590070e+00
-6.472439597207514383e-01
-6.224172515714760934e-01
4.359601066205731623e-02
-2.933412409773901608e+00
-1.774311040748852930e+00
-1.163993374421144811e+00
-2.336721733547121982e+00
8.955054297332294411e-01
-6.388248338211324207e-01
-5.869241459886561652e-01
-8.090169943749359049e-01
2.517891663092566290e+00
3.314668640879307127e+00
-5.716950194232975901e-01
1.807331973585799334e+00
1.801541321796498174e+00
2.634357172145964654e+00
9.948659343764942875e-01
6.424770103945913746e-01
8.292804696717996915e-01
-1.678199125670561065e+00
1.774543169450724767e+00
3.281273773582754627e-01
-1.314394373670597860e+00
-1.841337222687946973e+00
2.019717498521198529e-01
2.230423836234341373e+00
-1.714850219218296390e+00
1.751752641242007025e-01
1.103771135796776104e-01
5.039971943231283946e-01
8.102414936671551438e-01
-8.743194392234698853e-03
1.777123849365368491e-01
-3.050271214897474437e+00
4.142135623730566207e-01
2.066928326366520574e-01
-2.465666486161601334e+00
-2.912346743766343948e+00
-2.173493143626635593e+00
6.621267946180315889e-01
-2.398870374794202842e+00
-8.110728034363333672e-01
-4.528852451549318925e-01
-7.877292720432889084e-01
1.629657527241573423e+00
1.505853157265619524e+00
2.192214830271736137e+00
-9.414762497677533482e-01
2.163716553225335293e+00
3.753354484494103360e+00
6.874304228134888728e-01
4.430131707615316827e-01
-2.746211534355152972e-01
1.992262865548293460e+00
-4.103181414896828194e-01
1.340969892353726101e-01
2.425886090932641292e-01
-2.167343890668642636e+00
6.260516559159474692e-01
8.090169943749776493e-01
1.233605576377209578e+00
-1.878894216741979539e+00
-1.289004936623093789e-01
2.840354932927908749e+00
-7.656633933246348445e-02
2.699079851721579715e-01
-1.039020912735249214e+00
2.367534466081283040e-01
-9.562181165977862163e-01
-8.135161605145576624e-01
-2.327464360887911976e-01
-4.225198680758775360e+00
-1.723689143233181120e+00
-7.577093434923803938e-01
-4.245966433113892990e-01
-2.727556014663243822e+00
-2.304484663853528126e+00
1.715024112167479631e+00
-2.979011143390777328e-01
1.183698360043298869e+00
6.412991060110320163e-01
9.916698431868750108e-01
1.349097565778514474e+00
1.811076868054778188e+00
3.491981568597993579e+00
-1.211397051604931274e+00
1.882180870576399823e-01
1.678412854542859378e+00
1.343489172486863836e+00
-3.786745558546369406e-01
-1.890707002863248665e+00
1.368450793490946005e+00
-6.755795695637233367e-01
7.390549173906093561e-01
8.343721183855054013e-01
-6.068767630181688411e-01
2.120459951852370351e-01
7.238094584060423831e-01
3.314780320719290962e+00
-1.135792165259963404e+00
-1.104127968447942809e+00
9.703614875904995607e-01
1.527806236939278639e-01
-4.461514739808949415e-01
-2.868248310175727678e+00
-7.956350622520208526e-01
-2.741231149965058567e+00
-1.629368289793685864e+00
-2.139676829758219156e-01
-2.927050983124877881e+00
-2.028995953664190388e+00
-1.182709304781248028e+00
2.352909105655662803e+00
-4.236984875686478635e-01
-1.112722249762835736e+00
1.943242707339843500e+00
1.236595643021439539e+00
2.305141037830471085e+00
5.527705518849416189e-01
1.583990828247672233e+00
-1.160207743109560041e-01
2.574377061088440333e-01
2.890419076492817929e+00
-8.547412699923480073e-01
-1.046825069254012419e+00
-7.788944297324005284e-01
2.083720179947570639e+00
5.254788128836250793e-01
-1.437739471530679491e+00
1.436117319311780882e+00
5.395738192003274314e-02
1.713923518738510898e+00
1.182227394904987516e+00
1.118411745049582073e+00
-3.827617548210590637e-01
-9.654566565540293466e-01
2.756974952411114010e+00
-9.283767870702938074e-01
-2.199260467738452629e+00
-2.297425096222195595e+00
-6.879212165744900132e-01
-9.143793434360799610e-01
-3.444815267813871706e+00
-8.898330040620074932e-01
-2.752151526735158171e+00
-1.089316671149395788e+00
4.437820978108590331e-01
1.685444059537428152e-01
-4.829787006618682099e-01
-1.366392617170165025e+00
3.566648612001391605e+00
1.538247066766848636e+00
9.110711065499776939e-02
5.200691953103631082e-01
9.114858226592552626e-01
1.848346681939186720e+00
-5.271166009017748122e-01
1.401291027642977749e+00
-1.154368603345395483e+00
-1.000000000000099032e+00
1.703380909389424991e+00
7.831048999491438956e-01
8.042099146315018210e-02
-1.784893655843954097e+00
2.670396036099745629e+00
2.044545114474947134e+00
2.358816883749166871e-01
1.209079003243691108e+00
1.768250079276314501e-01
1.469395368588967798e+00
-1.515937290148721139e-01
1.288427556899160553e+00
-1.407793839174590556e+00
-3.226534501595041071e+00
1.278237291198345282e-01
-1.026901211433130179e+00
-1.818867363087174116e+00
-4.204854344417734424e+00
-1.044440512693955991e+00
-2.590188363408624794e-01
-1.900727402160921731e+00
2.834518391915716862e-01
-1.220865322450365831e+00
2.678018838514560906e-01
4.912702940765478199e-01
2.443945281524925850e+00
1.073681433627291737e+00
-1.864311857687878771e+00
2.080255842144808298e+00
1.513730669792512806e+00
8.622981897500929804e-01
-1.328362648612865460e+00
-1.723461810391813676e-01
1.044769180557167054e+00
-9.295734864310459811e-01
1.720264744555005887e+00
-4.168584169695893626e-01
-3.376781525594073075e-01
8.071925671976537542e-01
2.585057981501596380e+00
2.384108642247654508e+00
-1.562228711439874296e+00
1.926104990353572965e+00
1.904513506782396615e+00
1.159073484398193576e+00
-1.775960563582562046e-01
-9.896129139283270648e-01
-7.947556666997512842e-02
-2.443366569716312497e+00
3.090169943749346837e-01
-1.800552785435938663e+00
-3.671895698966803234e+00
-2.129142425768606461e+00
-6.718806392036120734e-01
4.454993496778431039e-01
-3.389094581118308636e+00
-4.686727529874348264e-01
6.217276330862839817e-01
3.082650748754246495e-01
1.196809394800877557e+00
-7.218795684005407942e-03
9.732661134962523608e-01
-8.890283248702799401e-01
2.267196858691235217e+00
1.455175848620205104e+00
-1.948388729295402078e+00
-4.602010974125479992e-01
2.953432964475793954e-01
1.911800285528011845e+00
-1.527941496293379497e+00
-1.349117603329972881e-01
1.089778827324003663e+00
9.449577663612263034e-02
2.503011499754537184e+00
1.203735957327254358e+00
1.426988216756543304e+00
-2.617329370590537052e-01
2.504270275142637558e+00
3.233258195767120036e+00
-1.241206596330086898e+00
-2.931708390649894191e-01
-4.507139129540147504e-01
7.756245090549240828e-01
-1.832864052553136558e+00
-2.106745611094080317e+00
-1.264599341856277537e+00
-3.508844364249703585e+00
-2.972905452066130216e-01
-8.980331590110404161e-01
-1.419894832227270864e+00
-2.576836743360681137e+00
-2.245890856286885118e-01
2.656295481147143533e+00
-1.202726802769157999e+00
3.745885802750925642e-02
1.443541605707232556e-01
1.210674849775165596e+00
6.401980537712186337e-01
-7.478902497412720507e-02
8.090169943750227244e-01
-2.448529275638871461e+00
7.338084181327932942e-01
1.206685071006156740e+00
-3.164377650746849069e-01
-1.383359239195006252e+00
-4.225498554677318830e-01
3.331219630709153723e+00
1.851076897930368226e-01
1.161837999234824892e+00
1.394362452693790555e+00
1.293622654464090083e+00
2.294306035071819849e+00
1.551396471063529514e+00
2.319836419479505807e+00
-1.832414035418152176e+00
1.916755009990394054e-01
1.622332858695907376e+00
-9.431854388193330330e-01
-2.173799056872995905e+00
-3.022582513242584312e+00
2.339623648367920028e-01
-2.148697591380337002e+00
-1.618056497316593623e+00
-9.395915135482564295e-01
-2.414213562373192179e+00
-1.550874423076259445e-01
1.510751679261185254e-01
1.614093860767715327e+00
-1.920480758923191589e+00
-6.932374346935219478e-01
2.491382951894490105e+00
2.478048000394039718e-01
-1.051460551020237943e-01
-1.584105905656815416e+00
7.503100166674492311e-01
-5.587048392042106570e-01
-3.714587925387148326e-01
9.453858603496204660e-01
-2.118033170872354987e+00
3.570890865817255566e-02
1.109844328258852375e+00
2.684009108002599397e+00
-5.272765451675442971e-02
-2.846499726897993021e-01
3.711242002441450083e+00
1.778986729432104674e+00
2.106185921020786278e+00
5.903052840178304450e-01
1.187401685291705089e+00
4.270509831248367472e-01
-2.073124267613091209e-02
1.726760266112365994e+00
-2.825308225534571172e+00
-2.167103742038711811e+00
-9.402063241897662405e-01
5.798625861916192892e-03
-1.859823753229051135e+00
-3.608306166895973721e+00
3.360139325432859314e-01
-1.087803852795343085e+00
5.607673735923168756e-02
-6.245340770701185429e-02
-5.375850107546411571e-01
-2.645363223292763744e-01
-3.254792390426276549e-01
2.826697630888920454e+00
-1.326925143391078699e+00
-1.797505901917512361e+00
4.480266424810373793e-02
5.482848481110563776e-01
5.719586011989519214e-03
-2.549376958072652855e+00
5.447577246500791004e-01
-7.167745289639931849e-01
4.142980314225989114e-01
1.888322469858630948e+00
2.915522743287494167e-01
7.443012669868147579e-01
7.383362197736522692e-01
4.659014319535357274e+00
1.629943916530360637e+00
-1.608194950769086251e-01
1.852129561311105288e+00
1.414803188088500363e+00
1.666584845670109782e+00
-1.220448326706338626e+00
1.400488903426163612e-01
-1.678088969809030440e+00
-1.804186385759097178e+00
7.232081095646849533e-01
-1.951327065024933249e+00
-2.241137263829323878e+00
-2.558647407052220935e+00
1.314718221743608861e+00
1.184275409408077073e-01
-2.244070063178721153e+00
3.351020037188712219e-01
-3.609587346260436647e-01
1.041640654606660110e+00
-3.090169943748604653e-01
3.700976521286674092e-01
-1.070071100093700212e+00
-2.089151954421350599e+00
1.783492342446118206e+00
-7.275255276803491711e-01
-1.714185127869658487e+00
-2.197965161918509658e+00
7.695914773080094751e-01
1.275682167711412740e+00
-1.315512515490061762e+00
1.432651499236584858e+00
3.207306263713396444e-01
1.836085147606970835e+00
2.381786429992759579e+00
2.602280001148051358e+00
1.542673098524451891e+00
-6.336657153151008526e-01
3.675485265156341441e+00
1.747095043008325854e+00
-2.838357390744750131e-01
-1.200759619094256214e+00
-3.426864896395901416e-01
6.744201973494590163e-01
-2.319167021502146930e+00
-2.352722339287569575e-01
-2.150008233785785539e+00
-1.941269707783509046e+00
1.182136421586401642e-01
1.786953242161897215e-01
-2.501718341149066216e-01
-2.979319338519968774e+00
1.464725435216877925e+00
1.285145063840117396e+00
-6.689067915936480757e-01
-6.685210958033340756e-01
-1.082857228067921396e+00
5.310899867365246330e-01
-1.650550480821673549e+00
3.457280277191847606e-01
-1.456424290910877550e+00
-2.899236935223579614e+00
2.544280572970087917e-01
4.811142380311727029e-01
6.245349429388723506e-01
-2.242120781451341749e+00
1.378866455523001910e+00
2.794944929387070953e+00
1.075527458578417583e+00
2.312951838048604269e+00
1.000000000000000000e+00
2.312951838048376452e+00
1.075527458578542817e+00
2.794944929386900423e+00
1.378866455523390488e+00
-2.242120781451522937e+00
6.245349429387685447e-01
4.811142380311959066e-01
2.544280572969926935e-01
-2.899236935223239886e+00
-1.456424290911203956e+00
3.457280277192792406e-01
-1.650550480821786792e+00
5.310899867366347671e-01
-1.082857228067712008e+00
-6.685210958036008622e-01
-6.689067915935397179e-01
1.285145063839878699e+00
1.464725435217207217e+00
-2.979319338519959004e+00
-2.501718341151092373e-01
1.786953242162394595e-01
1.182136421584722985e-01
-1.941269707783133791e+00
-2.150008233785989376e+00
-2.352722339287536268e-01
-2.319167021502236636e+00
6.744201973493806346e-01
-3.426864896392485260e-01
-1.200759619094490027e+00
-2.838357390743974640e-01
1.747095043008064286e+00
3.675485265156324122e+00
-6.336657153149973798e-01
1.542673098524519837e+00
2.602280001148034483e+00
2.381786429992628129e+00
1.836085147607219525e+00
3.207306263714110317e-01
1.432651499236475612e+00
-1.315512515490063539e+00
1.275682167711258863e+00
7.695914773080492211e-01
-2.197965161918606469e+00
-1.714185127869601200e+00
-7.275255276803573867e-01
1.783492342446061585e+00
-2.089151954421341717e+00
-1.070071100093593630e+00
3.700976521289017773e-01
-3.090169943749744852e-01
1.041640654606730276e+00
-3.609587346259564011e-01
3.351020037186690503e-01
-2.244070063178776220e+00
1.184275409408240831e-01
1.314718221743642612e+00
-2.558647407052459410e+00
-2.241137263829338977e+00
-1.951327065024901053e+00
7.232081095645833679e-01
-1.804186385758851818e+00
-1.678088969808935182e+00
1.400488903427131726e-01
-1.220448326706706554e+00
1.666584845669900394e+00
1.414803188088814112e+00
1.852129561311167238e+00
-1.608194950765066689e-01
1.629943916529523751e+00
4.659014319535659254e+00
7.383362197738866373e-01
7.443012669868418474e-01
2.915522743288475604e-01
1.888322469858197517e+00
4.142980314229095518e-01
-7.167745289642327711e-01
5.447577246504073933e-01
-2.549376958072598676e+00
5.719586011663890801e-03
5.482848481114587225e-01
4.480266424799639324e-02
-1.797505901917042070e+00
-1.326925143391619599e+00
2.826697630888888479e+00
-3.254792390421102910e-01
-2.645363223293781818e-01
-5.375850107545001588e-01
-6.245340770759183480e-02
5.607673735952833916e-02
-1.087803852795475867e+00
3.360139325435428370e-01
-3.608306166895551392e+00
-1.859823753229743915e+00
5.798625862107678608e-03
-9.402063241898570567e-01
-2.167103742038479552e+00
-2.825308225534722162e+00
1.726760266112152387e+00
-2.073124267583770219e-02
4.270509831247766286e-01
1.187401685292009068e+00
5.903052840175544436e-01
2.106185921020795604e+00
1.778986729432225466e+00
3.711242002441466514e+00
-2.846499726894052285e-01
-5.272765451711622364e-02
2.684009108002702426e+00
1.109844328258798640e+00
3.570890865840037343e-02
-2.118033170872162252e+00
9.453858603493224821e-01
-3.714587925384659761e-01
-5.587048392043182377e-01
7.503100166677366678e-01
-1.584105905656899349e+00
-1.051460551021939915e-01
2.478048000396213535e-01
2.491382951894531406e+00
-6.932374346931187148e-01
-1.920480758923422737e+00
1.614093860767785049e+00
1.510751679260720071e-01
-1.550874423075438990e-01
-2.414213562372865773e+00
-9.395915135484551595e-01
-1.618056497316406217e+00
-2.148697591380631877e+00
2.339623648370732223e-01
-3.022582513242479063e+00
-2.173799056873161994e+00
-9.431854388191642791e-01
1.622332858695557878e+00
1.916755009993263426e-01
-1.832414035418374665e+00
2.319836419479479162e+00
1.551396471063598792e+00
2.294306035071796313e+00
1.293622654464499533e+00
1.394362452693563847e+00
1.161837999235056706e+00
1.851076897928013443e-01
3.331219630709239432e+00
-4.225498554674390062e-01
-1.383359239195322221e+00
-3.164377650746006410e-01
1.206685071005906718e+00
7.338084181330846167e-01
-2.448529275638947844e+00
8.090169943749792036e-01
-7.478902497400730098e-02
6.401980537709759389e-01
1.210674849775466910e+00
1.443541605707029385e-01
3.745885802758874839e-02
-1.202726802769360726e+00
2.656295481147176396e+00
-2.245890856286878456e-01
-2.576836743360736204e+00
-1.419894832227245995e+00
-8.980331590111990669e-01
-2.972905452066741949e-01
-3.508844364249690262e+00
-1.264599341856231351e+00
-2.106745611094043902e+00
-1.832864052553229817e+00
7.756245090549419574e-01
-4.507139129540080336e-01
-2.931708390650513696e-01
-1.241206596330149958e+00
3.233258195767198639e+00
2.504270275142753022e+00
-2.617329370591606752e-01
1.426988216756511108e+00
1.203735957327159323e+00
2.503011499754368874e+00
9.449577663627950486e-02
1.089778827324023203e+00
-1.349117603330821369e-01
-1.527941496293588886e+00
1.911800285528031385e+00
2.953432964475944944e-01
-4.602010974126015119e-01
-1.948388729295240651e+00
1.455175848620037238e+00
2.267196858691197914e+00
-8.890283248702721686e-01
9.732661134961596572e-01
-7.218795684008405544e-03
1.196809394800487647e+00
3.082650748757605474e-01
6.217276330861368772e-01
-4.686727529869282316e-01
-3.389094581118624383e+00
4.454993496773915762e-01
-6.718806392033029873e-01
-2.129142425768644653e+00
-3.671895698966409771e+00
-1.800552785436652314e+00
3.090169943750380455e-01
-2.443366569716236114e+00
-7.947556667013022658e-02
-9.896129139281094611e-01
-1.775960563587044017e-01
1.159073484398408960e+00
1.904513506782027576e+00
1.926104990353932234e+00
-1.562228711439908269e+00
2.384108642246976828e+00
2.585057981502014268e+00
8.071925671976548644e-01
-3.376781525590424882e-01
-4.168584169701369246e-01
1.720264744554928615e+00
-9.295734864308967671e-01
1.044769180556897270e+00
-1.723461810385822357e-01
-1.328362648613402808e+00
8.622981897500014981e-01
1.513730669792420880e+00
2.080255842144959288e+00
-1.864311857687622753e+00
1.073681433626919590e+00
2.443945281525134128e+00
4.912702940763958304e-01
2.678018838517844946e-01
-1.220865322450434887e+00
2.834518391912898005e-01
-1.900727402160832025e+00
-2.590188363412064820e-01
-1.044440512693589396e+00
-4.204854344417961798e+00
-1.818867363087302014e+00
-1.026901211433179473e+00
1.278237291198309755e-01
-3.226534501594686244e+00
-1.407793839174967365e+00
1.288427556899383042e+00
-1.515937290150153327e-01
1.469395368589114570e+00
1.768250079278090858e-01
1.209079003243257677e+00
2.358816883748685866e-01
2.044545114474651815e+00
2.670396036100127990e+00
-1.784893655844021154e+00
8.042099146297643220e-02
7.831048999491252438e-01
1.703380909389387021e+00
-9.999999999998167022e-01
-1.154368603345627964e+00
1.401291027643032816e+00
-5.271166009019245813e-01
1.848346681939264879e+00
9.114858226594764190e-01
5.200691953102567489e-01
9.110711065527815622e-02
1.538247066766641469e+00
3.566648612001569685e+00
-1.366392617170063772e+00
-4.829787006620759326e-01
1.685444059537171690e-01
4.437820978107096526e-01
-1.089316671149022531e+00
-2.752151526735309162e+00
-8.898330040620310299e-01
-3.444815267813962301e+00
-9.143793434361167094e-01
-6.879212165742119023e-01
-2.297425096222079688e+00
-2.199260467738187508e+00
-9.283767870702974712e-01
2.756974952411107793e+00
-9.654566565538726941e-01
-3.827617548210954235e-01
1.118411745049668005e+00
1.182227394904757478e+00
1.713923518738700524e+00
5.395738192005805622e-02
1.436117319311822182e+00
-1.437739471530660396e+00
5.254788128834652072e-01
2.083720179947755380e+00
-7.788944297324232879e-01
-1.046825069253909612e+00
-8.547412699923364610e-01
2.890419076492558137e+00
2.574377061090215024e-01
-1.160207743107093820e-01
1.583990828247834548e+00
5.527705518848020638e-01
2.305141037830463535e+00
1.236595643021779267e+00
1.943242707339567499e+00
-1.112722249762469362e+00
-4.236984875687372365e-01
2.352909105655582422e+00
-1.182709304781327297e+00
-2.028995953664209040e+00
-2.927050983124698469e+00
-2.139676829761248400e-01
-1.629368289793454938e+00
-2.741231149965118519e+00
-7.956350622519696714e-01
-2.868248310175854243e+00
-4.461514739808639662e-01
1.527806236941265938e-01
9.703614875904319481e-01
-1.104127968447727426e+00
-1.135792165259954523e+00
3.314780320719397100e+00
7.238094584060347225e-01
2.120459951851116909e-01
-6.068767630178342198e-01
8.343721183848272771e-01
7.390549173911140635e-01
-6.755795695637416554e-01
1.368450793491119644e+00
-1.890707002862986430e+00
-3.786745558552869761e-01
1.343489172487130734e+00
1.678412854542628452e+00
1.882180870583679555e-01
-1.211397051605310082e+00
3.491981568597775087e+00
1.811076868055042866e+00
1.349097565778450525e+00
9.916698431873562924e-01
6.412991060107300356e-01
1.183698360043500486e+00
-2.979011143390430938e-01
1.715024112167548909e+00
-2.304484663853298532e+00
-2.727556014663561790e+00
-4.245966433113525507e-01
-7.577093434924623283e-01
-1.723689143232852050e+00
-4.225198680758660785e+00
-2.327464360893076734e-01
-8.135161605141920660e-01
-9.562181165978856923e-01
2.367534466084972311e-01
-1.039020912735357793e+00
2.699079851719905498e-01
-7.656633933255274638e-02
2.840354932927688036e+00
-1.289004936615521235e-01
-1.878894216742584611e+00
1.233605576377211577e+00
8.090169943748599657e-01
6.260516559161302119e-01
-2.167343890668407713e+00
2.425886090928724426e-01
1.340969892357091187e-01
-4.103181414901401203e-01
1.992262865548835471e+00
-2.746211534354617845e-01
4.430131707614151093e-01
6.874304228133295558e-01
3.753354484493924392e+00
2.163716553225738526e+00
-9.414762497679738384e-01
2.192214830271785875e+00
1.505853157265458986e+00
1.629657527241633819e+00
-7.877292720430886241e-01
-4.528852451550611224e-01
-8.110728034363487993e-01
-2.398870374794445759e+00
6.621267946180116049e-01
-2.173493143626288315e+00
-2.912346743766707213e+00
-2.465666486161696369e+00
2.066928326364388391e-01
4.142135623733212979e-01
-3.050271214897538830e+00
1.777123849363656527e-01
-8.743194392163533557e-03
8.102414936667228229e-01
5.039971943231015272e-01
1.103771135796858260e-01
1.751752641241987041e-01
-1.714850219218475358e+00
2.230423836234177504e+00
2.019717498523232457e-01
-1.841337222688205211e+00
-1.314394373670423333e+00
3.281273773583166520e-01
1.774543169450680136e+00
-1.678199125670432057e+00
8.292804696717014368e-01
6.424770103947807787e-01
9.948659343760851703e-01
2.634357172146279069e+00
1.801541321796471973e+00
1.807331973585757368e+00
-5.716950194233348936e-01
3.314668640879031347e+00
2.517891663092708843e+00
-8.090169943751828185e-01
-5.869241459885276013e-01
-6.388248338213267097e-01
8.955054297329956281e-01
-2.336721733547135749e+00
-1.163993374421141036e+00
-1.774311040748881574e+00
-2.933412409774224017e+00
4.359601066216711729e-02
-6.224172515714282428e-01
-6.472439597208524686e-01
-2.920244968683375575e+00
6.868351425265523114e-01
2.089191128773853379e+00
-1.063267152490646072e+00
-5.905301623755021545e-02
-6.578974959024544988e-01
1.062252433829479425e+00
-6.068813471757562583e-01
9.484374966197388346e-02
-2.396145337072590475e-01
-2.934280899695214551e+00
6.650625825976537175e-01
5.953801125831996721e-01
2.533226674036666015e-01
-1.873947579847815348e+00
4.176840882572031011e-01
3.273844548321787062e+00
4.673111190715107943e-01
2.041721969114889568e+00
1.121934377127313365e+00
1.989386683544743573e+00
1.791155795652012772e+00
2.129793814502126459e+00
2.104821437505309589e+00
-2.253015646415462037e+00
6.034942561930249916e-01
8.883382255452798582e-01
-3.703913882962770465e-01
-2.546741164435397664e+00
-2.487342505366454404e+00
4.368991449082141321e-01
-2.197094565684453826e+00
-4.195908541681894199e-01
-1.119896049383917180e+00
-1.570011224957782003e+00
-2.770498364081886988e-01
5.554675040892953497e-01
1.814112037042403314e+00
-2.624741192459993044e+00
-3.090169943754689230e-01
1.327651648000640838e+00
1.047535055918496494e-01
-8.857699801602643142e-01
-2.128193786613927330e+00
4.300122149274665517e-01
-1.682145546758275545e+00
1.753415784231552310e-01
2.810290606619252340e-01
-1.820941429613881279e+00
6.233821542617312694e-02
1.226288868045195102e+00
3.440437209542493768e+00
-4.115383159833251314e-01
7.476379218680788696e-01
3.342577359794754344e+00
2.010910329637463523e+00
2.274837511660670941e+00
3.033601651646989916e-01
1.529677471256325694e+00
-5.227050701138939992e-01
5.856627771162725704e-01
1.341103268277564320e+00
-2.779568295201661599e+00
-1.794351167811063963e+00
-1.109304282826480748e+00
9.648472778269917560e-01
-2.066278374538395024e+00
-2.457053275976638140e+00
5.173146185046951784e-01
-9.124901768750424136e-01
7.922608582514020226e-01
-3.442285044962167806e-01
2.393058810932030545e-02
-1.202752212890141115e+00
-2.123778267568636191e-01
2.284859194544259786e+00
-2.193421268384514455e+00
-1.864179617157504687e+00
-1.136803112895551360e+00
6.038962811492236682e-01
-8.945008442388024950e-01
-2.351205466527829024e+00
5.231751410308259631e-01
-1.218239886531014893e+00
1.209934881686737906e+00
1.607450562427916951e+00
1.107444348823221514e+00
4.950120444448092849e-01
1.076293194024208422e+00
