5.000000000000000000e+00
1.441768845716911995e+00
6.701281134961224462e-01
1.345183093205077007e+00
-3.875594019694083014e-01
2.807214489066345298e-01
-2.857579268381077453e-01
1.072859922853067749e+00
-1.022162547500264251e+00
-3.970390769520145469e+00
-8.560094199460188680e-01
-2.170957073566793571e+00
-1.905399794362032440e+00
7.284495981265637354e-01
-1.076328743569503477e-01
-2.676898329563770496e-01
-1.937769406080841694e+00
2.545361451070848879e-01
1.566804161299058862e+00
-4.714072129916184739e-01
2.748024983916148578e+00
1.419655857371352914e+00
-1.273795609202173384e+00
-2.852034876065348001e-01
-3.185737986775127872e-01
1.221147273032880509e+00
-9.990737925567871880e-02
6.692249847915161531e-01
1.543437253125050646e+00
-2.498159491772790730e+00
-1.768255650006671509e-01
1.529196290114736012e+00
6.295754203255146120e-01
1.732194301769169886e+00
6.938742194042639699e-01
9.466215846430630076e-01
-1.469366631034816351e+00
-1.462048326498589734e+00
1.946404440561841476e+00
-1.041402088441026663e+00
-9.505273884787890371e-01
-4.889059046084928140e-01
-2.922211087853252121e+00
-2.485032805267637368e+00
-2.248475381536938933e+00
6.911575381170023125e-01
1.846835472661378375e-01
-1.447211649639712494e+00
1.648546244223596080e+00
-4.500815679791067003e-01
-1.909830056250546026e-01
2.947640610920399418e+00
2.832929808025814289e+00
2.995151820166707335e+00
7.364822568210470655e-01
1.439519815076636178e+00
9.317183607917930432e-01
-1.649148633357580884e+00
1.913133526161409304e+00
8.158305105584185979e-01
-1.755942691814415646e+00
-1.443180783345532348e+00
-2.597173372915493772e+00
-1.644707831545208609e+00
-2.364327247926602649e+00
-1.866028352607674301e-01
1.435180141853802827e+00
-2.425463018975905438e+00
-5.258776624490163476e-01
2.224486451175551049e-01
-6.832922003829753343e-01
1.403567927227425516e+00
1.500282360611549848e+00
2.158781989004929791e+00
-7.008766181790312411e-01
-1.263444334529466584e+00
1.536759726093464895e+00
-1.021597815712874890e+00
5.859334347778661911e-01
1.977695155063557975e+00
-3.984028052303009715e-01
-6.403615249429149836e-01
-1.255292432404739644e+00
1.256155563239152340e+00
9.791711606108859378e-01
2.081313953013278484e-01
3.161940949194904871e+00
-2.875792729091856681e-01
-1.465775654078663948e+00
3.475940772251166488e-01
-2.084658624710734598e-01
4.758011909550204921e-01
-1.035463644343874057e+00
-2.725113467210563134e-01
-1.642853143815834915e+00
-4.545916888608776851e+00
-5.501149380856659166e-01
-5.462984044117632498e-01
-1.145870915956654690e+00
5.969336919396718288e-01
-3.090169943749527803e-01
1.538958219311543640e-01
-8.083756552988423660e-01
1.890558214356860889e+00
4.117397753130588534e+00
9.725984618250514968e-01
2.771412540276241288e+00
1.927000466076876029e+00
-5.993918161459399485e-01
5.856900831068190261e-01
6.401602101822846391e-01
1.659067623370774847e+00
-1.056369754126307514e+00
-1.983600910530308070e+00
-5.149135915917716355e-01
-3.931300225638312273e+00
-1.824181289120518024e+00
5.054237966774662860e-01
-7.853179983992454316e-01
-5.162169956689386385e-01
-1.531373680657948100e+00
1.081082923285966446e-01
-5.625312431080422559e-01
-3.843773269541482240e-01
3.618869170633575827e+00
7.071067811865712205e-01
-3.673984085225843188e-01
6.119505516468800588e-01
-6.931647823766737826e-01
2.477848576349329646e-01
-4.084044350540227963e-02
1.942220169011308561e+00
7.891614919293226116e-01
-2.393706212990402538e+00
7.328020764835863066e-01
-8.247943961581527539e-02
-2.554525403290709429e-01
2.230131734778140640e+00
1.452041403726479940e+00
1.037866198132654239e+00
-1.428005259044403452e+00
-1.194585645633685633e-01
1.156487128494378513e+00
-1.585746778097048670e+00
1.047891371095649893e+00
9.963490014297837760e-02
-2.934735410439544445e+00
-2.347373816734392271e+00
-2.341903618750272642e+00
-3.715744569933291386e-01
-1.309016994374926357e+00
-4.241403430541030861e-01
1.455397289915939307e+00
-2.233078410700778171e+00
-2.062222856789859837e-01
2.168902398465009540e+00
1.687022253362335800e+00
2.930946613502376952e+00
2.040004888608428768e+00
2.532154463647007248e+00
1.131606061507974825e-01
-6.856193550988864960e-01
2.871649522031546997e+00
1.418730476310429145e-01
-3.695834498091599141e-01
1.207727032712708204e-01
-2.397013659216114423e+00
-2.438157989214118970e+00
-2.743902161042114596e+00
9.924846502287143490e-02
-5.991272746751563627e-02
-2.303573752477468872e+00
6.141313493323643513e-01
-1.259967030066617699e+00
-1.706484175922847069e+00
1.263444334529435942e+00
1.475949668242965362e+00
1.949703154676506234e+00
-3.009499710095313585e-01
4.189546808094898878e-01
6.224871030709908659e-01
-2.036407658833705892e+00
1.686436953882220813e+00
1.737701436401931421e+00
-4.840525215461046749e-01
-1.352308329764240202e-02
-9.093534178596003326e-01
2.653192720883780220e-01
-5.612015211247561863e-01
1.231498239542540230e+00
3.334035551823580690e+00
-8.344429699083176777e-01
5.222642138855410066e-02
5.893074182722681797e-01
-9.210375698074785289e-01
4.514563841787926357e-01
1.802846423663108100e-01
8.496959084257122985e-01
-2.113491234083625159e+00
-3.460631052183221090e+00
-4.270509831248379129e-01
-2.630776099684617453e+00
-1.241537718916398081e+00
8.873613887040809889e-01
-7.850681539705900436e-01
-7.731380444935951335e-01
-1.320489321992485809e+00
1.569204497446192281e+00
1.999822930222762807e+00
1.066788481028493107e+00
4.419022568641903348e+00
1.579434471731688605e+00
-1.724797933629627633e-01
1.402133223911843585e+00
8.935213349080285417e-01
1.543719199295192190e+00
-2.272763257990283448e-01
3.348957974230942769e-01
-7.558842744063899444e-01
-4.427982780520054007e+00
-1.023799957106447778e+00
-6.705982824560705602e-01
-1.607325853030502349e+00
-1.170414758784917852e-01
-1.045624346257628456e+00
-6.809657595573685995e-01
-2.089688985564425394e+00
7.841028179225828509e-02
2.889930914235674386e+00
-1.835016065940756613e-01
1.354615533848667397e+00
1.150999781192750815e+00
-1.258945892709133041e+00
-1.073862810445700422e-01
3.068282186956476920e-01
2.116741477799287452e+00
6.105763790219409515e-02
-9.436164063776737443e-01
1.179401272514273957e+00
-1.953649442714989748e+00
-3.841919787294822419e-01
2.272220317180722482e+00
1.173908790311252170e+00
1.137949294567632830e+00
-4.591677000828452981e-01
7.197212259863934314e-01
-2.882403601722751674e-01
-1.222466076474886698e+00
2.552073005765752356e+00
-1.653624698860470810e-01
-2.000000000000016431e+00
-1.280521221613519334e+00
-2.575732543305129685e+00
-1.655130896854746680e+00
-1.938558636630160370e+00
4.461427012344974519e-01
3.091681577722540375e-01
-2.901800366322595526e+00
3.432888818648295315e-01
3.615948618394147496e-01
2.240952448223249571e-01
2.957767846684747237e+00
2.728883473286857875e+00
2.691528884530131727e+00
3.909949508988602718e-02
8.684831317176536780e-01
2.524944363935829550e+00
-4.864072284982088323e-01
1.689996134965042529e+00
1.195099793614361472e+00
-2.098230561657194571e+00
-2.099237407564046975e+00
-2.460872726955780188e+00
-5.202028731864716260e-01
-1.549466300282273945e+00
-1.221147273032908487e+00
9.884728679936133355e-01
-2.819837760740748767e+00
-1.691075096543993128e+00
7.561201637184620239e-01
3.669859663590111509e-01
1.557697790361652679e+00
7.066326837337341127e-01
1.525018498395506183e+00
-5.258886411183789633e-01
-1.755782355676790196e+00
2.316697253110485910e+00
5.097250416086135383e-01
6.571810604171675341e-02
1.144037254677685356e+00
-8.167591772631214164e-01
-7.391570816669067456e-01
-1.204316318096092520e+00
1.727393738879498875e+00
2.136316147264641696e+00
-6.315952137670146627e-01
1.881853823695194716e+00
3.319130125461761116e-02
-1.407842073351454726e+00
8.392844022160163009e-01
8.090169943749576653e-01
1.113096864184675683e+00
-1.616425615479928357e+00
-1.472868914854760236e+00
-1.002827662397772102e+00
-4.042225267773089215e+00
-5.918500808767803711e-01
3.680206799136490625e-01
-1.473823529458715864e+00
-8.070721520028414364e-01
-1.341238933902215269e+00
3.335020278133229987e-01
-1.873086553234359353e-01
1.557924059313475773e+00
4.589118331006102558e+00
8.025270801700966627e-01
1.206678455260626892e+00
1.988996246564926018e+00
4.161725096748973840e-01
1.480972251752996183e+00
1.067200475636927326e+00
1.911588389808936306e+00
-9.812848907317688329e-01
-3.213661681121498415e+00
-2.983415370292892277e-01
-2.439014839114322264e+00
-1.755567168357426100e+00
4.357915299675098053e-01
-1.105247840062781872e+00
-1.384924186934212376e+00
-2.495287583539668397e+00
1.322225389638380655e-01
8.772572410223566930e-01
-5.060340139714161189e-01
2.959037881286995741e+00
8.041313341849938290e-01
-1.264256752220378477e+00
2.967463315894732778e-01
2.263311135738264035e-01
1.424396484445848099e+00
2.141876518704577403e-02
9.396352995711449996e-01
8.109220730882416017e-01
-2.940984867823376980e+00
2.373692888288538860e-01
1.274237119677035013e+00
3.303786618359526583e-01
1.646731532517777818e+00
6.224904005615902181e-01
7.708665063279925844e-01
-1.309016994374867959e+00
-1.813950285997483203e-01
2.671445624419505727e+00
-7.367737075102112065e-01
-4.664726901181837082e-02
-1.935753244090114289e-01
-2.891439001095353234e+00
-2.209310068602151400e+00
-1.892909342659877314e+00
4.051023275333672236e-01
-1.041587312835602575e+00
-2.173535264530995992e+00
6.075683642423086450e-01
-1.934894330872003465e+00
-6.186457483509555377e-01
2.627144156058083713e+00
2.217101983098032303e+00
2.470033179844115967e+00
8.259779128618610633e-01
2.034756139238438788e+00
1.282359426532006630e+00
-3.037622072046248789e-01
3.464273548725352647e+00
1.270716517799686862e+00
-1.096769919687163419e+00
-7.071067811865104913e-01
-2.154700842423754814e+00
-1.498289742492286303e+00
-2.208577523240689899e+00
-5.213094275898405572e-02
2.898546976314123613e-01
-3.460759312580898417e+00
-8.298214063919474581e-01
-5.817507635310916747e-01
-1.125722770461088817e+00
1.386635509195935478e+00
1.389011880271703969e+00
1.688363506624250610e+00
-1.003240013842510825e+00
-5.233985569726069542e-01
1.829432361697803877e+00
-8.713338460770012617e-01
1.335814030311456735e+00
1.868056380622390877e+00
-9.278649102764549017e-01
-8.786580375588048941e-01
-1.136015073679319087e+00
1.193589309887692851e+00
4.788336496296286549e-01
3.990736636617928657e-01
2.927050983124827699e+00
-9.436598552134711770e-01
-9.320167745207619259e-01
1.132645282594666236e+00
4.259585619286024860e-01
1.102777370466904827e+00
-2.815383983754753960e-01
2.825496010420531778e-01
-1.815463317352649986e+00
-3.947590954173271438e+00
7.388649113316980710e-02
-1.086371206571992154e+00
-1.632204981526811149e+00
-1.510401063111826980e-01
-1.528100747165396012e+00
-1.133035432757646177e+00
-1.541195382681859183e+00
1.688036439946313472e+00
3.121937352424683620e+00
4.088905209562379017e-01
2.953603116237280002e+00
1.710802784348345540e+00
-9.481694404748836069e-02
1.845773315811917836e+00
1.925291618186724563e+00
2.439014839114454603e+00
-4.767315130345042284e-01
-8.948234625601356740e-01
-2.180474988701348593e-01
-3.734110997845817348e+00
-1.006395378324862699e+00
3.329867619632153053e-01
-1.576731801108064213e+00
-1.301234663990919360e+00
-2.157806075568499349e+00
-6.024011616117852519e-01
-1.315437665219924668e+00
-1.785354998566122120e-01
3.345683549363771103e+00
-1.218194840103907772e-01
-2.368539261070551905e-01
8.256846113527618325e-01
-4.915364180913129877e-01
6.918205351717680029e-01
5.811692898924322170e-01
2.151249068517713248e+00
8.606076321043193422e-02
-2.371978813737808167e+00
8.969870415377388939e-01
-6.001064229216267476e-01
-1.909830056249511021e-01
2.241573265447633467e+00
1.000833548044222310e+00
5.266589596810501428e-01
-1.281469216990854143e+00
7.135757201435563024e-01
1.432648556265034845e+00
-8.115654310582095521e-01
2.126704475726551635e+00
1.612745052467643436e-01
-2.651736002900053624e+00
-1.682069637968375275e+00
-1.839642753240582795e+00
-4.498099390216316884e-01
-1.740851956983842097e+00
-7.345584282615247318e-01
5.929074751322638281e-02
-3.592108597587903684e+00
-5.803238296527946094e-01
1.341088700043652437e+00
8.336395557480920093e-01
2.412637610510467656e+00
1.754963696449442612e+00
2.267654251827592837e+00
1.570588575198562376e-01
6.809657595572151667e-01
3.957729084524198360e+00
7.269960790008977991e-01
8.447374219222749669e-01
8.630831567868735288e-01
-2.004409956107591650e+00
-1.874692361815444297e+00
-1.997854403554879976e+00
3.392573644358122253e-01
-8.940031765505214167e-01
-2.717534776560726062e+00
7.475741364924348709e-03
-2.476362076278986635e+00
-2.002884951439273475e+00
1.166838669597154432e+00
1.016106153853080230e+00
1.336575590500059585e+00
-4.950351246759241430e-01
6.909911489018054631e-01
4.357574691489354279e-01
-1.446585376127625944e+00
2.614358398771806424e+00
1.532413880124494421e+00
-6.464685759567152523e-01
4.114845782739018354e-03
-1.000000000000000000e+00
4.114845782777099004e-03
-6.464685759566837220e-01
1.532413880124300132e+00
2.614358398771937431e+00
-1.446585376127585310e+00
4.357574691487409724e-01
6.909911489019319175e-01
-4.950351246758984969e-01
1.336575590500043376e+00
1.016106153853077121e+00
1.166838669597212608e+00
-2.002884951439114491e+00
-2.476362076279141178e+00
7.475741365013388595e-03
-2.717534776560570631e+00
-8.940031765506999406e-01
3.392573644358543028e-01
-1.997854403554859770e+00
-1.874692361815487818e+00
-2.004409956107690238e+00
8.630831567867768284e-01
8.447374219223924285e-01
7.269960790006962936e-01
3.957729084524120644e+00
6.809657595573807010e-01
1.570588575197193471e-01
2.267654251827593281e+00
1.754963696449509669e+00
2.412637610510540931e+00
8.336395557481212082e-01
1.341088700043599813e+00
-5.803238296528824280e-01
-3.592108597587831742e+00
5.929074751339724614e-02
-7.345584282615821303e-01
-1.740851956983721749e+00
-4.498099390216091509e-01
-1.839642753240724238e+00
-1.682069637968215625e+00
-2.651736002900102029e+00
1.612745052469013451e-01
2.126704475726526322e+00
-8.115654310582458564e-01
1.432648556264833672e+00
7.135757201436162545e-01
-1.281469216990724025e+00
5.266589596810890006e-01
1.000833548044270049e+00
2.241573265447731611e+00
-1.909830056251421160e-01
-6.001064229217604185e-01
8.969870415377366735e-01
-2.371978813737825043e+00
8.606076321065131429e-02
2.151249068517618657e+00
5.811692898924342154e-01
6.918205351717158225e-01
-4.915364180913344150e-01
8.256846113527280817e-01
-2.368539261070658486e-01
-1.218194840102791998e-01
3.345683549363800857e+00
-1.785354998562306283e-01
-1.315437665220041907e+00
-6.024011616114965939e-01
-2.157806075568344362e+00
-1.301234663990910700e+00
-1.576731801108007591e+00
3.329867619631273756e-01
-1.006395378324576040e+00
-3.734110997845991431e+00
-2.180474988703937633e-01
-8.948234625596943603e-01
-4.767315130348622754e-01
2.439014839114398647e+00
1.925291618186651954e+00
1.845773315812163862e+00
-9.481694404756724204e-02
1.710802784347877026e+00
2.953603116237617066e+00
4.088905209562867515e-01
3.121937352424331458e+00
1.688036439946601464e+00
-1.541195382681605164e+00
-1.133035432757680594e+00
-1.528100747165344941e+00
-1.510401063113212539e-01
-1.632204981526523380e+00
-1.086371206572393167e+00
7.388649113329870399e-02
-3.947590954173119560e+00
-1.815463317353129380e+00
2.825496010420469606e-01
-2.815383983755963548e-01
1.102777370466830664e+00
4.259585619285880531e-01
1.132645282594805458e+00
-9.320167745207905696e-01
-9.436598552137978047e-01
2.927050983124837025e+00
3.990736636618548161e-01
4.788336496294456901e-01
1.193589309887874261e+00
-1.136015073679208953e+00
-8.786580375588246561e-01
-9.278649102766154400e-01
1.868056380622260759e+00
1.335814030311632372e+00
-8.713338460769997074e-01
1.829432361697591158e+00
-5.233985569725252418e-01
-1.003240013842487954e+00
1.688363506624055876e+00
1.389011880271746158e+00
1.386635509196032068e+00
-1.125722770460949373e+00
-5.817507635313228231e-01
-8.298214063918053496e-01
-3.460759312580930391e+00
2.898546976313761681e-01
-5.213094275881902107e-02
-2.208577523240714768e+00
-1.498289742492203480e+00
-2.154700842423807661e+00
-7.071067811866263986e-01
-1.096769919687272221e+00
1.270716517799516776e+00
3.464273548725495644e+00
-3.037622072045097488e-01
1.282359426531891167e+00
2.034756139238615535e+00
8.259779128618109922e-01
2.470033179844037807e+00
2.217101983098108242e+00
2.627144156058284441e+00
-6.186457483507540323e-01
-1.934894330872115376e+00
6.075683642423569397e-01
-2.173535264530667366e+00
-1.041587312835634993e+00
4.051023275335013385e-01
-1.892909342659730765e+00
-2.209310068602135857e+00
-2.891439001095423400e+00
-1.935753244093026681e-01
-4.664726901148891214e-02
-7.367737075103226729e-01
2.671445624419392040e+00
-1.813950285996321354e-01
-1.309016994374982534e+00
7.708665063279187546e-01
6.224904005615673475e-01
1.646731532517825336e+00
3.303786618358505733e-01
1.274237119676982166e+00
2.373692888289445913e-01
-2.940984867823400517e+00
8.109220730882955586e-01
9.396352995711284573e-01
2.141876518702051646e-02
1.424396484445757505e+00
2.263311135737637869e-01
2.967463315893698605e-01
-1.264256752220407787e+00
8.041313341849839480e-01
2.959037881287044591e+00
-5.060340139714192276e-01
8.772572410223034023e-01
1.322225389637255999e-01
-2.495287583539638643e+00
-1.384924186934255896e+00
-1.105247840062730580e+00
4.357915299675298448e-01
-1.755567168357375696e+00
-2.439014839114477251e+00
-2.983415370293548419e-01
-3.213661681121469549e+00
-9.812848907316420455e-01
1.911588389808923427e+00
1.067200475636878476e+00
1.480972251752868729e+00
4.161725096746419217e-01
1.988996246565038373e+00
1.206678455260661531e+00
8.025270801703081602e-01
4.589118331006092788e+00
1.557924059313408272e+00
-1.873086553236695817e-01
3.335020278135886196e-01
-1.341238933902116237e+00
-8.070721520026634677e-01
-1.473823529458623049e+00
3.680206799133889373e-01
-5.918500808763216270e-01
-4.042225267773223329e+00
-1.002827662398066977e+00
-1.472868914854256195e+00
-1.616425615480032052e+00
1.113096864184520696e+00
8.090169943749407899e-01
8.392844022160630413e-01
-1.407842073351226020e+00
3.319130125420094446e-02
1.881853823695582628e+00
-6.315952137669076372e-01
2.136316147264305521e+00
1.727393738879746676e+00
-1.204316318095886018e+00
-7.391570816669195132e-01
-8.167591772631243030e-01
1.144037254677507054e+00
6.571810604181173299e-02
5.097250416082083069e-01
2.316697253110595156e+00
-1.755782355676457129e+00
-5.258886411188933296e-01
1.525018498395742439e+00
7.066326837335964450e-01
1.557697790361650014e+00
3.669859663589112309e-01
7.561201637183849744e-01
-1.691075096543678935e+00
-2.819837760740889543e+00
9.884728679935903539e-01
-1.221147273032618941e+00
-1.549466300282311026e+00
-5.202028731866377154e-01
-2.460872726955797063e+00
-2.099237407564079838e+00
-2.098230561657334903e+00
1.195099793614104344e+00
1.689996134965223495e+00
-4.864072284983951278e-01
2.524944363935671010e+00
8.684831317178047794e-01
3.909949508974983057e-02
2.691528884530062005e+00
2.728883473286855654e+00
2.957767846684710378e+00
2.240952448224241000e-01
3.615948618393372005e-01
3.432888818650324803e-01
-2.901800366322490277e+00
3.091681577719714857e-01
4.461427012347972676e-01
-1.938558636630269838e+00
-1.655130896854775102e+00
-2.575732543305212729e+00
-1.280521221613528660e+00
-1.999999999999964251e+00
-1.653624698863710440e-01
2.552073005765846503e+00
-1.222466076474773011e+00
-2.882403601723151909e-01
7.197212259863255968e-01
-4.591677000828340849e-01
1.137949294567646596e+00
1.173908790311335437e+00
2.272220317180608795e+00
-3.841919787291581123e-01
-1.953649442715008178e+00
1.179401272514230659e+00
-9.436164063774085120e-01
6.105763790201712560e-02
2.116741477799366500e+00
3.068282186956823310e-01
-1.073862810446426508e-01
-1.258945892709220082e+00
1.150999781192781457e+00
1.354615533848736453e+00
-1.835016065940635599e-01
2.889930914235658399e+00
7.841028179247278018e-02
-2.089688985564489787e+00
-6.809657595574470923e-01
-1.045624346257592485e+00
-1.170414758783459019e-01
-1.607325853030524554e+00
-6.705982824561937949e-01
-1.023799957106245051e+00
-4.427982780520070882e+00
-7.558842744064068198e-01
3.348957974231225876e-01
-2.272763257989232621e-01
1.543719199295038091e+00
8.935213349080313172e-01
1.402133223911647519e+00
-1.724797933629023949e-01
1.579434471731787415e+00
4.419022568641908677e+00
1.066788481028621671e+00
1.999822930222691753e+00
1.569204497446271773e+00
-1.320489321992488030e+00
-7.731380444935588292e-01
-7.850681539706647616e-01
8.873613887041963411e-01
-1.241537718916494448e+00
-2.630776099684679625e+00
-4.270509831248601174e-01
-3.460631052183269496e+00
-2.113491234083748171e+00
8.496959084255495398e-01
1.802846423663616582e-01
4.514563841787193610e-01
-9.210375698076014306e-01
5.893074182722476406e-01
5.222642138848432314e-02
-8.344429699083290020e-01
3.334035551823588239e+00
1.231498239542436091e+00
-5.612015211246594859e-01
2.653192720882238120e-01
-9.093534178595357176e-01
-1.352308329765050665e-02
-4.840525215460420583e-01
1.737701436401467792e+00
1.686436953882734402e+00
-2.036407658833703227e+00
6.224871030707590513e-01
4.189546808098145170e-01
-3.009499710096988911e-01
1.949703154676460048e+00
1.475949668242992896e+00
1.263444334529516322e+00
-1.706484175922432289e+00
-1.259967030067013605e+00
6.141313493327881234e-01
-2.303573752477224623e+00
-5.991272746759257473e-02
9.924846502290601835e-02
-2.743902161041940957e+00
-2.438157989214187360e+00
-2.397013659216170822e+00
1.207727032712500037e-01
-3.695834498089841103e-01
1.418730476307207278e-01
2.871649522031451518e+00
-6.856193550985603125e-01
1.131606061503826477e-01
2.532154463647184439e+00
2.040004888608499822e+00
2.930946613502400488e+00
1.687022253362164825e+00
2.168902398465116121e+00
-2.062222856786826708e-01
-2.233078410700902072e+00
1.455397289915959735e+00
-4.241403430539114616e-01
-1.309016994375062026e+00
-3.715744569932751817e-01
-2.341903618750303284e+00
-2.347373816734290575e+00
-2.934735410439495595e+00
9.963490014253387206e-02
1.047891371095914126e+00
-1.585746778097153697e+00
1.156487128494148919e+00
-1.194585645633205462e-01
-1.428005259044325070e+00
1.037866198132501916e+00
1.452041403726479274e+00
2.230131734778135311e+00
-2.554525403290646146e-01
-8.247943961602660634e-02
7.328020764837206436e-01
-2.393706212990354576e+00
7.891614919290245167e-01
1.942220169011582342e+00
-4.084044350561799597e-02
2.477848576349340748e-01
-6.931647823768629646e-01
6.119505516469769812e-01
-3.673984085225936447e-01
7.071067811863854802e-01
3.618869170633618904e+00
-3.843773269540144422e-01
-5.625312431081508358e-01
1.081082923286436626e-01
-1.531373680657884817e+00
-5.162169956689240946e-01
-7.853179983992700786e-01
5.054237966773053037e-01
-1.824181289120322180e+00
-3.931300225638441059e+00
-5.149135915918121587e-01
-1.983600910530313399e+00
-1.056369754126240679e+00
1.659067623370710232e+00
6.401602101822776447e-01
5.856900831068216906e-01
-5.993918161459479421e-01
1.927000466076724816e+00
2.771412540276467773e+00
9.725984618250101965e-01
4.117397753130498828e+00
1.890558214357236366e+00
-8.083756552990367661e-01
1.538958219313454334e-01
-3.090169943748446446e-01
5.969336919398825492e-01
-1.145870915956790803e+00
-5.462984044116211413e-01
-5.501149380856128479e-01
-4.545916888608754647e+00
-1.642853143815869554e+00
-2.725113467210099616e-01
-1.035463644343831202e+00
4.758011909549770824e-01
-2.084658624710913344e-01
3.475940772251303046e-01
-1.465775654078446344e+00
-2.875792729094180933e-01
3.161940949194906203e+00
2.081313953013614881e-01
9.791711606108953747e-01
1.256155563239021111e+00
-1.255292432404759850e+00
-6.403615249429219780e-01
-3.984028052302757139e-01
1.977695155063531551e+00
5.859334347779843188e-01
-1.021597815712980584e+00
1.536759726093374967e+00
-1.263444334529402635e+00
-7.008766181791555860e-01
2.158781989005036372e+00
1.500282360611634003e+00
1.403567927227540091e+00
-6.832922003832601066e-01
2.224486451177037361e-01
-5.258776624491198204e-01
-2.425463018975871243e+00
1.435180141853847235e+00
-1.866028352608210539e-01
-2.364327247926677256e+00
-1.644707831545288990e+00
-2.597173372915477785e+00
-1.443180783345563878e+00
-1.755942691814456724e+00
8.158305105579791716e-01
1.913133526161643116e+00
-1.649148633357517824e+00
9.317183607912442600e-01
1.439519815076895082e+00
7.364822568208734266e-01
2.995151820166689571e+00
2.832929808025789864e+00
2.947640610920420734e+00
-1.909830056245388763e-01
-4.500815679791354551e-01
1.648546244223757284e+00
-1.447211649639532194e+00
1.846835472660134370e-01
6.911575381171367605e-01
-2.248475381536766182e+00
-2.485032805267580969e+00
-2.922211087853235689e+00
-4.889059046086789984e-01
-9.505273884784712912e-01
-1.041402088441345075e+00
1.946404440561736671e+00
-1.462048326498095019e+00
-1.469366631035291304e+00
9.466215846428724934e-01
6.938742194044104084e-01
1.732194301769212075e+00
6.295754203254616543e-01
1.529196290114728463e+00
-1.768255650003185409e-01
-2.498159491772914187e+00
1.543437253124906761e+00
6.692249847918734229e-01
-9.990737925586223867e-02
1.221147273032995972e+00
-3.185737986775295516e-01
-2.852034876065259184e-01
-1.273795609201968881e+00
1.419655857371282082e+00
2.748024983916145025e+00
-4.714072129915457543e-01
1.566804161298945175e+00
2.545361451072257752e-01
-1.937769406080713797e+00
-2.676898329564838530e-01
-1.076328743569084923e-01
7.284495981265040054e-01
-1.905399794361824162e+00
-2.170957073567035156e+00
-8.560094199459080677e-01
-3.970390769519958063e+00
-1.022162547500728547e+00
1.072859922852892556e+00
-2.857579268380686655e-01
2.807214489065443797e-01
-3.875594019695695058e-01
1.345183093205065905e+00
6.701281134961162289e-01
1.441768845716633329e+00
