5.000000000000000000e+00
1.283412220049578778e+00
1.426267645784109916e+00
1.022163557170520765e+00
-2.545858860601790119e-01
-5.005291278163618296e-01
1.888069430064955867e-01
2.199060729859805718e+00
-1.371522256879152524e+00
1.029186665450067428e+00
-1.441387835248892357e-01
-1.395628898695285836e+00
2.995106274338288910e-01
1.355985141892062540e+00
2.360072057337599283e+00
4.435884283654696336e-01
3.081265158138111193e+00
-6.429026197707445878e-01
-1.734629651672574102e+00
-4.262297189400283681e-01
-1.578991591273229300e+00
-8.946066491194416548e-01
-1.172757113453030575e+00
7.028676036204695166e-01
-3.114234444105222988e+00
-1.618033988749894458e+00
-6.829610343441815390e-01
-2.065357008779026060e+00
6.305994774102887668e-01
9.622337132955705030e-01
1.512341306611704184e+00
-1.558190322137033679e+00
1.780092289057905175e-01
-1.856390001225513009e+00
-3.401704700967606243e+00
-2.792007140664621856e-01
-1.452515865176193799e+00
-8.399602383865847344e-01
-1.826200479818673061e+00
-2.000272962302629409e-01
-2.750980099183328420e+00
-1.693701952466594829e+00
1.520630998306099269e+00
-2.839600662012520260e-01
2.069981677974665146e+00
1.492643829130842370e+00
1.198974712875618742e+00
-1.670723314149685335e+00
-3.184417153358131691e-01
6.569212882523917107e-02
-1.999999999999999778e+00
1.691262835764208550e+00
1.720474749629323785e-01
-6.641284275387060454e-02
-9.044882445951948347e-01
6.879104424020936470e-01
1.234490209014563189e-01
3.818068475763404246e-01
4.531430179200047981e+00
1.678695715226945939e+00
2.448006321820392461e+00
1.547960407769955360e+00
7.000265203508539980e-01
-8.936562648076544768e-01
4.364931113188819101e-02
2.092195208400107198e+00
-1.035515359258070589e+00
1.787180996142132994e+00
3.167958473033364308e-01
-7.224639895521480781e-01
-4.465820292093827804e-01
1.097736867693012819e+00
2.000615715442799480e+00
7.075854871859552642e-01
4.212624873736271702e+00
6.180339887499205487e-01
-2.467542266511315585e-01
-1.871608437270280700e-01
-1.005756059164582439e+00
-1.123568107648934777e+00
-1.008948664565875397e+00
1.480444997287108322e+00
-2.454785969770479248e+00
-8.325361627533646169e-01
-9.494268982205412710e-01
-2.154985727929414896e+00
-4.250366098667096582e-01
6.965522907099277461e-01
1.944847731718993167e+00
-9.384739756677270561e-01
1.399968282858804480e+00
-1.424873461630476346e+00
-3.049218301444189372e+00
-1.113310209216396007e+00
-1.707177692746603803e+00
-1.066864537565761273e+00
-1.942131164661813347e+00
3.141406261845172132e-01
-3.138657597834733082e+00
-2.206574842664100533e+00
2.137179322403426340e-14
-1.201916894659588841e+00
1.129815565002114441e+00
1.305659026014506230e+00
1.965021101970875428e+00
-1.564217122445917152e+00
-3.763595938741243208e-02
-7.018436279166938574e-01
-2.623435320497337742e+00
6.593829205849770503e-01
-1.438387275960517631e-01
1.418418373212972927e-01
-1.305565714270707112e+00
6.633663213209249898e-01
-1.061995688405573901e+00
-6.893824470621490175e-01
3.273964961436754084e+00
1.419314554043206389e+00
2.818303865190040725e+00
1.996952276117899494e+00
1.831197972811724917e+00
-1.039822552648456133e+00
-2.692272867043105089e-02
1.526611867628325347e+00
-1.098451654523989518e+00
1.999999999999988898e+00
7.611013172525227244e-01
1.575176557709045966e-01
-8.784813118005005972e-01
9.562309042080374688e-01
1.213163984061861767e+00
4.559257905662954524e-01
4.570917225277789875e+00
1.669981021171788260e+00
1.336798639179471060e+00
4.861880575227633394e-01
9.657901552417918686e-03
-1.301208180136452786e+00
-9.308030850992348171e-01
1.830497688325310568e+00
-1.761872716345960654e+00
1.620031462551740908e-01
-6.392059178682807374e-01
-1.665350976120221427e+00
-1.312483938884724255e+00
3.378959101442897683e-01
1.839440062912309548e+00
-5.039950789175301482e-01
2.587752819844908014e+00
-4.656677892901542881e-01
-2.000000000000051514e+00
-1.470325737294715829e+00
-1.680720342991963934e+00
-1.495513478747497516e+00
-2.067712203720472708e+00
8.352484950245380180e-01
-2.982025672243953984e+00
-2.076817557419877502e+00
-1.064988898815172558e+00
-1.922253235960212692e+00
-2.180657058910266954e-01
7.501818753363135306e-01
2.319610360890412615e+00
-1.268022210747413947e+00
6.466169800912258125e-01
-9.794152233444530786e-01
-2.886593220477835953e+00
-5.818696956247042529e-01
-7.021726096827474173e-01
-6.058148826446019264e-02
-1.626982653315758087e+00
8.724853492075652639e-01
-1.857314642294642715e+00
-1.556255055584536473e+00
1.612798745125397337e+00
6.180339887498750295e-01
2.353071901959772561e+00
2.076679699043319616e+00
2.852174298572918154e+00
-8.983165891634555811e-01
1.714519595404317420e-01
8.185624959994952654e-01
-1.435817512784393513e+00
1.536514529013489172e+00
9.016509629992014441e-01
9.166247038151430493e-01
-1.028004278826057050e+00
1.070918236649662569e+00
3.252638911794751841e-01
-1.406954432341004368e-01
4.066040310570337546e+00
2.176075489556627662e+00
2.547200776571057368e+00
1.345314195779776956e+00
1.398297000398813772e+00
-1.214202590188195652e+00
-7.789072055366319525e-01
1.743241262178212736e+00
-1.285889779879904937e+00
9.550137303948561529e-01
-1.110223024625156540e-15
-6.705569765441432573e-01
-1.776378970178596584e+00
1.389307907823413846e-01
1.324555751934342496e+00
-4.094692034595298624e-01
3.344829657472000228e+00
6.795472820022909755e-01
-4.635984043229494089e-01
-1.196322178136776992e+00
-1.132946110433521003e+00
-1.888683147234161197e+00
-2.200963108990213080e+00
1.124614263070811138e+00
-2.524169455134146922e+00
-1.454771218651521147e+00
-1.464538378710248612e+00
-2.107056468354209677e+00
-1.574604131181838396e+00
-1.716383658543929602e-02
2.130375295361634613e+00
-1.033819743560984161e+00
1.482158060540411659e+00
-6.962627969216822477e-01
-2.542514006120687675e+00
-1.618033988749939311e+00
-1.254681472328701197e+00
-6.662266082369137088e-01
-2.024315696583159685e+00
1.101446807737099576e+00
-2.197025580023142410e+00
-1.967256204491584004e+00
1.798370841516086505e-02
-3.922361526420982125e-01
1.144098835880833498e+00
1.619158932950359731e+00
3.431725647295618131e+00
-6.085893595652375199e-01
6.742732566052024312e-01
2.930269523088522288e-01
-1.762172772274825494e+00
5.318068911203758242e-01
6.127071457497882401e-01
1.235553381656418370e+00
-1.086041036490894340e+00
1.401583904773872291e+00
-3.801669251187258514e-01
-7.874905477615838922e-01
2.884204900626940127e+00
2.019661325418946607e+00
3.000000000000000000e+00
2.019661325418939501e+00
2.884204900626872625e+00
-7.874905477614708715e-01
-3.801669251188812826e-01
1.401583904773985534e+00
-1.086041036490910994e+00
1.235553381656399052e+00
6.127071457498093343e-01
5.318068911203422955e-01
-1.762172772274754440e+00
2.930269523087256078e-01
6.742732566053630805e-01
-6.085893595653015797e-01
3.431725647295623460e+00
1.619158932950408580e+00
1.144098835880817511e+00
-3.922361526420854450e-01
1.798370841509738804e-02
-1.967256204491559357e+00
-2.197025580023159730e+00
1.101446807737125333e+00
-2.024315696583169899e+00
-6.662266082369256992e-01
-1.254681472328726066e+00
-1.618033988749949525e+00
-2.542514006120656589e+00
-6.962627969215767765e-01
1.482158060540395894e+00
-1.033819743560963733e+00
2.130375295361568000e+00
-1.716383658550113545e-02
-1.574604131181968514e+00
-2.107056468354078671e+00
-1.464538378710435351e+00
-1.454771218651298437e+00
-2.524169455134265050e+00
1.124614263070775610e+00
-2.200963108989937744e+00
-1.888683147234423654e+00
-1.132946110433401099e+00
-1.196322178136912662e+00
-4.635984043228141838e-01
6.795472820020767024e-01
3.344829657472082385e+00
-4.094692034594245023e-01
1.324555751934157088e+00
1.389307907824248733e-01
-1.776378970178641881e+00
-6.705569765441391494e-01
-4.118927421359330765e-14
9.550137303949217671e-01
-1.285889779879925809e+00
1.743241262178117479e+00
-7.789072055364852920e-01
-1.214202590188298680e+00
1.398297000398905476e+00
1.345314195779803601e+00
2.547200776571116876e+00
2.176075489556583697e+00
4.066040310570297578e+00
-1.406954432340434824e-01
3.252638911793130361e-01
1.070918236649779587e+00
-1.028004278826148088e+00
9.166247038151956739e-01
9.016509629991980024e-01
1.536514529013561337e+00
-1.435817512784390626e+00
8.185624959993627048e-01
1.714519595406082120e-01
-8.983165891635412903e-01
2.852174298572999867e+00
2.076679699043339600e+00
2.353071901959759238e+00
6.180339887499384233e-01
1.612798745125362698e+00
-1.556255055584359059e+00
-1.857314642294783491e+00
8.724853492076464212e-01
-1.626982653315773852e+00
-6.058148826446552171e-02
-7.021726096827390906e-01
-5.818696956248188279e-01
-2.886593220477764454e+00
-9.794152233445326816e-01
6.466169800913602606e-01
-1.268022210747419942e+00
2.319610360890438816e+00
7.501818753362925474e-01
-2.180657058911634749e-01
-1.922253235960198481e+00
-1.064988898815262930e+00
-2.076817557419875726e+00
-2.982025672244085435e+00
8.352484950245236961e-01
-2.067712203720275088e+00
-1.495513478747626746e+00
-1.680720342991872229e+00
-1.470325737294785107e+00
-1.999999999999912070e+00
-4.656677892903763882e-01
2.587752819844983510e+00
-5.039950789175131618e-01
1.839440062912089058e+00
3.378959101444461988e-01
-1.312483938884751344e+00
-1.665350976120145043e+00
-6.392059178684368348e-01
1.620031462553388479e-01
-1.761872716345994405e+00
1.830497688325286809e+00
-9.308030850991957372e-01
-1.301208180136557591e+00
9.657901552459378577e-03
4.861880575227593981e-01
1.336798639179529680e+00
1.669981021171721425e+00
4.570917225277796092e+00
4.559257905663531840e-01
1.213163984061757183e+00
9.562309042081248434e-01
-8.784813118006176147e-01
1.575176557709367930e-01
7.611013172524564441e-01
2.000000000000062172e+00
-1.098451654523977528e+00
1.526611867628220098e+00
-2.692272867028677741e-02
-1.039822552648566267e+00
1.831197972811838826e+00
1.996952276117831548e+00
2.818303865190064261e+00
1.419314554043141330e+00
3.273964961436659937e+00
-6.893824470620961709e-01
-1.061995688405641181e+00
6.633663213209760601e-01
-1.305565714270757072e+00
1.418418373213399253e-01
-1.438387275960366640e-01
6.593829205848571462e-01
-2.623435320497260026e+00
-7.018436279168345227e-01
-3.763595938724595413e-02
-1.564217122445990871e+00
1.965021101970931383e+00
1.305659026014509116e+00
1.129815565002037170e+00
-1.201916894659546653e+00
-8.559819519859956927e-14
-2.206574842664012603e+00
-3.138657597834784596e+00
3.141406261845564041e-01
-1.942131164661788478e+00
-1.066864537565785476e+00
-1.707177692746569608e+00
-1.113310209216576530e+00
-3.049218301443918921e+00
-1.424873461630810079e+00
1.399968282858978785e+00
-9.384739756677371592e-01
1.944847731718840400e+00
6.965522907100925032e-01
-4.250366098668336701e-01
-2.154985727929250583e+00
-9.494268982208056151e-01
-8.325361627531085995e-01
-2.454785969770618248e+00
1.480444997287101216e+00
-1.008948664565670228e+00
-1.123568107649117520e+00
-1.005756059164443439e+00
-1.871608437272196390e-01
-2.467542266508728765e-01
6.180339887496941742e-01
4.212624873736350750e+00
7.075854871860449702e-01
2.000615715442644937e+00
1.097736867693223317e+00
-4.465820292095054045e-01
-7.224639895519847643e-01
3.167958473031410316e-01
1.787180996142265776e+00
-1.035515359258065926e+00
2.092195208399954431e+00
4.364931113207903834e-02
-8.936562648078690829e-01
7.000265203508586609e-01
1.547960407770000657e+00
2.448006321820463960e+00
1.678695715226874441e+00
4.531430179200038211e+00
3.818068475763388703e-01
1.234490209014360018e-01
6.879104424020512365e-01
-9.044882445951745176e-01
-6.641284275385173075e-02
1.720474749629514744e-01
1.691262835764274719e+00
-2.000000000000019984e+00
6.569212882521252572e-02
-3.184417153358204411e-01
-1.670723314149604288e+00
1.198974712875607640e+00
1.492643829130889888e+00
2.069981677974642054e+00
-2.839600662012854437e-01
1.520630998306084836e+00
-1.693701952466599936e+00
-2.750980099183305772e+00
-2.000272962303040192e-01
-1.826200479818623101e+00
-8.399602383865854005e-01
-1.452515865176221332e+00
-2.792007140664740650e-01
-3.401704700967689732e+00
-1.856390001225475483e+00
1.780092289057613186e-01
-1.558190322137072537e+00
1.512341306611636904e+00
9.622337132956052530e-01
6.305994774103220735e-01
-2.065357008778940351e+00
-6.829610343443530684e-01
-1.618033988749704610e+00
-3.114234444105360211e+00
7.028676036204298816e-01
-1.172757113452920441e+00
-8.946066491195158177e-01
-1.578991591273210426e+00
-4.262297189401204056e-01
-1.734629651672397799e+00
-6.429026197709404311e-01
3.081265158138203564e+00
4.435884283654691895e-01
2.360072057337443852e+00
1.355985141892137591e+00
2.995106274337696606e-01
-1.395628898695203679e+00
-1.441387835250381166e-01
1.029186665450209537e+00
-1.371522256879199375e+00
2.199060729859759533e+00
1.888069430065789645e-01
-5.005291278164721858e-01
-2.545858860601659668e-01
1.022163557170476356e+00
1.426267645784250471e+00
1.283412220049512609e+00
5.000000000000000000e+00
1.283412220049664931e+00
1.426267645783991567e+00
1.022163557170625348e+00
-2.545858860602971951e-01
-5.005291278163013224e-01
1.888069430064068799e-01
2.199060729859879437e+00
-1.371522256879134538e+00
1.029186665449967730e+00
-1.441387835247905924e-01
-1.395628898695359998e+00
2.995106274339138785e-01
1.355985141892043444e+00
2.360072057337605944e+00
4.435884283654207838e-01
3.081265158138042359e+00
-6.429026197706964041e-01
-1.734629651672673134e+00
-4.262297189399616992e-01
-1.578991591273276152e+00
-8.946066491194090142e-01
-1.172757113453003486e+00
7.028676036204000166e-01
-3.114234444105177690e+00
-1.618033988750003926e+00
-6.829610343440830622e-01
-2.065357008779030501e+00
6.305994774103951261e-01
9.622337132955721684e-01
1.512341306611654224e+00
-1.558190322137022354e+00
1.780092289057505495e-01
-1.856390001225554087e+00
-3.401704700967630224e+00
-2.792007140663147480e-01
-1.452515865176297272e+00
-8.399602383866203725e-01
-1.826200479818763212e+00
-2.000272962302901414e-01
-2.750980099183247596e+00
-1.693701952466654781e+00
1.520630998306196302e+00
-2.839600662012216059e-01
2.069981677974673140e+00
1.492643829130827271e+00
1.198974712875483739e+00
-1.670723314149686667e+00
-3.184417153358192198e-01
6.569212882522085240e-02
-1.999999999999996891e+00
1.691262835764321348e+00
1.720474749628444489e-01
-6.641284275396175385e-02
-9.044882445950732652e-01
6.879104424020489050e-01
1.234490209014162398e-01
3.818068475763751746e-01
4.531430179200091501e+00
1.678695715226946827e+00
2.448006321820328068e+00
1.547960407769913393e+00
7.000265203507706202e-01
-8.936562648074721782e-01
4.364931113153058817e-02
2.092195208400351891e+00
-1.035515359258048829e+00
1.787180996141930489e+00
3.167958473035804579e-01
-7.224639895522588784e-01
-4.465820292092664845e-01
1.097736867692800766e+00
2.000615715442958908e+00
7.075854871858640038e-01
4.212624873736226405e+00
6.180339887500987395e-01
-2.467542266513247928e-01
-1.871608437269726699e-01
-1.005756059164572003e+00
-1.123568107648786008e+00
-1.008948664566142295e+00
1.480444997287221565e+00
-2.454785969770291398e+00
-8.325361627536724818e-01
-9.494268982203126761e-01
-2.154985727929496164e+00
-4.250366098666784609e-01
6.965522907097990712e-01
1.944847731719083317e+00
-9.384739756676722111e-01
1.399968282858668811e+00
-1.424873461630269622e+00
-3.049218301444362123e+00
-1.113310209216267221e+00
-1.707177692746709941e+00
-1.066864537565660243e+00
-1.942131164661960563e+00
3.141406261845020031e-01
-3.138657597834469293e+00
-2.206574842664416281e+00
2.062239268241228274e-13
-1.201916894659595059e+00
1.129815565002080024e+00
1.305659026014475366e+00
1.965021101970841677e+00
-1.564217122445885400e+00
-3.763595938755420756e-02
-7.018436279165467528e-01
-2.623435320497452317e+00
6.593829205850418873e-01
-1.438387275960776313e-01
1.418418373212482209e-01
-1.305565714270569666e+00
6.633663213207445786e-01
-1.061995688405240612e+00
-6.893824470624341227e-01
3.273964961436778953e+00
1.419314554043259236e+00
2.818303865189955015e+00
1.996952276117863523e+00
1.831197972811705821e+00
-1.039822552648330678e+00
-2.692272867057449171e-02
1.526611867628465014e+00
-1.098451654524022603e+00
1.999999999999972022e+00
7.611013172525991077e-01
1.575176557707884673e-01
-8.784813118003863552e-01
9.562309042079282229e-01
1.213163984061877754e+00
4.559257905663460786e-01
4.570917225277851159e+00
1.669981021171970337e+00
1.336798639179384018e+00
4.861880575228371137e-01
9.657901552373348436e-03
-1.301208180136323111e+00
-9.308030850994113425e-01
1.830497688325390282e+00
-1.761872716345931789e+00
1.620031462551252410e-01
-6.392059178682584220e-01
-1.665350976120284265e+00
-1.312483938884519308e+00
3.378959101443625990e-01
1.839440062912307772e+00
-5.039950789175039469e-01
2.587752819844952423e+00
-4.656677892903483551e-01
-2.000000000000143441e+00
-1.470325737294764679e+00
-1.680720342991934180e+00
-1.495513478747359404e+00
-2.067712203720510011e+00
8.352484950245254725e-01
-2.982025672243894032e+00
-2.076817557419958327e+00
-1.064988898815095508e+00
-1.922253235960226903e+00
-2.180657058909658552e-01
7.501818753362907710e-01
2.319610360890376199e+00
-1.268022210747450362e+00
6.466169800911824028e-01
-9.794152233444655131e-01
-2.886593220477905675e+00
-5.818696956245502649e-01
-7.021726096828104779e-01
-6.058148826453213509e-02
-1.626982653315829142e+00
8.724853492074984285e-01
-1.857314642294611406e+00
-1.556255055584479852e+00
1.612798745125455291e+00
6.180339887498783602e-01
2.353071901959831624e+00
2.076679699043332938e+00
2.852174298572814681e+00
-8.983165891634768974e-01
1.714519595404462582e-01
8.185624959994645122e-01
-1.435817512784426153e+00
1.536514529013633723e+00
9.016509629991551478e-01
9.166247038149859527e-01
-1.028004278825992213e+00
1.070918236649703870e+00
3.252638911797491872e-01
-1.406954432343254791e-01
4.066040310570238958e+00
2.176075489556861253e+00
2.547200776571040937e+00
1.345314195779729882e+00
1.398297000398795786e+00
-1.214202590187880793e+00
-7.789072055370120928e-01
1.743241262178434337e+00
-1.285889779879846984e+00
9.550137303946886203e-01
1.803002191991254222e-13
-6.705569765441907748e-01
-1.776378970178447148e+00
1.389307907820781507e-01
1.324555751934456183e+00
-4.094692034596214558e-01
3.344829657472006890e+00
6.795472820023208405e-01
-4.635984043229777196e-01
-1.196322178136834946e+00
-1.132946110433536324e+00
-1.888683147233981563e+00
-2.200963108990431127e+00
1.124614263070852216e+00
-2.524169455133955076e+00
-1.454771218651701448e+00
-1.464538378710174671e+00
-2.107056468354226109e+00
-1.574604131181845723e+00
-1.716383658559272885e-02
2.130375295361740307e+00
-1.033819743560941973e+00
1.482158060540299527e+00
-6.962627969213636137e-01
-2.542514006120926595e+00
-1.618033988749715046e+00
-1.254681472328886827e+00
-6.662266082366938846e-01
-2.024315696583358193e+00
1.101446807736986777e+00
-2.197025580022814228e+00
-1.967256204491898197e+00
1.798370841523955210e-02
-3.922361526421194733e-01
1.144098835880936971e+00
1.619158932950298890e+00
3.431725647295637671e+00
-6.085893595652523969e-01
6.742732566050111398e-01
2.930269523089483186e-01
-1.762172772274932298e+00
5.318068911204268945e-01
6.127071457497658136e-01
1.235553381656337768e+00
-1.086041036490773992e+00
1.401583904773823441e+00
-3.801669251184457421e-01
-7.874905477617148986e-01
2.884204900626968993e+00
2.019661325418980802e+00
3.000000000000000000e+00
2.019661325418852016e+00
2.884204900626843759e+00
-7.874905477613278748e-01
-3.801669251190257226e-01
1.401583904774127864e+00
-1.086041036490911216e+00
1.235553381656379957e+00
6.127071457498437512e-01
5.318068911202157301e-01
-1.762172772274653409e+00
2.930269523086295180e-01
6.742732566053812882e-01
-6.085893595654230381e-01
3.431725647295747805e+00
1.619158932950536034e+00
1.144098835880791087e+00
-3.922361526421345168e-01
1.798370841501151229e-02
-1.967256204491415250e+00
-2.197025580023278302e+00
1.101446807737171518e+00
-2.024315696583135260e+00
-6.662266082370186249e-01
-1.254681472328670111e+00
-1.618033988750007035e+00
-2.542514006120578873e+00
-6.962627969216129697e-01
1.482158060540550881e+00
-1.033819743560981719e+00
2.130375295361617294e+00
-1.716383658541786872e-02
-1.574604131182174127e+00
-2.107056468354165268e+00
-1.464538378710410482e+00
-1.454771218651254028e+00
-2.524169455134257944e+00
1.124614263070764064e+00
-2.200963108990046102e+00
-1.888683147234406778e+00
-1.132946110433359355e+00
-1.196322178136885350e+00
-4.635984043227071583e-01
6.795472820021819516e-01
3.344829657472039308e+00
-4.094692034595299734e-01
1.324555751934143988e+00
1.389307907823529864e-01
-1.776378970178777328e+00
-6.705569765439152174e-01
4.440892098500626162e-15
9.550137303947793255e-01
-1.285889779879960004e+00
1.743241262178099937e+00
-7.789072055364912872e-01
-1.214202590188276920e+00
1.398297000398947887e+00
1.345314195779761413e+00
2.547200776571211911e+00
2.176075489556636100e+00
4.066040310570185667e+00
-1.406954432340991046e-01
3.252638911793740983e-01
1.070918236650249655e+00
-1.028004278826399664e+00
9.166247038152596227e-01
9.016509629991138475e-01
1.536514529013448982e+00
-1.435817512784065331e+00
8.185624959989272753e-01
1.714519595410484709e-01
-8.983165891639199874e-01
2.852174298572977662e+00
2.076679699043413763e+00
2.353071901959800538e+00
6.180339887499182172e-01
1.612798745125022304e+00
-1.556255055583761759e+00
-1.857314642295349927e+00
8.724853492079122086e-01
-1.626982653315773852e+00
-6.058148826457054881e-02
-7.021726096825802177e-01
-5.818696956249819197e-01
-2.886593220477364330e+00
-9.794152233449949785e-01
6.466169800917066501e-01
-1.268022210747683509e+00
2.319610360890423273e+00
7.501818753364566383e-01
-2.180657058912456314e-01
-1.922253235959992423e+00
-1.064988898815634411e+00
-2.076817557419229576e+00
-2.982025672244412284e+00
8.352484950245984141e-01
-2.067712203720174280e+00
-1.495513478747806158e+00
-1.680720342991646188e+00
-1.470325737295079538e+00
-1.999999999999579892e+00
-4.656677892907345462e-01
2.587752819845213104e+00
-5.039950789174876267e-01
1.839440062912002460e+00
3.378959101447446267e-01
-1.312483938885080414e+00
-1.665350976119765791e+00
-6.392059178687111709e-01
1.620031462556751345e-01
-1.761872716346147172e+00
1.830497688325070982e+00
-9.308030850988249227e-01
-1.301208180136894654e+00
9.657901552733192535e-03
4.861880575225789314e-01
1.336798639179847648e+00
1.669981021171585756e+00
4.570917225277761453e+00
4.559257905666141975e-01
1.213163984061337963e+00
9.562309042084520261e-01
-8.784813118008977240e-01
1.575176557712130165e-01
7.611013172523799497e-01
1.999999999999993561e+00
-1.098451654524006393e+00
1.526611867628351771e+00
-2.692272867025030658e-02
-1.039822552648386411e+00
1.831197972811605013e+00
1.996952276118007852e+00
2.818303865190107338e+00
1.419314554043015431e+00
3.273964961436733212e+00
-6.893824470621728873e-01
-1.061995688405565685e+00
6.633663213208560450e-01
-1.305565714270587208e+00
1.418418373212877448e-01
-1.438387275960852918e-01
6.593829205849927044e-01
-2.623435320497389256e+00
-7.018436279166543335e-01
-3.763595938739228153e-02
-1.564217122445903607e+00
1.965021101970911177e+00
1.305659026014585500e+00
1.129815565002187938e+00
-1.201916894659800450e+00
7.538414337204812909e-14
-2.206574842664108971e+00
-3.138657597834708213e+00
3.141406261844811310e-01
-1.942131164661734077e+00
-1.066864537565752613e+00
-1.707177692746723263e+00
-1.113310209216352487e+00
-3.049218301444242663e+00
-1.424873461630411287e+00
1.399968282858874868e+00
-9.384739756676691025e-01
1.944847731719043793e+00
6.965522907098747885e-01
-4.250366098668768577e-01
-2.154985727929680905e+00
-9.494268982204852048e-01
-8.325361627533237607e-01
-2.454785969770476139e+00
1.480444997287076125e+00
-1.008948664565891828e+00
-1.123568107648896142e+00
-1.005756059164703675e+00
-1.871608437268434399e-01
-2.467542266511046911e-01
6.180339887500493345e-01
4.212624873736267261e+00
7.075854871859094120e-01
2.000615715442761733e+00
1.097736867692840068e+00
-4.465820292093690136e-01
-7.224639895521851596e-01
3.167958473035515921e-01
1.787180996142001099e+00
-1.035515359258111445e+00
2.092195208400078776e+00
4.364931113183356803e-02
-8.936562648075181414e-01
7.000265203508805323e-01
1.547960407769754188e+00
2.448006321820734854e+00
1.678695715226698360e+00
4.531430179199982256e+00
3.818068475767766312e-01
1.234490209011199213e-01
6.879104424023453346e-01
-9.044882445953241756e-01
-6.641284275373671164e-02
1.720474749627541877e-01
1.691262835764254069e+00
-1.999999999999827693e+00
6.569212882490516048e-02
-3.184417153354662799e-01
-1.670723314150005745e+00
1.198974712875610527e+00
1.492643829130818833e+00
2.069981677974856105e+00
-2.839600662012606858e-01
1.520630998305791959e+00
-1.693701952466128535e+00
-2.750980099183717886e+00
-2.000272962301364865e-01
-1.826200479818694378e+00
-8.399602383865706345e-01
-1.452515865176222665e+00
-2.792007140665410114e-01
-3.401704700967313588e+00
-1.856390001225848962e+00
1.780092289060991595e-01
-1.558190322137170014e+00
1.512341306611702629e+00
9.622337132956388928e-01
6.305994774103216294e-01
-2.065357008778978098e+00
-6.829610343445338128e-01
-1.618033988749447705e+00
-3.114234444105462352e+00
7.028676036204498656e-01
-1.172757113452878919e+00
-8.946066491195309167e-01
-1.578991591273211315e+00
-4.262297189401940689e-01
-1.734629651672260131e+00
-6.429026197710694390e-01
3.081265158138218219e+00
4.435884283655043836e-01
2.360072057337458951e+00
1.355985141892206203e+00
2.995106274336606922e-01
-1.395628898695091547e+00
-1.441387835250889093e-01
1.029186665450440685e+00
-1.371522256879251334e+00
2.199060729859612984e+00
1.888069430067119692e-01
-5.005291278165223678e-01
-2.545858860601003526e-01
1.022163557170345793e+00
1.426267645784457194e+00
1.283412220049437114e+00
