5.000000000000000000e+00
8.171866187314278385e-01
-1.944676584416031029e-01
2.495322762302349950e+00
-1.856711100942722847e-01
1.717958500594803928e-01
3.010266823203240349e-01
-2.604196217256935064e+00
7.040593789556423010e-01
1.929476083818821852e+00
-1.454891292767870326e+00
2.750666620328293677e-01
1.615303566360546395e+00
4.544586734153036045e-01
3.676825106087606709e-01
-1.390790541997188656e+00
-1.720571369525556005e+00
-3.949806698578547381e-01
-1.698165065063203860e+00
-2.896449973092376062e+00
-2.179965578503884949e+00
-2.388276201218412220e-01
2.784019879069470349e-01
-1.476025156389441095e+00
-2.175760601822703810e-01
1.243949735108603960e+00
-8.885945244096005169e-02
1.621346761508415113e-01
-1.262732864853324699e+00
-1.973622881704198750e+00
1.324663235875270573e+00
-9.061807719519942017e-01
-2.771571379931234702e+00
1.725445558365006793e+00
1.231242827341255897e+00
5.826368927403011710e-01
2.832979996174589399e+00
2.684096481665297351e-01
1.693268793008027462e+00
3.966551025537701225e+00
-1.271246288458049101e+00
-7.718159238153160517e-01
2.196559552757227696e+00
-8.097728760689534289e-01
-5.145731920605589593e-02
6.479992228768234330e-01
-7.729355021133662573e-01
2.617204911874629225e+00
2.134578964412812585e+00
-1.130658205190891108e+00
1.190983005625059432e+00
1.513026422393477732e+00
-7.668549720841353334e-01
-1.258333601116643052e+00
-2.099025872713479401e+00
-1.396116515239866462e+00
-6.017471032602362824e-01
-1.896243983170965874e+00
-1.777456263582996687e+00
-3.280322034473366344e-01
1.004456007926175509e+00
1.279403058176976637e-01
-1.772490853563284174e+00
1.019747065358251326e-01
4.492482741656724787e-01
-1.997877449663207017e+00
-1.352695400625634425e+00
-1.881736136497572431e+00
-1.574772659731986213e+00
1.399450069916474249e+00
-1.211710779997213105e+00
-1.314748395882596954e+00
3.541293520216127977e+00
1.395413431608358623e+00
2.455536875930435237e-01
2.294892033479025262e+00
-2.494846460023724122e-01
1.106152872771032580e+00
1.967905062802585370e+00
-2.682934560869041363e+00
4.477879315245958392e-03
2.797336099193670655e+00
-5.863587657038684675e-01
9.073037893740839577e-01
2.016108266081387157e+00
8.803770375402686366e-01
3.052365230430234444e+00
1.000860656774683832e+00
-1.520745528877247787e+00
1.137330316092555638e+00
3.215673499801666724e-01
-2.124516046079550691e+00
-1.664430663753448281e+00
-1.148351158490493296e+00
-1.071061729679161356e-01
-1.493998996467404972e-01
-1.099435199871106050e+00
-1.786886498052097094e-01
6.333386277172005085e-01
5.312651612710385107e-01
-1.309016994374954113e+00
-2.591195893143692697e+00
-2.095848078278303717e-01
-9.724626458836567178e-01
-3.325648545124631816e+00
-1.168603029587407693e+00
-8.990833891322022042e-01
-3.995746845465134589e-01
1.799426207018548052e+00
-9.984521105128650875e-01
5.751666788091891469e-02
3.807111979398877466e+00
-2.905423952287278788e-01
-1.056723767313098916e+00
1.418548942722360984e+00
-1.006737265654409130e+00
4.548180440640446909e-01
9.513614539609935861e-01
-2.102878393915516231e+00
2.115898307437308112e+00
3.597457149441682933e+00
-3.086972418890097103e-01
1.859616800992339947e+00
2.631045600980232102e+00
7.953479459630043991e-01
1.707106781186570110e+00
-6.733936787929601930e-01
-1.660811206223777647e+00
1.153070069765500971e+00
-4.067329242521356969e-01
-1.979423160691779593e+00
-2.129908419243937701e-01
7.606885132067284783e-01
9.435918253306087022e-01
-1.080052629229362460e-01
-6.112967230954972075e-01
2.973856374524288526e-01
-2.318508402658426837e-01
-1.203055709821653663e+00
-2.701199532696523242e+00
-2.675550656630753643e+00
-2.008965606390571146e-02
-1.601562462845780743e+00
-2.929651742010377369e+00
5.739347324226773406e-01
3.724234559642153330e-01
6.929332668074239532e-02
1.380078982043490665e+00
-1.425251332013693917e+00
1.722251080109319377e-01
2.309016994374974985e+00
-2.637367016323275415e+00
-1.650140778808908859e+00
1.494285985444108622e+00
-9.813495139878685158e-01
7.674338883966531633e-01
1.399991505008375992e+00
-3.988622196896813854e-01
3.764407440516492009e+00
3.081350960693061580e+00
-9.396013387300433672e-01
1.943958811800075015e+00
1.929260456417189573e+00
-5.074222159768762008e-01
2.816033384944715001e-01
-1.084197463917095039e+00
-4.937249803553743766e-01
1.895630489396689988e+00
-1.377971262550427012e-01
-5.815597036003360421e-01
1.613556109434713948e+00
1.654635464647416843e+00
4.267478192053782426e-01
-1.043899477493611005e+00
-8.041315914125307662e-01
-2.948920334790097186e-01
-1.741633409172875346e+00
-2.207192085228664169e+00
-2.430719682048619212e+00
-1.376058451448829212e+00
8.297447687470387301e-01
-1.471919285593824789e+00
-1.669530253567066413e+00
1.994676367412448137e+00
8.147419301689333426e-02
-1.034370101459791247e+00
9.111580142416153549e-02
-2.298530313593853958e+00
-3.391412402368835233e-01
6.651032108041862179e-01
-3.622489996676100610e+00
-3.776406330489106011e-01
2.593353996505543435e+00
-5.250014439068407812e-01
1.452168951135774710e+00
2.014150503989711183e+00
4.607046430194592368e-01
3.447962985653276746e+00
1.034131864832866343e+00
-1.956620526335920651e+00
1.809016994374977649e+00
9.999330313288082861e-01
-1.249268082914144706e+00
4.804054721410562223e-01
3.101847770042194252e-01
1.384248328246149073e+00
2.519913155831502216e+00
1.705404973679602865e-01
5.214512127556556464e-01
2.041519768509291843e+00
6.532122997081900584e-01
-1.198130827725473635e+00
-1.902787854217969254e+00
-6.829522068478710572e-01
-6.745819318348413862e-01
-2.200670881490145447e+00
-1.326893530365122365e+00
-7.045243279710661222e-01
1.453024553820541076e-01
1.146580486355040840e+00
-1.706629247125383442e+00
-1.030052895707594063e+00
1.755272714270968315e+00
-1.881894329250227704e+00
-2.582790773723814937e+00
-6.581632974817175352e-01
-2.454074165982529365e+00
-2.437344967099237814e-01
2.141378615106411809e-01
-2.764848157290004771e+00
1.797999567253809161e+00
3.136849687495463002e+00
-9.281038594859929436e-01
1.415901900251870238e+00
1.624920666501733502e+00
-2.272434467526951440e-01
1.790715553731018428e+00
-8.690012320965847525e-01
-1.824822627570532596e+00
2.493353535779316843e+00
8.368573040180034006e-01
-6.597722391248511675e-01
2.013951386557253365e+00
1.964963838555863873e+00
2.167429154305083205e+00
1.860451701063567054e+00
-2.770796150148047143e-01
6.022876217132875354e-01
1.079778539940346338e+00
-9.479117925934608113e-01
-2.000000000000000000e+00
-1.260780722673917165e+00
4.617445511903692790e-01
-3.056933777657993012e-01
-1.452650119599725675e+00
4.462381386903849223e-01
5.493951655551903013e-01
1.829507901792372104e-01
1.118383539669444149e-01
-2.635148920315092180e+00
-1.163142695982011920e+00
5.179768545889824605e-01
-3.726935660160796804e+00
-2.651014280473312112e+00
1.726815649810424791e-01
-1.641457009125827371e+00
4.493501619168324135e-01
5.079209007726888103e-01
-1.546137848235843659e+00
2.823980757415034404e+00
1.797999567253668385e+00
-2.451979227209553969e+00
8.321718502606395562e-01
6.642465027691297763e-01
-1.278503661397564883e+00
7.560502648914624313e-01
-9.647567849740306123e-01
-9.988128087342310057e-02
3.657385746861257392e+00
9.453237854824810826e-01
2.933707528746679616e-01
3.121957167545391876e+00
2.047415487972441550e+00
1.077488720405762379e+00
2.911404583849112049e-01
-7.864573191171126965e-01
5.009885727500620334e-01
2.250287926312832254e-01
-1.284753865468152290e+00
-8.852618976450936650e-01
6.532122997081267757e-01
1.728650838428855030e+00
-9.658277599413067627e-02
-7.374405021111570813e-01
1.344342651246467124e+00
-2.996523412683527177e-02
-1.307849211745638396e+00
-1.301607576235750185e+00
-3.151381115504437780e+00
-9.754436498614577067e-01
-1.909830056249934849e-01
-3.931997207526197968e+00
-8.679811677574940099e-01
1.665949937276460346e+00
-1.157329345730433889e+00
5.999369416166858704e-01
2.765984465508093959e-01
-1.432982443385916849e+00
1.975320007755690721e+00
-6.905095631293020064e-01
-3.622489996676081070e+00
9.779721408846463460e-01
2.788927485129671924e-01
-1.390549314114839063e+00
1.266686306009163321e+00
3.798434609132627093e-01
1.699508181766703929e+00
3.776689415789240112e+00
2.325827790231784764e-01
5.034573955964138925e-01
2.829744768747163519e+00
5.993182297414383353e-01
-5.286066494583179232e-01
-4.251790368518015839e-01
-1.235994204231071203e-01
1.119321528894074991e+00
3.714389131724432636e-01
-1.359184780147029981e-01
1.044781807955281749e+00
1.967504394727938255e+00
1.613556109434612251e+00
-8.944286336807469873e-01
-7.558311150048175886e-01
9.876494899175116693e-01
-1.669295484940269247e+00
-2.498411026290179748e+00
-1.336430650255573838e+00
-2.289435264353563149e+00
2.714742382689089295e-02
-3.141786939026947056e-02
-2.939601338729997515e+00
1.105974279502867086e+00
1.862294407926107009e+00
-2.180875268066372108e+00
-2.180424837416298223e-01
-6.467796739763769232e-01
-2.156920018572859643e+00
5.863049859649913653e-01
-2.268174767558597704e+00
-2.950235946403908294e+00
2.309016994374886167e+00
4.850940380915025330e-01
-8.072173432639564439e-01
2.288059981522557962e+00
1.244863831265666132e+00
1.786637018337220439e+00
2.191968721172743884e+00
-1.147638693633535878e+00
3.005505697444514901e-01
1.955287025126507316e+00
-6.755506566308161487e-01
-7.258228515062891129e-01
6.990573227687215674e-01
1.550162208110751338e+00
1.915419626202365055e+00
8.029168392776646623e-01
1.067565241661947661e+00
1.851572824809809559e+00
1.378722501956711088e+00
9.987808815602167156e-02
-1.979423160691702765e+00
-7.196018543325811700e-01
5.350360810155374569e-01
-2.568792205702769671e+00
-1.848964183377990622e+00
2.928932188134296677e-01
-8.226860427869160386e-01
8.490325526035564785e-01
-4.249623159801851902e-02
-2.284073923079315449e+00
1.597457149441769975e+00
1.405216262469745625e-01
-4.004991426505761787e+00
-8.306515944156802611e-01
-1.163215944686004422e+00
-2.420950828027452317e+00
2.429784381374222590e-01
-1.964704766792321422e+00
-9.085763839785686580e-01
3.494243049318424887e+00
5.751666788080445070e-02
-6.855831804323022638e-01
2.417460195768396325e+00
5.084063149324603570e-01
2.764871154529165986e-01
2.456105327856784593e-01
-1.707614556374760673e+00
8.095504024931639009e-01
1.692528224762446687e+00
-6.158192119534565689e-01
6.909830056250790831e-01
2.506641842461251990e+00
2.535451660307477262e+00
1.603324398571534193e+00
5.185987888788086142e-01
1.264813662726411714e+00
1.068464331617059671e+00
-2.403701590112597986e-01
-1.046396675003524512e+00
-1.811647115999184265e+00
3.215673499800542068e-01
8.244613860121374760e-01
-2.138779517627082072e+00
9.287965729540270665e-02
1.876794725845285505e+00
-5.338365248327103796e-01
3.980742773315936178e-01
-8.747092590026529502e-01
-2.488471798294240145e+00
8.219594180034560660e-01
-1.995522120684673384e+00
-4.658311242059329338e+00
6.579203021214052871e-02
-6.758601756056950016e-01
-1.867518634752206141e+00
8.806784711059290061e-01
-9.300168169919782457e-01
4.874324321291952922e-01
2.923259531466348093e+00
-1.627617325962996908e+00
-1.211710779997217990e+00
1.712318999996906399e+00
-9.567386709820157042e-01
-9.737551370183515909e-01
-1.771248960407400264e-01
-5.836638872902113473e-01
2.067282262915537849e+00
1.883987754912621604e+00
1.296221790269579954e-01
2.103316987008030381e+00
3.004456007926197270e+00
1.647344477742863855e+00
1.246567690073703272e-01
-1.142309347941493636e-01
1.016286885489699809e+00
1.809704713316362401e-02
-9.234553681285391225e-01
-3.503526016375988483e-01
-1.488209833342235833e-01
1.825895352473929201e+00
1.190983005624890456e+00
-1.443527135271324369e+00
1.516544975663030925e+00
1.709223912395548606e+00
-1.948506006698215831e+00
-7.662143394963241150e-01
-1.669491307955883963e+00
-2.591785924445649592e+00
2.944465201668235999e-01
-2.747192605005689181e+00
-3.271246288458006468e+00
1.991174344347432790e+00
-2.088442395822975306e-01
-1.513603400210226324e+00
1.214946007424758445e+00
-8.315766696327775431e-01
5.567232275629029059e-02
8.174645588859071887e-01
-3.389605368681207320e+00
-1.219049702032549920e+00
1.324663235875304323e+00
-1.660753951623702207e+00
-6.446988761034674331e-01
1.070115675629897511e+00
1.086711052143904510e+00
2.658163297481690002e+00
1.400457928567694577e+00
3.059878919872323078e-01
2.180515020497288070e+00
1.736549061068516142e+00
-1.799655785038131173e-01
-9.210732919020285792e-01
2.039479675270553516e-01
1.387032378518848530e+00
-1.025373807756459893e-01
2.342302037586685426e-02
1.543253015193616129e+00
1.362439672894409259e+00
2.233337555110449735e+00
5.879355921133764262e-01
-1.454891292767805933e+00
1.616607153738343294e+00
8.602539020581678741e-02
-3.512177216735914875e+00
-8.745438222646547688e-01
-1.242417712313668154e+00
-1.803705098844089028e+00
7.133097139256124875e-01
-2.096580691032003507e+00
-1.158190062458932523e+00
3.000000000000000000e+00
-1.158190062458898772e+00
-2.096580691031906696e+00
7.133097139256485697e-01
-1.803705098844102350e+00
-1.242417712313560685e+00
-8.745438222646036985e-01
-3.512177216736042773e+00
8.602539020580246554e-02
1.616607153738336633e+00
-1.454891292767932498e+00
5.879355921133804230e-01
2.233337555110425754e+00
1.362439672894355969e+00
1.543253015193885691e+00
2.342302037591259545e-02
-1.025373807757236078e-01
1.387032378518850528e+00
2.039479675271052006e-01
-9.210732919022281973e-01
-1.799655785039060985e-01
1.736549061068386024e+00
2.180515020497094891e+00
3.059878919872997538e-01
1.400457928567614863e+00
2.658163297481705989e+00
1.086711052144043066e+00
1.070115675629945029e+00
-6.446988761034396775e-01
-1.660753951623621827e+00
1.324663235875306544e+00
-1.219049702032557025e+00
-3.389605368680982611e+00
8.174645588859256184e-01
5.567232275615870141e-02
-8.315766696328075192e-01
1.214946007424679175e+00
-1.513603400210379313e+00
-2.088442395821938913e-01
1.991174344347419023e+00
-3.271246288458241835e+00
-2.747192605005456922e+00
2.944465201668811094e-01
-2.591785924445734857e+00
-1.669491307955795367e+00
-7.662143394963687459e-01
-1.948506006698292214e+00
1.709223912395699152e+00
1.516544975662841521e+00
-1.443527135271397199e+00
1.190983005625282365e+00
1.825895352473898559e+00
-1.488209833343077937e-01
-3.503526016373725849e-01
-9.234553681285426752e-01
1.809704713316667712e-02
1.016286885489648739e+00
-1.142309347942925823e-01
1.246567690072104551e-01
1.647344477742975766e+00
3.004456007926164851e+00
2.103316987007928240e+00
1.296221790270669083e-01
1.883987754912398893e+00
2.067282262915727920e+00
-5.836638872899331254e-01
-1.771248960407774131e-01
-9.737551370183632482e-01
-9.567386709821603663e-01
1.712318999996874869e+00
-1.211710779997023701e+00
-1.627617325963138128e+00
2.923259531466122940e+00
4.874324321294477569e-01
-9.300168169920474126e-01
8.806784711059988391e-01
-1.867518634752207252e+00
-6.758601756058533194e-01
6.579203021243495986e-02
-4.658311242059147261e+00
-1.995522120685026213e+00
8.219594180034358599e-01
-2.488471798294080717e+00
-8.747092590028088255e-01
3.980742773314971950e-01
-5.338365248328870161e-01
1.876794725845348566e+00
9.287965729577940532e-02
-2.138779517627197979e+00
8.244613860121687843e-01
3.215673499803024526e-01
-1.811647115999138524e+00
-1.046396675003641530e+00
-2.403701590114798448e-01
1.068464331616857832e+00
1.264813662726353094e+00
5.185987888787326749e-01
1.603324398571340126e+00
2.535451660307574517e+00
2.506641842461276859e+00
6.909830056251600183e-01
-6.158192119533288933e-01
1.692528224762376743e+00
8.095504024931822196e-01
-1.707614556374650316e+00
2.456105327856063503e-01
2.764871154527742680e-01
5.084063149326134567e-01
2.417460195768384335e+00
-6.855831804323351264e-01
5.751666788093767746e-02
3.494243049318403127e+00
-9.085763839784830598e-01
-1.964704766792277457e+00
2.429784381374072710e-01
-2.420950828027514490e+00
-1.163215944685934256e+00
-8.306515944156992459e-01
-4.004991426505797314e+00
1.405216262469243804e-01
1.597457149441700697e+00
-2.284073923079296797e+00
-4.249623159797144556e-02
8.490325526034849801e-01
-8.226860427868974979e-01
2.928932188136107451e-01
-1.848964183377800108e+00
-2.568792205702966402e+00
5.350360810157850366e-01
-7.196018543325343186e-01
-1.979423160691907269e+00
9.987808815597237766e-02
1.378722501956570978e+00
1.851572824809595286e+00
1.067565241662083109e+00
8.029168392775434260e-01
1.915419626202236714e+00
1.550162208111035111e+00
6.990573227685628055e-01
-7.258228515062048469e-01
-6.755506566306881400e-01
1.955287025126231981e+00
3.005505697444911806e-01
-1.147638693633495466e+00
2.191968721172548040e+00
1.786637018337281058e+00
1.244863831265825560e+00
2.288059981522540642e+00
-8.072173432638303225e-01
4.850940380914150474e-01
2.309016994374926579e+00
-2.950235946403767961e+00
-2.268174767558784222e+00
5.863049859649634987e-01
-2.156920018572901387e+00
-6.467796739764597458e-01
-2.180424837415915196e-01
-2.180875268066418737e+00
1.862294407926252671e+00
1.105974279502705215e+00
-2.939601338730047697e+00
-3.141786939004498347e-02
2.714742382694379508e-02
-2.289435264353658184e+00
-1.336430650255261643e+00
-2.498411026290189962e+00
-1.669295484940369390e+00
9.876494899177785669e-01
-7.558311150049743521e-01
-8.944286336808801030e-01
1.613556109434724162e+00
1.967504394727818351e+00
1.044781807955174502e+00
-1.359184780144505333e-01
3.714389131723251358e-01
1.119321528894089646e+00
-1.235994204228766380e-01
-4.251790368520422803e-01
-5.286066494583490094e-01
5.993182297416128623e-01
2.829744768746855321e+00
5.034573955963687064e-01
2.325827790234568093e-01
3.776689415789173054e+00
1.699508181766692161e+00
3.798434609135176165e-01
1.266686306009052965e+00
-1.390549314114805313e+00
2.788927485126320716e-01
9.779721408848519593e-01
-3.622489996675954060e+00
-6.905095631298724390e-01
1.975320007755788643e+00
-1.432982443385838911e+00
2.765984465505906820e-01
5.999369416168031099e-01
-1.157329345730510495e+00
1.665949937276499426e+00
-8.679811677570847817e-01
-3.931997207526391147e+00
-1.909830056250725328e-01
-9.754436498610916662e-01
-3.151381115504622521e+00
-1.301607576235613184e+00
-1.307849211745621076e+00
-2.996523412723473001e-02
1.344342651246575038e+00
-7.374405021111097858e-01
-9.658277599438336303e-02
1.728650838428907432e+00
6.532122997081448723e-01
-8.852618976449379007e-01
-1.284753865467988643e+00
2.250287926309146869e-01
5.009885727501488528e-01
-7.864573191168691135e-01
2.911404583844431904e-01
1.077488720405644251e+00
2.047415487972377157e+00
3.121957167545449163e+00
2.933707528748174531e-01
9.453237854824707576e-01
3.657385746861265385e+00
-9.988128087305503389e-02
-9.647567849739029366e-01
7.560502648913076662e-01
-1.278503661397502711e+00
6.642465027690155344e-01
8.321718502606432200e-01
-2.451979227209660550e+00
1.797999567253524500e+00
2.823980757415124554e+00
-1.546137848235797918e+00
5.079209007726727121e-01
4.493501619168670524e-01
-1.641457009125858457e+00
1.726815649811880293e-01
-2.651014280473287688e+00
-3.726935660160978436e+00
5.179768545890945930e-01
-1.163142695981913999e+00
-2.635148920315234289e+00
1.118383539671267135e-01
1.829507901790287105e-01
5.493951655550942670e-01
4.462381386906704162e-01
-1.452650119599823153e+00
-3.056933777659578411e-01
4.617445511905232669e-01
-1.260780722673905174e+00
-2.000000000000006217e+00
-9.479117925934196220e-01
1.079778539940171145e+00
6.022876217131322152e-01
-2.770796150148270298e-01
1.860451701063521979e+00
2.167429154304987726e+00
1.964963838555951137e+00
2.013951386557427892e+00
-6.597722391248515006e-01
8.368573040181832567e-01
2.493353535779343488e+00
-1.824822627570555467e+00
-8.690012320965527781e-01
1.790715553730849230e+00
-2.272434467528166024e-01
1.624920666501825428e+00
1.415901900251647305e+00
-9.281038594859820634e-01
3.136849687495645522e+00
1.797999567253606212e+00
-2.764848157290012320e+00
2.141378615108574524e-01
-2.437344967101263138e-01
-2.454074165982411682e+00
-6.581632974816846726e-01
-2.582790773723967703e+00
-1.881894329249983455e+00
1.755272714270998735e+00
-1.030052895707891603e+00
-1.706629247125244664e+00
1.146580486355261996e+00
1.453024553820262410e-01
-7.045243279709535456e-01
-1.326893530365197638e+00
-2.200670881490083719e+00
-6.745819318347772153e-01
-6.829522068480075037e-01
-1.902787854218028984e+00
-1.198130827725493175e+00
6.532122997081155624e-01
2.041519768509196808e+00
5.214512127555906984e-01
1.705404973680827441e-01
2.519913155831378315e+00
1.384248328246041826e+00
3.101847770045040864e-01
4.804054721410811468e-01
-1.249268082914270384e+00
9.999330313292067451e-01
1.809016994374827547e+00
-1.956620526336116050e+00
1.034131864833102377e+00
3.447962985653032497e+00
4.607046430194206010e-01
2.014150503989896812e+00
1.452168951135459185e+00
-5.250014439066129635e-01
2.593353996505851633e+00
-3.776406330494559982e-01
-3.622489996675930968e+00
6.651032108044832025e-01
-3.391412402373816803e-01
-2.298530313593901475e+00
9.111580142414177352e-02
-1.034370101459783697e+00
8.147419301668509806e-02
1.994676367412605789e+00
-1.669530253566813505e+00
-1.471919285593883853e+00
8.297447687469483579e-01
-1.376058451448662456e+00
-2.430719682048446906e+00
-2.207192085228685929e+00
-1.741633409173134250e+00
-2.948920334790441355e-01
-8.041315914124360642e-01
-1.043899477493799299e+00
4.267478192050846997e-01
1.654635464647411958e+00
1.613556109434778563e+00
-5.815597036002492226e-01
-1.377971262550962139e-01
1.895630489396766150e+00
-4.937249803551467808e-01
-1.084197463916997339e+00
2.816033384943525952e-01
-5.074222159769679052e-01
1.929260456417279279e+00
1.943958811800099218e+00
-9.396013387301088704e-01
3.081350960692919916e+00
3.764407440516545300e+00
-3.988622196894939798e-01
1.399991505008429504e+00
7.674338883965980962e-01
-9.813495139878884999e-01
1.494285985444201437e+00
-1.650140778808903308e+00
-2.637367016323420188e+00
2.309016994374806231e+00
1.722251080108407884e-01
-1.425251332013646621e+00
1.380078982043467128e+00
6.929332668064958067e-02
3.724234559642859987e-01
5.739347324230192893e-01
-2.929651742010272564e+00
-1.601562462845903756e+00
-2.008965606389509495e-02
-2.675550656630661273e+00
-2.701199532696490380e+00
-1.203055709821899244e+00
-2.318508402659712753e-01
2.973856374524802559e-01
-6.112967230954766684e-01
-1.080052629231501721e-01
9.435918253306007086e-01
7.606885132069355349e-01
-2.129908419244966877e-01
-1.979423160691802686e+00
-4.067329242520475452e-01
1.153070069765598227e+00
-1.660811206223765879e+00
-6.733936787929400980e-01
1.707106781186440436e+00
7.953479459630184989e-01
2.631045600980242760e+00
1.859616800992229146e+00
-3.086972418889591951e-01
3.597457149441812607e+00
2.115898307437274362e+00
-2.102878393915383004e+00
9.513614539610671939e-01
4.548180440639357780e-01
-1.006737265654400026e+00
1.418548942722274164e+00
-1.056723767313369589e+00
-2.905423952286237954e-01
3.807111979398863699e+00
5.751666788078768633e-02
-9.984521105127363017e-01
1.799426207018698154e+00
-3.995746845465175667e-01
-8.990833891321167171e-01
-1.168603029587308662e+00
-3.325648545124616717e+00
-9.724626458835894383e-01
-2.095848078279511917e-01
-2.591195893143797058e+00
-1.309016994374834653e+00
5.312651612709633486e-01
6.333386277170722778e-01
-1.786886498052114858e-01
-1.099435199871021229e+00
-1.493998996468683393e-01
-1.071061729676834329e-01
-1.148351158490415358e+00
-1.664430663753809547e+00
-2.124516046079345077e+00
3.215673499801340318e-01
1.137330316092433069e+00
-1.520745528877088359e+00
1.000860656774546831e+00
3.052365230430261089e+00
8.803770375405146620e-01
2.016108266081190425e+00
9.073037893740674154e-01
-5.863587657035247425e-01
2.797336099193608039e+00
4.477879315110844249e-03
-2.682934560868920570e+00
1.967905062802635996e+00
1.106152872770945539e+00
-2.494846460026043378e-01
2.294892033479054572e+00
2.455536875929972274e-01
1.395413431608311772e+00
3.541293520216195034e+00
-1.314748395882574528e+00
-1.211710779997099641e+00
1.399450069916697403e+00
-1.574772659732188718e+00
-1.881736136497534462e+00
-1.352695400625472999e+00
-1.997877449663452598e+00
4.492482741657332079e-01
1.019747065359095650e-01
-1.772490853563427837e+00
1.279403058175702101e-01
1.004456007926249450e+00
-3.280322034472073489e-01
-1.777456263582866569e+00
-1.896243983171077563e+00
-6.017471032603965986e-01
-1.396116515239674172e+00
-2.099025872713481178e+00
-1.258333601116795375e+00
-7.668549720842433581e-01
1.513026422393406900e+00
1.190983005625180002e+00
-1.130658205190879118e+00
2.134578964412672697e+00
2.617204911874763784e+00
-7.729355021130946968e-01
6.479992228768178819e-01
-5.145731920598117792e-02
-8.097728760689806293e-01
2.196559552757199718e+00
-7.718159238152118018e-01
-1.271246288458325102e+00
3.966551025537486730e+00
1.693268793008037010e+00
2.684096481665337874e-01
2.832979996174604054e+00
5.826368927401274211e-01
1.231242827341268553e+00
1.725445558365333865e+00
-2.771571379931125012e+00
-9.061807719521883797e-01
1.324663235875343181e+00
-1.973622881704101051e+00
-1.262732864853330916e+00
1.621346761506602674e-01
-8.885945244112969377e-02
1.243949735108826893e+00
-2.175760601821482565e-01
-1.476025156389436876e+00
2.784019879069413728e-01
-2.388276201216767980e-01
-2.179965578503920920e+00
-2.896449973092210861e+00
-1.698165065063294232e+00
-3.949806698578540720e-01
-1.720571369525509153e+00
-1.390790541997283469e+00
3.676825106084887773e-01
4.544586734154968943e-01
1.615303566360546839e+00
2.750666620329748069e-01
-1.454891292767768629e+00
1.929476083818746801e+00
7.040593789555421589e-01
-2.604196217256873780e+00
3.010266823202707442e-01
1.717958500592788318e-01
-1.856711100941905723e-01
2.495322762302383257e+00
-1.944676584414942733e-01
8.171866187312153418e-01
