5.000000000000000000e+00
1.119076442817999117e+00
8.390579404760506455e-02
1.629988723126138073e+00
-7.730385429329534874e-01
5.047831476576997156e-01
7.274762934978811213e-01
-1.764787025625643491e+00
-1.832312246077725248e+00
-1.133785303320320459e+00
1.020685076890826437e+00
4.722917126974509605e-01
-7.664699715204693620e-01
6.389858009750223333e-01
-1.735041647754667737e+00
-7.074461478541920201e-01
1.972874987670354852e+00
-2.583597267759683014e+00
-2.669237070005380463e+00
-8.249423881391486635e-01
-2.586068455747150718e+00
2.471684378193949039e-01
1.138895450990867531e+00
-8.105315774938594009e-01
2.467611962849720619e-01
1.382407303547397603e+00
2.962676411263979404e+00
2.051984277382735478e+00
6.899378430634749426e-01
1.265896330455355656e+00
-1.204961783666428810e+00
4.335205891182543070e-01
2.548472400653727377e+00
-1.828875079303719620e+00
-7.402215838332166786e-01
9.582835303571511920e-01
-8.341939615647484541e-01
2.197622600315889851e+00
1.890298907072262224e+00
-1.146134780047092239e+00
-5.070726768355866554e-01
-3.735237119017214558e-01
-1.391399432154427629e-02
-1.239663751862208008e+00
-2.451191669639617210e+00
-1.916132544893096812e+00
-3.375415387591638616e+00
-4.510196287220049616e-01
1.633974147070335725e+00
-2.018654926494092727e+00
1.669774724547521960e-01
1.442171419183077896e+00
-3.349101009870498746e-01
2.868095479321481012e+00
1.611302769165445792e+00
-1.509045712598322320e+00
-1.098093145545470106e-01
2.131503830694601032e-01
8.532522692538736520e-01
5.654597900616225026e-01
4.578374982493171874e-02
7.182352195066982192e-01
-1.241152807298277483e-01
2.777045395617866674e+00
3.353521782885223956e+00
-9.629859487825628284e-01
6.696752703235977489e-01
2.825009984033391430e-01
-2.021958527932874894e+00
9.337728234543878347e-01
-1.269029219129443442e+00
-3.955472235807106607e+00
-1.559530460536230123e+00
-1.084210401176005423e+00
-1.585850464876261690e-01
9.071923573684931297e-02
-5.142893532116646904e-01
-2.211495166990354866e-01
-8.325025196320673393e-01
1.730792997981821291e+00
1.293303197823137962e+00
-2.537081121469002110e+00
-2.136906224849159930e-01
-5.365223728598289554e-01
-1.443654103474029338e+00
2.609727913408426581e+00
5.361085293888595560e-01
-9.821334405952805158e-01
2.187396264745868457e+00
2.089479736768148577e+00
2.525968224721759636e+00
2.211618962160288859e+00
4.414712224156305265e-01
-1.677742354417028903e-01
-9.014409611322512506e-01
1.046032380468002954e+00
-1.580574198741334646e-01
-3.272604897488933240e+00
-5.436206245287424910e-01
-1.133004101932121088e+00
-1.309016994374927911e+00
2.505320950282822867e+00
-6.778990379574471037e-01
-2.093888660392372536e+00
6.816161761374744943e-01
-5.409545316786081859e-01
-3.114032361460901122e-01
-5.528559855881928220e-01
-2.294643858527764202e+00
-2.021963706104835445e+00
-1.265040782627733673e+00
1.395424125718817132e+00
7.452682331552115125e-01
-9.430201734671422864e-01
2.176713690249804767e+00
1.259470587462487412e+00
1.478918089301704430e+00
4.434774601919455606e+00
4.940274777864805955e-02
-1.071270322923785212e+00
1.418378706195386751e+00
-4.027054401084759760e-01
2.838379093509035833e-01
2.905269695172277289e-01
-1.487557911104759878e+00
-7.071067811865510144e-01
3.414412475848546125e-01
2.103941518587704618e+00
5.000129134550875820e-01
-1.474262512856746588e+00
4.615655647041151388e-01
-1.533973855338766512e+00
-1.246911662880561877e+00
9.420236209405874472e-01
-3.655995024934408200e+00
-3.295213416283410357e+00
-1.297797407554078797e-01
-1.413377609545373614e+00
5.856032819514926935e-01
1.064889650783971575e+00
-6.041194317748255216e-01
7.362333188874798928e-01
1.799206015185948582e+00
2.692604986240499265e+00
7.370293172504528423e-01
-8.567134842426377128e-01
8.320646169800776093e-01
-8.641393060257943626e-01
5.173431171432913978e-01
2.578018493970503311e+00
-1.705819241042355827e+00
-1.784616148077665665e-01
2.530224419760507715e+00
5.172164174109534773e-01
2.180391592794878264e+00
1.244736972627211724e+00
-1.676938098914119601e+00
-7.477830712226035681e-01
-4.331033488091752259e-01
-4.481417123307295247e-01
-2.253050358582672885e+00
-3.086140041609984230e+00
-1.185429469209221320e+00
-2.074354033221191607e+00
3.063329290682421657e-01
1.917188904664991256e+00
-2.199362366673389246e+00
2.552923466140114006e-02
1.913779264850405504e+00
-4.642436712063516824e-01
1.498063266443299790e+00
1.356209187806257654e-01
-2.353696585599382107e+00
-1.265271817390457576e-01
8.255841145303030038e-01
1.254277788191044296e+00
4.717516004117667805e-01
3.445498478259398922e-01
1.977319380577940988e+00
1.063357122944813993e+00
2.992855825720870833e+00
2.831106194345174298e+00
-1.996233215771690217e+00
-2.364150966213840466e-03
5.478080482714230426e-01
-2.075959824709002088e+00
2.030177889914771550e-01
-1.579114943592421216e+00
-3.490064023296695073e+00
-3.676968237871891532e-01
3.403307311788174028e-01
4.000184992867157341e-01
-3.467036402671057616e-01
-8.846098599686187391e-01
-4.590867801223708078e-02
-9.776980840973146236e-01
7.985014436237960478e-01
6.494888716747637680e-03
-3.791085744642070487e+00
-4.622683561404868358e-01
4.270509831248213706e-01
-8.189675244487631955e-01
2.597730643736840594e+00
7.764779267083237180e-01
-4.270536637499037780e-01
3.012591214708363552e+00
2.686536258631570639e+00
1.937231373384743716e+00
8.053145368447076624e-01
-4.365311841334559295e-01
-1.285100189774492918e-01
-7.439713978962825269e-01
9.586585637705804519e-01
-2.533925777927757972e-01
-3.148102129796858772e+00
5.615000964232323977e-01
6.433972302762239748e-01
-5.667349643111191382e-01
2.188028852461353146e+00
-1.119166195440281175e+00
-2.512090602279502427e+00
5.362624878895808633e-01
-7.993809727339690197e-01
-1.455824994079103707e+00
-1.870300738617973524e+00
-2.526530109182739459e+00
-1.196102174930784745e+00
-3.634711746373120445e-01
1.879175443909565368e+00
8.151818973628202070e-01
-1.044625466154887050e+00
2.677964158461414002e+00
1.896625101413790704e+00
8.428539906587910746e-01
3.033372095458700901e+00
-1.044683481955369864e+00
-1.618854339316375235e+00
1.746002135212251005e+00
1.745901092255549569e-01
2.191308231911390791e-01
3.096388051528888852e-01
-5.003603657016605366e-01
7.881717844428048902e-01
1.341002209177374782e+00
2.197077151316416010e+00
-1.973164041936661395e-01
-2.363631518705789247e+00
3.301738363490991368e-01
-1.436095049598069107e+00
-2.046556309591427869e+00
-4.440892098500626162e-15
-3.901446616260789035e+00
-2.823401661223647441e+00
1.147471985821759022e+00
-3.650525734246269360e-01
4.801594362969305863e-01
7.051948604680089439e-01
-4.522798643930598383e-01
9.388253954986948147e-01
1.405598317332776848e+00
1.584486784650360081e+00
-7.333455841447763524e-01
-1.812632511814395553e+00
1.212198156571539842e+00
-3.087354202074209242e-02
6.768005720524816748e-01
2.732920917217105838e+00
-1.103343031305626942e+00
7.414796945693717944e-01
3.760206662715059434e+00
9.199490353023810352e-01
1.202280833464631771e+00
2.041193638252367104e-01
-2.003375393288130191e+00
-7.475606530320106913e-01
-5.511534279924803492e-01
-8.414216710549049516e-01
-2.661684077457201258e+00
-2.730144250400481809e+00
2.980681676997856133e-01
-7.594772421919016026e-01
4.298399249572520953e-01
1.593945689307354474e+00
-2.560066820379134356e+00
-2.533692019038972232e-01
1.884123827070536272e+00
-1.262121058011073993e+00
-1.654563411570711962e-01
-8.615533775993192700e-01
-2.193277658270373021e+00
6.077390863918328279e-01
1.563429337578751799e+00
1.564872727888240611e+00
5.053584073410604116e-01
8.560539133896873931e-01
3.075412732864699183e+00
1.450414051557847195e+00
2.117849079781857213e+00
1.723499110435001480e+00
-2.814192537171196662e+00
-1.909830056251195507e-01
1.070717657478056806e+00
-2.026503291772149939e+00
-2.067274198337127888e-01
-1.125553899548394021e+00
-2.203512191403320664e+00
9.613377252592434363e-01
1.094542377236665143e+00
1.262943537803571659e-01
-1.225369829579512571e+00
-1.348325119825162233e+00
-5.285296532909655731e-03
-1.530353918528265300e+00
-4.758232023356030460e-01
-9.315201092621115952e-01
-4.027793348586505395e+00
2.225337178816912953e-01
1.706190712432317458e+00
-3.930992460299511659e-01
2.321564742978480922e+00
1.008626423091878443e+00
8.885687149420584685e-02
3.232702103159323492e+00
2.257973950943574337e+00
6.474539935132194168e-01
-5.277352601857214776e-01
-6.829186469418320193e-01
5.272488775708171760e-01
-3.562226723874383771e-01
9.757923756043289654e-01
1.289690545858195314e-01
-2.328385896122801668e+00
1.888647185083835556e+00
1.870874714401423056e+00
-7.940624270756359016e-01
1.122893123395466208e+00
-1.693035449498561329e+00
-2.775422673603554546e+00
2.895967655071705060e-01
-1.281872122873610298e+00
-2.378631397641315814e+00
-2.346334002311303291e+00
-1.727215271947972752e+00
1.825190849323137243e-01
3.129639350483102156e-01
1.802719184705675159e+00
6.078147285217042617e-01
-1.216924984918059671e+00
2.805805001129717535e+00
1.761791578172539507e+00
-5.302487364573861273e-01
1.516996125357050751e+00
-1.451785551914993144e+00
-1.275864523565586106e+00
2.493256415371727819e+00
7.974476643065192549e-01
3.130150974062658742e-01
7.213157959424143506e-01
7.488567552632779956e-01
1.921946959209608341e+00
1.333046890482372682e+00
1.328018368968657548e+00
-1.154764227387613307e+00
-2.978159230698570248e+00
4.402587841845388983e-01
-1.304089487077235709e+00
-2.736835303691417032e+00
-3.616438296611399483e-01
-3.141108272870124285e+00
-1.647010924302750201e+00
2.271219669636075800e+00
-7.751820411675436340e-03
-2.128108439713893851e-01
1.042968138260689931e-01
-4.413060860895333670e-01
7.071067811865467956e-01
3.529057836269472448e-01
2.528300900864254297e-01
-1.584819975562388628e+00
-1.762612197553344640e+00
2.269937289325558716e+00
9.255327772941509545e-01
6.912899673930438249e-01
2.918050771341962779e+00
-2.973548083254692331e-01
1.447687214099709019e+00
4.093757268284560880e+00
3.025553875090440936e-01
-2.401864499413889353e-01
-5.871911364202468953e-01
-1.762420556957395190e+00
-4.113479346825762439e-01
-5.926548949385196385e-01
-8.905228750137286209e-01
-2.265939483282581435e+00
-1.665121287382818505e+00
1.795367409113942880e+00
-1.367268517415073381e-01
-3.278529200068306393e-01
8.099650781125991017e-01
-2.927050983124858341e+00
-6.478056403411187603e-01
1.437302226864483501e+00
-2.276234686810007180e+00
-1.393776646054729174e+00
-8.745549908859796551e-01
-1.102164390834695640e+00
1.602688387223178079e+00
1.966356244438502543e+00
1.581645922849711949e+00
5.299147678651372484e-01
1.226567645406224649e+00
3.538061880988011776e+00
8.909663329011558996e-01
5.863687202754609418e-01
7.742186620404679642e-01
-2.866725457892599138e+00
2.346456116948915371e-01
1.786151465922716453e+00
-1.812530388059928166e+00
-1.646340570197236675e-01
-8.417585110046216235e-02
-7.320138832724987221e-01
1.668976633660507192e+00
7.988821582942693400e-01
-8.172617637422125991e-01
-2.150852264774042233e+00
-1.666282734832528423e+00
-2.605857402176003923e-03
-2.208947326187253424e+00
-1.519695686258005995e+00
-1.000230152070468170e+00
-3.217768494047984262e+00
1.322135683644765747e+00
2.643047158739294744e+00
-5.266994659894521646e-01
1.706456587628403465e+00
1.108888528391565487e+00
2.753046802989677633e-01
2.685125629497351341e+00
1.117437339782936689e+00
-5.999211692756565295e-01
-1.090011196575421559e+00
-7.487118203500087166e-02
1.618037519831136084e+00
7.126431215284900755e-02
1.065398898130792471e+00
8.794938985274267651e-01
-1.276317965317765868e+00
2.726676725536347767e+00
2.069090505044832273e+00
-1.880534875065282607e+00
-1.648363560623489210e-01
-1.934503174199559750e+00
-2.686129541242485264e+00
8.288057583843355669e-02
-1.645378798212306481e+00
-2.635994589849128822e+00
-1.864068407990593368e+00
-3.609574239705011234e-01
1.352480294940858752e+00
2.320928367275489901e-01
1.061547745085827277e+00
1.995567309594893368e-01
-1.499833050610663410e+00
2.458505669618175737e+00
1.047461264469218722e+00
-1.992056302439984439e+00
6.387433111605479441e-01
-8.316197347080354074e-01
-2.414544354629743206e-01
3.251661539594939310e+00
1.211620855643275707e+00
4.563953983056265873e-01
1.247623098876563752e+00
1.695276233627769358e+00
2.195814941858125202e+00
3.343326736954077560e-01
4.610675752239407066e-02
-1.715012597067288258e+00
-2.960831084918654987e+00
8.569467764571313539e-01
-1.036558568571019467e+00
-3.044376121112815081e+00
-4.428501805495921317e-03
-1.725528979354979064e+00
-5.191810523654767362e-01
2.566433157555009892e+00
-5.407572017734568748e-01
-1.286340907683682033e+00
-5.203414086606934497e-01
-5.277147640547804608e-01
1.620055544435278216e-01
-8.792705635479372006e-01
-6.045474413706972694e-01
-1.376978390250791495e+00
-8.484189082728395004e-01
3.455371897933201986e+00
1.524523843823417879e+00
3.711580313424587274e-01
3.000000000000000000e+00
3.711580313424270861e-01
1.524523843823539782e+00
3.455371897933170011e+00
-8.484189082728366138e-01
-1.376978390250724216e+00
-6.045474413707566663e-01
-8.792705635478865744e-01
1.620055544434946260e-01
-5.277147640548804919e-01
-5.203414086606709121e-01
-1.286340907683764190e+00
-5.407572017734421088e-01
2.566433157555061406e+00
-5.191810523655551179e-01
-1.725528979354896464e+00
-4.428501805468720853e-03
-3.044376121112820410e+00
-1.036558568570901562e+00
8.569467764570681823e-01
-2.960831084918573719e+00
-1.715012597067343769e+00
4.610675752234058566e-02
3.343326736953380340e-01
2.195814941858173164e+00
1.695276233627704965e+00
1.247623098876633918e+00
4.563953983055807351e-01
1.211620855643344985e+00
3.251661539595110284e+00
-2.414544354630501488e-01
-8.316197347078529978e-01
6.387433111603368907e-01
-1.992056302440077253e+00
1.047461264469603082e+00
2.458505669617954581e+00
-1.499833050610746010e+00
1.995567309597157113e-01
1.061547745085525296e+00
2.320928367276805515e-01
1.352480294941021288e+00
-3.609574239707210586e-01
-1.864068407990457699e+00
-2.635994589849215419e+00
-1.645378798212198568e+00
8.288057583835317654e-02
-2.686129541242777474e+00
-1.934503174199363684e+00
-1.648363560623333779e-01
-1.880534875065223765e+00
2.069090505045354966e+00
2.726676725535916113e+00
-1.276317965317716352e+00
8.794938985276191667e-01
1.065398898130682115e+00
7.126431215324774415e-02
1.618037519831044158e+00
-7.487118203525844340e-02
-1.090011196575561447e+00
-5.999211692754405911e-01
1.117437339783110550e+00
2.685125629497291389e+00
2.753046802989274067e-01
1.108888528391338557e+00
1.706456587628538024e+00
-5.266994659894979058e-01
2.643047158739184166e+00
1.322135683644980020e+00
-3.217768494047847927e+00
-1.000230152070546108e+00
-1.519695686258014877e+00
-2.208947326187353788e+00
-2.605857402261380074e-03
-1.666282734832526646e+00
-2.150852264773883249e+00
-8.172617637420775960e-01
7.988821582941271204e-01
1.668976633660579356e+00
-7.320138832725033851e-01
-8.417585110034903062e-02
-1.646340570195213848e-01
-1.812530388059939934e+00
1.786151465922616532e+00
2.346456116951420312e-01
-2.866725457892661755e+00
7.742186620403820330e-01
5.863687202754831462e-01
8.909663329010983901e-01
3.538061880987831920e+00
1.226567645406295703e+00
5.299147678651929816e-01
1.581645922849600483e+00
1.966356244438615786e+00
1.602688387223221156e+00
-1.102164390834519114e+00
-8.745549908859124866e-01
-1.393776646054771806e+00
-2.276234686810000074e+00
1.437302226864422661e+00
-6.478056403411742714e-01
-2.927050983124955152e+00
8.099650781126860322e-01
-3.278529200070904315e-01
-1.367268517414778339e-01
1.795367409113912238e+00
-1.665121287382863802e+00
-2.265939483282361611e+00
-8.905228750135807392e-01
-5.926548949383768639e-01
-4.113479346825574812e-01
-1.762420556957361439e+00
-5.871911364201433114e-01
-2.401864499414249066e-01
3.025553875090901679e-01
4.093757268284597295e+00
1.447687214099428132e+00
-2.973548083254823338e-01
2.918050771342013849e+00
6.912899673931633959e-01
9.255327772943385822e-01
2.269937289325492547e+00
-1.762612197553377502e+00
-1.584819975562343330e+00
2.528300900864032807e-01
3.529057836270216297e-01
7.071067811864950592e-01
-4.413060860895906545e-01
1.042968138261731736e-01
-2.128108439715297173e-01
-7.751820411528664856e-03
2.271219669636115768e+00
-1.647010924302824142e+00
-3.141108272870013707e+00
-3.616438296610927638e-01
-2.736835303691484533e+00
-1.304089487077372489e+00
4.402587841845111427e-01
-2.978159230698718574e+00
-1.154764227387459874e+00
1.328018368968653995e+00
1.333046890482419311e+00
1.921946959209594352e+00
7.488567552633008662e-01
7.213157959427272115e-01
3.130150974062979596e-01
7.974476643067149872e-01
2.493256415371728263e+00
-1.275864523565789055e+00
-1.451785551915006467e+00
1.516996125357018776e+00
-5.302487364575035889e-01
1.761791578172611006e+00
2.805805001129602072e+00
-1.216924984918021035e+00
6.078147285218234996e-01
1.802719184705642519e+00
3.129639350484818561e-01
1.825190849322823050e-01
-1.727215271948058017e+00
-2.346334002311222022e+00
-2.378631397641426393e+00
-1.281872122873506825e+00
2.895967655071904900e-01
-2.775422673603771706e+00
-1.693035449498182299e+00
1.122893123395365178e+00
-7.940624270757981051e-01
1.870874714401719041e+00
1.888647185083609514e+00
-2.328385896122782128e+00
1.289690545859981663e-01
9.757923756043550556e-01
-3.562226723874536982e-01
5.272488775709081033e-01
-6.829186469419710193e-01
-5.277352601854912173e-01
6.474539935132450630e-01
2.257973950943701347e+00
3.232702103159394547e+00
8.885687149384491335e-02
1.008626423092090274e+00
2.321564742978232232e+00
-3.930992460299896907e-01
1.706190712432670509e+00
2.225337178812453187e-01
-4.027793348586528488e+00
-9.315201092619196377e-01
-4.758232023357152896e-01
-1.530353918528134738e+00
-5.285296532869354635e-03
-1.348325119825128038e+00
-1.225369829579538106e+00
1.262943537801902993e-01
1.094542377236602526e+00
9.613377252594366151e-01
-2.203512191403276699e+00
-1.125553899548526582e+00
-2.067274198334936308e-01
-2.026503291772117077e+00
1.070717657478042817e+00
-1.909830056249550156e-01
-2.814192537171295694e+00
1.723499110434812076e+00
2.117849079781965571e+00
1.450414051557860295e+00
3.075412732864535315e+00
8.560539133898664721e-01
5.053584073409487232e-01
1.564872727888339643e+00
1.563429337578857936e+00
6.077390863920326680e-01
-2.193277658270497810e+00
-8.615533775995212196e-01
-1.654563411569187625e-01
-1.262121058011268282e+00
1.884123827070539603e+00
-2.533692019037230292e-01
-2.560066820379224506e+00
1.593945689307197489e+00
4.298399249572002478e-01
-7.594772421916905492e-01
2.980681676998570007e-01
-2.730144250400369010e+00
-2.661684077457102671e+00
-8.414216710549896616e-01
-5.511534279925809354e-01
-7.475606530319800491e-01
-2.003375393288255868e+00
2.041193638252782050e-01
1.202280833464535403e+00
9.199490353023672684e-01
3.760206662715106063e+00
7.414796945694209773e-01
-1.103343031305353827e+00
2.732920917217162682e+00
6.768005720525142044e-01
-3.087354202060256514e-02
1.212198156571473007e+00
-1.812632511814422198e+00
-7.333455841448385248e-01
1.584486784650130931e+00
1.405598317332901415e+00
9.388253954986603977e-01
-4.522798643931618123e-01
7.051948604679134647e-01
4.801594362969365815e-01
-3.650525734246070630e-01
1.147471985821908458e+00
-2.823401661223499115e+00
-3.901446616260807687e+00
-4.352074256530613638e-14
-2.046556309591613498e+00
-1.436095049597908346e+00
3.301738363491092398e-01
-2.363631518705855861e+00
-1.973164041935958624e-01
2.197077151316253030e+00
1.341002209177412308e+00
7.881717844427302833e-01
-5.003603657015799344e-01
3.096388051530415964e-01
2.191308231910301663e-01
1.745901092256131326e-01
1.746002135212271433e+00
-1.618854339316518232e+00
-1.044683481955279269e+00
3.033372095458714668e+00
8.428539906587487751e-01
1.896625101413952796e+00
2.677964158461223931e+00
-1.044625466154958549e+00
8.151818973629318954e-01
1.879175443909595566e+00
-3.634711746372200625e-01
-1.196102174930890438e+00
-2.526530109182906880e+00
-1.870300738617788783e+00
-1.455824994079134349e+00
-7.993809727339051818e-01
5.362624878895336789e-01
-2.512090602279626772e+00
-1.119166195440166600e+00
2.188028852461390450e+00
-5.667349643112148394e-01
6.433972302763953932e-01
5.615000964231816605e-01
-3.148102129796895632e+00
-2.533925777924639355e-01
9.586585637704506668e-01
-7.439713978963498064e-01
-1.285100189775481017e-01
-4.365311841335415277e-01
8.053145368449814434e-01
1.937231373384541655e+00
2.686536258631637253e+00
3.012591214708260523e+00
-4.270536637500517152e-01
7.764779267087504877e-01
2.597730643736810396e+00
-8.189675244488934247e-01
4.270509831249259536e-01
-4.622683561408214570e-01
-3.791085744641919053e+00
6.494888717096358732e-03
7.985014436235529089e-01
-9.776980840973135134e-01
-4.590867801234310708e-02
-8.846098599687476360e-01
-3.467036402669685935e-01
4.000184992866466227e-01
3.403307311788642542e-01
-3.676968237871682810e-01
-3.490064023296698181e+00
-1.579114943592558440e+00
2.030177889915247835e-01
-2.075959824709069146e+00
5.478080482711421562e-01
-2.364150965983191632e-03
-1.996233215771771707e+00
2.831106194344914506e+00
2.992855825720930341e+00
1.063357122944750710e+00
1.977319380577981622e+00
3.445498478259823028e-01
4.717516004119226558e-01
1.254277788191102916e+00
8.255841145302993400e-01
-1.265271817388479159e-01
-2.353696585599601043e+00
1.356209187807256300e-01
1.498063266443219188e+00
-4.642436712063726656e-01
1.913779264850400619e+00
2.552923466138659614e-02
-2.199362366673431435e+00
1.917188904664875349e+00
3.063329290683778350e-01
-2.074354033221021965e+00
-1.185429469209199116e+00
-3.086140041609962470e+00
-2.253050358582691537e+00
-4.481417123307750439e-01
-4.331033488091856620e-01
-7.477830712225466137e-01
-1.676938098914213526e+00
1.244736972627173976e+00
2.180391592795004385e+00
5.172164174110107648e-01
2.530224419760469967e+00
-1.784616148076788311e-01
-1.705819241042326961e+00
2.578018493970495317e+00
5.173431171433009457e-01
-8.641393060258295566e-01
8.320646169799698066e-01
-8.567134842425558894e-01
7.370293172505065771e-01
2.692604986240533460e+00
1.799206015185882412e+00
7.362333188875352930e-01
-6.041194317748828091e-01
1.064889650784186292e+00
5.856032819515424315e-01
-1.413377609545502622e+00
-1.297797407552462312e-01
-3.295213416283654606e+00
-3.655995024934355797e+00
9.420236209406531724e-01
-1.246911662880624050e+00
-1.533973855338663705e+00
4.615655647039227372e-01
-1.474262512856633567e+00
5.000129134551860588e-01
2.103941518587959969e+00
3.414412475846986261e-01
-7.071067811865558994e-01
-1.487557911104733233e+00
2.905269695172989497e-01
2.838379093508307527e-01
-4.027054401085973234e-01
1.418378706195606576e+00
-1.071270322924040341e+00
4.940274777866748845e-02
4.434774601919491133e+00
1.478918089301661798e+00
1.259470587462575564e+00
2.176713690249743927e+00
-9.430201734670113911e-01
7.452682331552819006e-01
1.395424125718545350e+00
-1.265040782627448568e+00
-2.021963706104843439e+00
-2.294643858527716240e+00
-5.528559855883312668e-01
-3.114032361461316345e-01
-5.409545316786745772e-01
6.816161761375655326e-01
-2.093888660392563494e+00
-6.778990379572545910e-01
2.505320950282903247e+00
-1.309016994375180154e+00
-1.133004101932031826e+00
-5.436206245287369399e-01
-3.272604897488843534e+00
-1.580574198740426484e-01
1.046032380467815104e+00
-9.014409611321536619e-01
-1.677742354418138016e-01
4.414712224154683229e-01
2.211618962160482482e+00
2.525968224721845790e+00
2.089479736768126372e+00
2.187396264745893326e+00
-9.821334405953771052e-01
5.361085293891003634e-01
2.609727913408394606e+00
-1.443654103474157235e+00
-5.365223728593327968e-01
-2.136906224853628578e-01
-2.537081121468995892e+00
1.293303197823180595e+00
1.730792997981689396e+00
-8.325025196320814391e-01
-2.211495166991154226e-01
-5.142893532117966959e-01
9.071923573714724132e-02
-1.585850464877734955e-01
-1.084210401175922600e+00
-1.559530460536360019e+00
-3.955472235807051540e+00
-1.269029219129168107e+00
9.337728234542886918e-01
-2.021958527932932626e+00
2.825009984035880550e-01
6.696752703233461723e-01
-9.629859487823420050e-01
3.353521782885557467e+00
2.777045395617786294e+00
-1.241152807295721749e-01
7.182352195066190603e-01
4.578374982494926027e-02
5.654597900615558892e-01
8.532522692539536990e-01
2.131503830694677637e-01
-1.098093145545749882e-01
-1.509045712598365840e+00
1.611302769165246174e+00
2.868095479321509877e+00
-3.349101009871222612e-01
1.442171419183091441e+00
1.669774724550911471e-01
-2.018654926494194868e+00
1.633974147070376137e+00
-4.510196287219387923e-01
-3.375415387591510274e+00
-1.916132544893150769e+00
-2.451191669639619874e+00
-1.239663751862076335e+00
-1.391399432181222862e-02
-3.735237119017502661e-01
-5.070726768355472425e-01
-1.146134780046943025e+00
1.890298907072064383e+00
2.197622600315973784e+00
-8.341939615647225859e-01
9.582835303571952679e-01
-7.402215838332821818e-01
-1.828875079303693196e+00
2.548472400653692738e+00
4.335205891184669147e-01
-1.204961783666477437e+00
1.265896330455388075e+00
6.899378430634128812e-01
2.051984277382781219e+00
2.962676411263897247e+00
1.382407303547605659e+00
2.467611962850644325e-01
-8.105315774941157514e-01
1.138895450990720759e+00
2.471684378194516363e-01
-2.586068455747122741e+00
-8.249423881391941826e-01
-2.669237070005506585e+00
-2.583597267759705218e+00
1.972874987670296232e+00
-7.074461478543527804e-01
-1.735041647754380634e+00
6.389858009751551160e-01
-7.664699715205097741e-01
4.722917126974859325e-01
1.020685076890960552e+00
-1.133785303320191895e+00
-1.832312246077705264e+00
-1.764787025625748740e+00
7.274762934980810725e-01
5.047831476575715959e-01
-7.730385429329087454e-01
1.629988723125990635e+00
8.390579404751663528e-02
1.119076442817988015e+00
