5.000000000000000000e+00
8.314860887324027061e-01
5.793900999950610808e-01
1.372050131382584581e+00
-1.102155366857381358e-01
1.077550872134543924e+00
-6.540244107851421740e-01
-1.606069586792571835e+00
-2.936266689844667876e+00
-5.334599502116205150e-02
2.750712643830820481e-01
-2.773379068054042218e+00
2.974527538199549515e-01
-1.395918365545946616e+00
1.761224598478415559e-02
2.277786571421492212e+00
-9.705224580433533532e-01
-8.513150298665824733e-01
-4.356367422364598729e-01
1.123726932460545669e+00
-5.880600141004909132e-01
-7.540295761868732738e-01
-2.196089230889124444e-01
-2.148443629679236189e+00
2.639728713722971243e+00
1.266456598512674780e+00
-7.299329506266184486e-01
1.863820692426465975e+00
1.202296585471134716e+00
2.601143062193624456e+00
1.774518932025736850e+00
9.094992787472373497e-01
-9.733565376383861434e-01
-2.708070439680301256e-01
1.736634893168293114e+00
-3.010011986938554873e+00
-1.785415099554485518e+00
-1.957533990194493478e+00
-2.918233284822288720e+00
5.793352660513066965e-01
-1.317513354837712924e+00
-1.687821706729959459e+00
-7.769514312294781844e-01
1.655052867791103166e+00
1.490509029177658817e+00
-6.993863019725532482e-02
1.783812523133557315e+00
-1.103880104076587765e+00
1.493191602798449313e+00
2.464730840820785307e+00
-1.785011461204636829e+00
-1.221634090876519974e-01
-1.758641264407608817e-01
7.573833317825025002e-01
8.031872200401846129e-01
5.011192261715856633e-01
8.863885085692357890e-03
-4.976457577620486128e-01
3.593147500506441716e+00
2.951244679613504451e-01
-9.101047108346568271e-01
6.320804449766014299e-01
-1.996853559430415315e+00
2.623187752891514846e-01
-8.712785881421373224e-01
-2.861134661737739560e+00
-2.956026026384590999e+00
-1.181490817045316666e+00
3.717600484327793220e-01
-2.069154544155827224e+00
5.655605620287831314e-01
-3.619139144456716140e-01
3.827489397036242247e-01
4.345461037763266532e+00
6.368474248450659569e-01
7.489670022681433892e-01
1.430004753891252367e+00
1.534402162636155253e+00
1.335330403555421430e+00
-7.448650307560045203e-02
-1.615488791233472554e-01
-2.452748647814146921e+00
1.217266971130547493e+00
7.755269589128960250e-01
-2.457516313303361066e+00
5.132900242585570760e-01
-8.916291685894598418e-01
5.461725767527496611e-01
1.397393925192140118e+00
-6.762855644713817727e-01
-1.353449283406098935e+00
-1.019494594622541328e+00
1.338095694000496216e+00
-2.002744913346173661e+00
-1.583734208092134388e+00
-9.791505349061641050e-01
-2.803874557259617539e+00
1.753374630161678382e+00
2.087792642722987591e-01
-1.004957501339002413e+00
9.270509831248553434e-01
1.878631679431549628e+00
2.934476246474978289e+00
1.485470222750902014e+00
2.290017874840416301e+00
-2.126095473229612787e-01
1.083445360213696418e+00
2.955351566537166352e+00
-2.195631217677930902e+00
-9.657053348521591474e-01
-1.326103994979511258e+00
-1.715475305895964198e+00
8.139714560769673035e-03
-1.430509938590097674e+00
-1.723982762173582151e+00
-1.854257167729835842e+00
1.783487215957933358e+00
4.144055018475482632e-01
-1.200287526740424049e+00
1.173243655899309568e+00
-1.644534286808719159e+00
1.056208134320717473e+00
1.347657684261395650e+00
-1.895983051464186442e+00
-9.774035588602465463e-01
-2.928932188134691916e-01
1.289738906724093637e+00
-1.799579068109971036e-01
9.454847064455411676e-01
4.431652715124873576e-01
6.083468639379041587e-02
4.572584096297500622e+00
9.120081986145823771e-01
1.195282642532639050e-01
1.334383752520909239e+00
-2.165544110759212160e-01
8.760902631588926015e-01
-7.980312576548197478e-01
-1.852851097809103509e+00
-3.450577147287090529e+00
-9.743436789853034963e-01
-4.235887370788948836e-02
-3.428894027383073251e+00
-3.257941005394124900e-01
-1.357386720207572228e+00
-2.326792875924334481e-01
2.782913991639134998e+00
-1.486168295011580653e-02
8.748731094169970302e-02
6.358598854856426508e-01
2.323853229792232522e+00
6.918597165670378191e-01
-8.848944185593765610e-02
5.388703046773237748e-01
-2.092169232338869200e+00
2.069788361741947025e+00
1.096983922242564358e+00
-1.681431704799432936e+00
8.045357162631651127e-01
2.867802074141740931e-01
1.644534286808741363e+00
1.133200280168331187e+00
5.058177032582307220e-01
-1.058806846028589099e+00
-6.536750496986581949e-01
1.988736746065932204e+00
-2.615926003270369282e+00
-1.935408082123704743e+00
-1.607699546805416713e+00
-3.052067148564782784e+00
4.091647901554598121e-01
-1.134547905369288845e+00
-1.711104682937778954e+00
-7.783805525989377916e-01
1.793499875030333701e+00
2.214064010409756200e+00
4.638014345219682033e-01
2.649717555664772739e+00
-2.478867964948672231e-02
1.917171469626756108e+00
3.435621856995368262e+00
-1.223349586891776308e+00
-2.318019106398485629e-01
-4.131823960700995446e-01
3.326380911360182768e-02
-1.260481728508814347e-01
-7.025373657295336249e-01
-1.021782387134464010e+00
-1.894977727678530677e+00
2.498102112018082188e+00
5.624213813986286836e-02
-1.473523055627259382e+00
7.771187957842643490e-01
-1.551635161264185658e+00
6.397700223242137607e-01
6.156450834636872926e-02
-2.024032179605335990e+00
-2.304324839696408667e+00
-8.624535258978525132e-01
9.478630555467594254e-01
-1.809016994374900600e+00
4.863722906508148314e-01
-5.037700149234658475e-03
9.375665373494723731e-02
4.450191748678117065e+00
1.148823638219123033e+00
8.393205679360919991e-01
1.739069413033825340e+00
1.787692448195908224e+00
1.593544009157459307e+00
-1.451933553234191487e-01
-2.523289909232111494e-01
-2.978886223506385544e+00
6.909962613812202503e-02
1.986953833330529773e-01
-3.596190965575070120e+00
-6.912900735904252691e-01
-1.607599291427557642e+00
-3.107875416413048986e-01
1.196229826773699489e+00
-4.351000052499396920e-01
-7.854375511670705912e-01
-4.073385710523046432e-01
2.442024001260672872e+00
-5.781985301397882804e-01
-7.403677816272558054e-01
2.334028178866220937e-01
-2.192654916472912330e+00
1.890872121955834206e+00
6.525288411854464066e-01
-1.251091332800375877e+00
4.635937046642258919e-01
1.337952396667068777e+00
2.522621832861074331e+00
1.013701713904656909e+00
1.958914163171795231e+00
-2.307289933760987843e-01
5.213142207517750260e-01
3.046726494748289049e+00
-2.101977724664251923e+00
-1.451392454366468909e+00
-1.481657655960362030e+00
-2.285754835042275168e+00
-5.829770379297185556e-01
-1.925039535719112571e+00
-2.166642318522311150e+00
-2.394453484549853073e+00
1.434649016823334566e+00
9.283839049842916857e-01
-9.271436095878400341e-01
1.999999999999995781e+00
-4.419451479969065955e-01
1.869791769314704366e+00
2.776020169896924905e+00
-7.332616861582099688e-01
-2.848807806139731502e-01
6.486249824340917236e-02
1.396175199275599521e+00
-4.356004213732789232e-01
1.289581154617777670e-01
-1.765444748689058985e-01
-1.239065633302490310e+00
3.446146455777018502e+00
4.333779841162592739e-01
-8.007675183162287214e-01
9.408313316710315011e-01
-3.915982256929284033e-01
8.140669694624357300e-01
-5.717766928262696391e-01
-1.533209395553680299e+00
-3.215665834257714017e+00
-1.162440007896810901e+00
3.339475188218603563e-01
-3.398513999850949929e+00
-5.493445157879095486e-01
-1.053236711707583373e+00
-4.024961370383159931e-01
3.095800060570535805e+00
6.854501224163145334e-01
6.810731412780210992e-01
1.317513354837731132e+00
3.130232802298408945e+00
1.689054546766482368e+00
3.385977305364700207e-01
1.084982824036873961e+00
-2.095968826314117184e+00
1.333233281586137409e+00
7.701682665211003753e-01
-2.753173453759469425e+00
-5.154577091079186602e-01
-8.814424606927806494e-01
4.281630498202487756e-01
2.628074261730894423e-01
-5.421266053657414208e-02
-1.115215679200095122e+00
-8.501894825126941058e-01
2.526136405506000493e+00
-1.640384748593834541e+00
-1.445655749925265354e+00
-5.746500779625577371e-01
-2.427050983124907191e+00
8.097430041177710036e-01
-5.124074079471265808e-01
-1.487026690223704151e+00
-7.883129534247167447e-01
1.641874533097698929e+00
2.470252367566196483e+00
4.196540290337353873e-01
2.771436596305450806e+00
4.246692343534497760e-01
1.744897989143582517e+00
3.876329728792890617e+00
-9.095230445817501508e-01
-4.879784084938409983e-01
-6.522771748428464189e-01
-5.623346556440000921e-01
-8.635026230664892832e-01
-1.716849846671899549e+00
-1.864480412074124960e+00
-3.087491811808254383e+00
1.451392454366256413e+00
-6.859373951260201718e-02
-1.893446564562831114e+00
1.009813337013846679e+00
-8.493700769838630205e-01
1.306083010930502386e+00
1.344958353131761264e+00
-7.406836731681220032e-01
-1.189421670357919458e+00
-1.600476539187731806e-01
1.778259002012955392e+00
-1.370177983968417390e+00
2.864970631840317306e-01
5.792377394447040251e-02
-6.425541148546446424e-01
3.824245997433865618e+00
9.343057475970949488e-01
1.867687149475610875e-01
1.334568865244752489e+00
1.495611807422700057e+00
1.518953247750109981e+00
-3.192903318514463962e-01
-2.458135436594328649e-01
-3.113304670843115129e+00
-6.308629121435848086e-01
1.492009903883456667e-01
-4.090748177620000980e+00
-1.418291503973771794e+00
-1.887299944988456879e+00
-8.411262970518470494e-01
1.148282725207390609e+00
-1.120585259898631003e-01
-1.880932704275221079e-01
1.983606256001945178e-01
3.472199837988101834e+00
8.914874681121854882e-01
1.344955706405895346e-01
1.444668522125735599e+00
-1.485630561553700435e+00
1.957601648004126726e+00
9.628226432721811445e-01
-1.691944526905945212e+00
-3.778248630927947271e-01
3.052604836019998658e-01
1.541729352204893599e+00
-2.833778443880330400e-02
1.033932574279332606e+00
-6.516397203013111206e-01
-2.838017675006944684e-01
3.023577975900080705e+00
-1.748819418538092085e+00
-1.519015763374410799e+00
-1.051989206766404283e+00
-2.093382009928853371e+00
-4.253144056631981140e-01
-1.707106781186532363e+00
-2.006282626423148585e+00
-2.478055385120842224e+00
1.247169047901687922e+00
1.443307070422613858e+00
-7.929757036786442281e-01
2.438383979725523343e+00
4.028464430014569997e-01
2.259750981587643093e+00
3.760790705433741721e+00
1.368667614764372820e-01
1.619983096120817256e-01
2.376469286361662103e-01
1.358805330802853151e+00
-7.629988985599716056e-01
-8.287242206498790509e-01
-9.531390469209113370e-01
-2.668629211725433770e+00
2.025049410382204762e+00
-2.485783746544809603e-01
-1.866770695872169261e+00
4.125501595326632742e-01
-5.031313580430579746e-01
9.535533950816433846e-01
2.374137276236687466e-02
-6.909830056251087260e-01
-2.289462807692143720e+00
-6.654522690296054144e-01
1.341649412622007764e+00
-2.728494191919656142e+00
-4.211683228278298996e-01
-5.764878048205032135e-01
-6.064140753595119726e-01
3.040084657589797068e+00
8.864640884120710274e-01
6.426041734503483704e-01
1.290604845519264465e+00
3.217605866561990879e+00
2.110954197906143026e+00
3.242314267995668464e-01
1.307585805528223233e+00
-2.132241982913507528e+00
6.123457357762789321e-01
5.753797515163403542e-01
-3.534991152067908704e+00
-1.619486133966248964e+00
-1.821011412695418219e+00
-5.954328741111312162e-01
-4.652425421255645399e-01
-5.190489916819399641e-01
-1.033046046108426097e+00
-8.716553366273658288e-01
3.200596786574074315e+00
-3.300748177224439583e-01
-6.001082346356745312e-01
8.162270291574713621e-01
-1.344603810746673345e+00
1.526905455277158152e+00
3.352330135323596805e-01
-1.168343178082038802e+00
-9.093011378602905426e-01
1.128089790424393390e+00
2.189766131869354648e+00
-2.564860500913007657e-01
2.081386705350629640e+00
1.615488791235619725e-01
9.250975072717821934e-01
3.743801111562429451e+00
-8.353126471873382197e-01
-7.969489863417558162e-01
-7.246948811343773000e-01
-7.693896442329483110e-01
-1.067999843024365347e+00
-2.144992795499189420e+00
-2.117388421810050492e+00
-3.687124493795026048e+00
7.693749686503589258e-01
1.058849911731149507e-01
-2.100250314755634395e+00
1.237908652098856699e+00
-1.327601483534155413e-01
1.914523249021597762e+00
2.540569329869000637e+00
5.171604919094030528e-01
-6.243337786381963905e-02
5.420396169385786056e-01
2.561950528190359400e+00
-9.310106637822208597e-01
-8.443421669817449682e-02
-1.383499042975819271e-01
-1.687388256291360022e+00
2.655794614411278953e+00
1.899718093852139633e-01
-9.984886174050746632e-01
3.999578273803787720e-01
8.110115838223651563e-01
1.241236304748919439e+00
-4.727594946131359332e-01
-2.630545793309102542e-02
-2.722200168912851215e+00
-7.089200826781276721e-01
7.992650189915102565e-01
-3.744032508756263589e+00
-1.474991645670563400e+00
-1.594201033010339774e+00
-9.628226432722331030e-01
1.236764001424642601e+00
1.584464209176851268e-01
1.883196553748737179e-01
4.525488963750938787e-01
3.999270625429159232e+00
1.934655824019807513e+00
6.021475038100688737e-01
2.257162858588525722e+00
-9.691111493175968983e-01
1.816097749934333372e+00
1.132367645301193049e+00
-2.176708498801010361e+00
-1.318048021688151161e+00
-8.547478404876855951e-01
4.000750316439757315e-01
-1.223966769662151233e+00
-1.114334140949015811e-01
-1.185192352874566923e+00
-1.108767104247998070e+00
3.000000000000000000e+00
-1.108767104247541324e+00
-1.185192352874945509e+00
-1.114334140947892959e-01
-1.223966769662248044e+00
4.000750316438688170e-01
-8.547478404875725744e-01
-1.318048021688047466e+00
-2.176708498800982827e+00
1.132367645300781822e+00
1.816097749934902694e+00
-9.691111493176775005e-01
2.257162858588327659e+00
6.021475038104089350e-01
1.934655824019356096e+00
3.999270625429384829e+00
4.525488963753341309e-01
1.883196553748197610e-01
1.584464209175521221e-01
1.236764001424733195e+00
-9.628226432719922956e-01
-1.594201033010655966e+00
-1.474991645670235219e+00
-3.744032508756433231e+00
7.992650189912219316e-01
-7.089200826775456932e-01
-2.722200168913005758e+00
-2.630545793315441916e-02
-4.727594946129798359e-01
1.241236304748792652e+00
8.110115838223497242e-01
3.999578273804128559e-01
-9.984886174050713326e-01
1.899718093851477940e-01
2.655794614411339793e+00
-1.687388256291151523e+00
-1.383499042977259785e-01
-8.443421669814842045e-02
-9.310106637821901066e-01
2.561950528190275023e+00
5.420396169388699281e-01
-6.243337786373359677e-02
5.171604919094108244e-01
2.540569329869095672e+00
1.914523249021834683e+00
-1.327601483535751914e-01
1.237908652098852924e+00
-2.100250314755596204e+00
1.058849911724973614e-01
7.693749686506851093e-01
-3.687124493794885716e+00
-2.117388421810081578e+00
-2.144992795499142346e+00
-1.067999843024594497e+00
-7.693896442330178109e-01
-7.246948811343508767e-01
-7.969489863416141517e-01
-8.353126471876319847e-01
3.743801111562261141e+00
9.250975072719991310e-01
1.615488791234191424e-01
2.081386705350623867e+00
-2.564860500915077113e-01
2.189766131868865262e+00
1.128089790424683603e+00
-9.093011378602716688e-01
-1.168343178082106970e+00
3.352330135318198900e-01
1.526905455277653312e+00
-1.344603810746717532e+00
8.162270291571248615e-01
-6.001082346351117591e-01
-3.300748177232895042e-01
3.200596786574160912e+00
-8.716553366267164593e-01
-1.033046046108894167e+00
-5.190489916818348259e-01
-4.652425421254030580e-01
-5.954328741110695988e-01
-1.821011412695527021e+00
-1.619486133966100638e+00
-3.534991152067952225e+00
5.753797515158237674e-01
6.123457357771966425e-01
-2.132241982913767320e+00
1.307585805527988088e+00
3.242314267999726329e-01
2.110954197905783758e+00
3.217605866562335049e+00
1.290604845519292665e+00
6.426041734504833736e-01
8.864640884117859221e-01
3.040084657589981809e+00
-6.064140753588695976e-01
-5.764878048208512684e-01
-4.211683228273734869e-01
-2.728494191919830669e+00
1.341649412621642723e+00
-6.654522690291894138e-01
-2.289462807692247637e+00
-6.909830056250233499e-01
2.374137276229126847e-02
9.535533950817934867e-01
-5.031313580430918364e-01
4.125501595327332183e-01
-1.866770695872013386e+00
-2.485783746553451856e-01
2.025049410382409931e+00
-2.668629211725193073e+00
-9.531390469211986627e-01
-8.287242206497131836e-01
-7.629988985603952667e-01
1.358805330802813627e+00
2.376469286363721567e-01
1.619983096122261657e-01
1.368667614761652773e-01
3.760790705433484149e+00
2.259750981588127150e+00
4.028464430012895781e-01
2.438383979725596618e+00
-7.929757036785772817e-01
1.443307070422179317e+00
1.247169047902034533e+00
-2.478055385120687237e+00
-2.006282626423309789e+00
-1.707106781186642053e+00
-4.253144056631359415e-01
-2.093382009928607790e+00
-1.051989206766498430e+00
-1.519015763374069294e+00
-1.748819418538521520e+00
3.023577975899966130e+00
-2.838017675003189910e-01
-6.516397203018343687e-01
1.033932574279488481e+00
-2.833778443883760989e-02
1.541729352204799230e+00
3.052604836019853218e-01
-3.778248630928798812e-01
-1.691944526905941437e+00
9.628226432716838756e-01
1.957601648004473116e+00
-1.485630561553789697e+00
1.444668522125451382e+00
1.344955706409990404e-01
8.914874681118601929e-01
3.472199837988094728e+00
1.983606256003807022e-01
-1.880932704276090384e-01
-1.120585259900965802e-01
1.148282725207328880e+00
-8.411262970517551230e-01
-1.887299944988718003e+00
-1.418291503973521106e+00
-4.090748177620055159e+00
1.492009903880051613e-01
-6.308629121429787379e-01
-3.113304670843156874e+00
-2.458135436595364487e-01
-3.192903318513081734e-01
1.518953247750171265e+00
1.495611807422741579e+00
1.334568865244850189e+00
1.867687149476323638e-01
9.343057475969139825e-01
3.824245997433831423e+00
-6.425541148544678949e-01
5.792377394410680447e-02
2.864970631841078363e-01
-1.370177983968340563e+00
1.778259002012865242e+00
-1.600476539184874092e-01
-1.189421670357952099e+00
-7.406836731682070463e-01
1.344958353131458173e+00
1.306083010930675359e+00
-8.493700769840466513e-01
1.009813337013881096e+00
-1.893446564562685674e+00
-6.859373951291913851e-02
1.451392454366390083e+00
-3.087491811808264153e+00
-1.864480412074293492e+00
-1.716849846671869351e+00
-8.635026230665210356e-01
-5.623346556438498789e-01
-6.522771748428142224e-01
-4.879784084935998578e-01
-9.095230445821951282e-01
3.876329728792518914e+00
1.744897989144280626e+00
4.246692343528963298e-01
2.771436596305636435e+00
4.196540290338599544e-01
2.470252367565849205e+00
1.641874533097955169e+00
-7.883129534245043590e-01
-1.487026690223625991e+00
-5.124074079476009791e-01
8.097430041181117311e-01
-2.427050983124588335e+00
-5.746500779629848399e-01
-1.445655749924655620e+00
-1.640384748594372333e+00
2.526136405505896132e+00
-8.501894825118773147e-01
-1.115215679200503018e+00
-5.421266053666765061e-02
2.628074261729693717e-01
4.281630498203181645e-01
-8.814424606928167316e-01
-5.154577091076908424e-01
-2.753173453759423239e+00
7.701682665203177791e-01
1.333233281587088426e+00
-2.095968826314183353e+00
1.084982824036453852e+00
3.385977305368073065e-01
1.689054546766157072e+00
3.130232802298789085e+00
1.317513354837873685e+00
6.810731412781089178e-01
6.854501224160651773e-01
3.095800060570520262e+00
-4.024961370379355197e-01
-1.053236711708057882e+00
-5.493445157876201135e-01
-3.398513999850940159e+00
3.339475188215625945e-01
-1.162440007896329952e+00
-3.215665834257807720e+00
-1.533209395553852161e+00
-5.717766928264317317e-01
8.140669694625490838e-01
-3.915982256930493621e-01
9.408313316709954188e-01
-8.007675183159729260e-01
4.333779841156381041e-01
3.446146455777195694e+00
-1.239065633302274261e+00
-1.765444748692278631e-01
1.289581154620939585e-01
-4.356004213736063835e-01
1.396175199275454748e+00
6.486249824353740312e-02
-2.848807806137312326e-01
-7.332616861581614520e-01
2.776020169896657563e+00
1.869791769315135133e+00
-4.419451479971184815e-01
2.000000000000005329e+00
-9.271436095875835726e-01
9.283839049837138147e-01
1.434649016823648537e+00
-2.394453484549580846e+00
-2.166642318522390642e+00
-1.925039535719265782e+00
-5.829770379297982696e-01
-2.285754835042281830e+00
-1.481657655960456177e+00
-1.451392454366044582e+00
-2.101977724664653380e+00
3.046726494748096314e+00
5.213142207521991311e-01
-2.307289933764488654e-01
1.958914163171790124e+00
1.013701713904638702e+00
2.522621832860970414e+00
1.337952396666984178e+00
4.635937046642266690e-01
-1.251091332800346567e+00
6.525288411851907222e-01
1.890872121956157725e+00
-2.192654916472762672e+00
2.334028178863475356e-01
-7.403677816270199941e-01
-5.781985301399845678e-01
2.442024001260672428e+00
-4.073385710520180947e-01
-7.854375511671360943e-01
-4.351000052500640369e-01
1.196229826773755001e+00
-3.107875416410483815e-01
-1.607599291427830313e+00
-6.912900735903307892e-01
-3.596190965575055465e+00
1.986953833328176655e-01
6.909962613857725811e-02
-2.978886223506415298e+00
-2.523289909233513706e-01
-1.451933553233202279e-01
1.593544009157336072e+00
1.787692448196008144e+00
1.739069413033974110e+00
8.393205679362367722e-01
1.148823638218762211e+00
4.450191748678192560e+00
9.375665373521024915e-02
-5.037700149637419633e-03
4.863722906508400889e-01
-1.809016994375134413e+00
9.478630555465452634e-01
-8.624535258977082952e-01
-2.304324839696446858e+00
-2.024032179605298687e+00
6.156450834619697776e-02
6.397700223243729667e-01
-1.551635161264262708e+00
7.771187957842091709e-01
-1.473523055627193878e+00
5.624213813941206230e-02
2.498102112017982268e+00
-1.894977727678367918e+00
-1.021782387134756220e+00
-7.025373657294393670e-01
-1.260481728512306276e-01
3.326380911365067750e-02
-4.131823960702556420e-01
-2.318019106395639017e-01
-1.223349586892134688e+00
3.435621856994625301e+00
1.917171469627586555e+00
-2.478867964984277084e-02
2.649717555664716340e+00
4.638014345221003198e-01
2.214064010409129146e+00
1.793499875030544644e+00
-7.783805525988605201e-01
-1.711104682937843791e+00
-1.134547905369637455e+00
4.091647901556901834e-01
-3.052067148564653554e+00
-1.607699546805838375e+00
-1.935408082123178719e+00
-2.615926003270713451e+00
1.988736746065716154e+00
-6.536750496982689507e-01
-1.058806846028909954e+00
5.058177032583666133e-01
1.133200280168316754e+00
1.644534286808928769e+00
2.867802074139805812e-01
8.045357162632033043e-01
-1.681431704799247084e+00
1.096983922241849374e+00
2.069788361742557647e+00
-2.092169232338823015e+00
5.388703046770295657e-01
-8.848944185551466113e-02
6.918597165668705085e-01
2.323853229792395503e+00
6.358598854857808735e-01
8.748731094184480916e-02
-1.486168295055767530e-02
2.782913991639169193e+00
-2.326792875917806924e-01
-1.357386720208019870e+00
-3.257941005391192801e-01
-3.428894027383152743e+00
-4.235887370828128606e-02
-9.743436789849194701e-01
-3.450577147287208657e+00
-1.852851097809387282e+00
-7.980312576550291359e-01
8.760902631590495870e-01
-2.165544110758057528e-01
1.334383752520720501e+00
1.195282642534735706e-01
9.120081986139390029e-01
4.572584096297521050e+00
6.083468639410838374e-02
4.431652715118906682e-01
9.454847064456443073e-01
-1.799579068111304414e-01
1.289738906724221978e+00
-2.928932188133568371e-01
-9.774035588601949209e-01
-1.895983051464377400e+00
1.347657684261065469e+00
1.056208134321422687e+00
-1.644534286808952306e+00
1.173243655899241844e+00
-1.200287526740078770e+00
4.144055018471691776e-01
1.783487215958285521e+00
-1.854257167729720379e+00
-1.723982762173701833e+00
-1.430509938590158070e+00
8.139714560769895080e-03
-1.715475305895673319e+00
-1.326103994979674683e+00
-9.657053348517715685e-01
-2.195631217677971314e+00
2.955351566536894126e+00
1.083445360214335018e+00
-2.126095473230995569e-01
2.290017874840457601e+00
1.485470222750754132e+00
2.934476246474917449e+00
1.878631679431738588e+00
9.270509831251136923e-01
-1.004957501338953119e+00
2.087792642716789215e-01
1.753374630161826708e+00
-2.803874557259436351e+00
-9.791505349062266106e-01
-1.583734208091807538e+00
-2.002744913346584887e+00
1.338095694000378755e+00
-1.019494594622195827e+00
-1.353449283406030546e+00
-6.762855644715530801e-01
1.397393925191828590e+00
5.461725767528488040e-01
-8.916291685896121644e-01
5.132900242586010409e-01
-2.457516313303364175e+00
7.755269589123983121e-01
1.217266971130672504e+00
-2.452748647814132710e+00
-1.615488791235356603e-01
-7.448650307553794647e-02
1.335330403555310186e+00
1.534402162636072653e+00
1.430004753891308766e+00
7.489670022683243555e-01
6.368474248449098596e-01
4.345461037763245216e+00
3.827489397035991336e-01
-3.619139144459926904e-01
5.655605620289261282e-01
-2.069154544155661579e+00
3.717600484326808452e-01
-1.181490817044949182e+00
-2.956026026384575900e+00
-2.861134661737707141e+00
-8.712785881420692657e-01
2.623187752893425539e-01
-1.996853559430595393e+00
6.320804449762865707e-01
-9.101047108341631109e-01
2.951244679605810051e-01
3.593147500506757908e+00
-4.976457577617147687e-01
8.863885085307221523e-03
5.011192261714955132e-01
8.031872200400539397e-01
7.573833317827954881e-01
-1.758641264408604687e-01
-1.221634090872671941e-01
-1.785011461204717875e+00
2.464730840820278157e+00
1.493191602799302631e+00
-1.103880104076840452e+00
1.783812523133444961e+00
-6.993863019704738004e-02
1.490509029177250699e+00
1.655052867791589666e+00
-7.769514312291896374e-01
-1.687821706729882187e+00
-1.317513354838268258e+00
5.793352660514252683e-01
-2.918233284821823759e+00
-1.957533990194919360e+00
-1.785415099554017004e+00
-3.010011986939072681e+00
1.736634893168018223e+00
-2.708070439673012642e-01
-9.733565376384607504e-01
9.094992787470806972e-01
1.774518932025344053e+00
2.601143062193707500e+00
1.202296585471184454e+00
1.863820692426422676e+00
-7.299329506264023992e-01
1.266456598511891185e+00
2.639728713723323850e+00
-2.148443629679062550e+00
-2.196089230893587541e-01
-7.540295761866560031e-01
-5.880600141008485160e-01
1.123726932460529460e+00
-4.356367422362815711e-01
-8.513150298664152738e-01
-9.705224580435818371e-01
2.277786571421263950e+00
1.761224598498879745e-02
-1.395918365546349182e+00
2.974527538201409138e-01
-2.773379068053936969e+00
2.750712643826118686e-01
-5.334599502043890773e-02
-2.936266689844534206e+00
-1.606069586792640003e+00
-6.540244107851900246e-01
1.077550872134583670e+00
-1.102155366854755125e-01
1.372050131382493099e+00
5.793900999953478514e-01
8.314860887322043093e-01
