5.000000000000000000e+00
1.292553761773334919e+00
1.530358105188711182e+00
9.702664696921037280e-01
-3.473878882755474518e-01
-1.043139915475562507e+00
-4.001165462475964052e-01
1.235896247284114846e+00
-2.390078069443602349e+00
9.897805494363653978e-02
-1.790768909625648497e+00
-2.994114879715866984e+00
-2.170473044562394982e+00
-7.895499963458316728e-01
1.128974641224176345e-01
-6.371990179573373547e-01
3.080808349964279547e+00
-3.526890115463312547e-01
-1.465577170164985565e-01
3.147848173524519511e-01
-1.958563882241546317e-01
-6.040238039323475583e-02
6.769400761544704936e-01
2.730029847602528648e+00
-1.163776687978707702e+00
9.654514594151749618e-01
-3.670160194342693138e-01
-1.547046235715581863e+00
-3.774686531288068969e-01
9.377103729707967350e-01
1.810656907983121622e+00
8.577500118558323283e-02
3.220564435367080147e+00
-3.780493612412501037e-01
-7.820552760859884600e-01
-7.293205833682897543e-03
-5.377762119842143251e-01
-4.834763858842601181e-01
-5.093208961437133420e-01
1.287330899411864404e+00
-3.117736453038488342e+00
-1.449891472169893447e+00
-2.060802437082057015e+00
-2.970916126399892665e+00
-1.222921022136197688e+00
3.276505664627753500e-01
1.634886810361781295e+00
-3.277695986772238834e-01
3.047981670023157896e+00
3.501081603165975276e-01
2.600735106701010935e-01
2.041570800268833974e+00
1.957460824743497696e+00
2.165531760342794154e+00
1.480701064219525742e+00
3.014372778713751977e+00
-1.845141257780696264e+00
-8.734340055848993645e-01
-1.191068457200570974e+00
-2.534950443190331359e+00
-1.195392961732671289e+00
-4.726076347872271155e-01
2.933434563543028117e-01
-2.615395220372630725e+00
3.842388796033490150e-01
-1.735615416065966921e+00
-1.807908451071489342e+00
7.059765887496964876e-01
9.554129918173299707e-01
1.419067772822751206e+00
5.014493989891508630e-01
2.453679725792993871e+00
-1.825370674286093120e+00
-5.964611576879244037e-01
2.675532984728909991e-01
-7.630074941145358336e-01
7.085444832266892812e-01
1.079783226132486007e+00
1.749731282137355848e+00
-1.628800245256102563e+00
1.190507573303539512e+00
-3.005913039837911360e-01
-6.770635595309860699e-01
1.893438026070772828e+00
1.675697186435042063e+00
1.561492450467733217e+00
-3.131238667049121016e-01
1.366826070708652807e+00
-2.834136194101983808e+00
-1.993191902584943387e+00
-6.143510275302990209e-01
-1.914548781883288253e+00
-7.818165722324182942e-01
-9.201366549396933214e-01
-1.794509442348990458e-01
-3.493531736428195700e+00
-3.085251915852403881e-01
-4.961404796690146446e-01
-5.542164887452969424e-01
2.624959775809066365e+00
2.618033988749904672e+00
2.705842683727282427e+00
7.616948231828479798e-01
2.925127803321257769e+00
-5.105463208839529088e-01
2.033311789609176801e-01
2.017538320066893487e+00
1.774888631670782368e-01
5.114288523395761343e-01
-6.153577534317493658e-01
-3.384605616745747225e-01
-4.119342627368511423e+00
-1.398116912479772544e+00
-1.190456696022668570e+00
-1.910977884935935123e+00
9.051700961558165615e-01
4.445305517941395834e-01
3.847662415920906076e-01
-1.633803961737134713e+00
1.120792913960809489e+00
-1.210048189026253995e+00
-3.188932444911255493e-01
2.299352738905545035e+00
5.325930314104391217e-01
8.405017254892838130e-01
-2.928932188134525383e-01
5.249223703544158015e-01
-2.733823269741173956e+00
1.270384192890062769e-01
1.110876273090808386e+00
-9.851597129185685198e-02
2.314648562777306573e+00
1.370230775060242490e+00
1.054651405666860331e+00
-1.243201501162319200e+00
1.563737886676840549e+00
-3.399856162901386258e-01
-2.116978122293671216e-01
2.182865826038622892e+00
-3.338800276473202766e-01
-7.223566862830085311e-01
-2.297614587946489095e+00
-1.284354807175222435e+00
-4.215449275275795493e+00
-1.508992429449228956e+00
9.928299434648413246e-02
-1.494251118280204516e+00
8.304164416953290218e-01
8.772442534048130458e-02
3.881985139723446165e-01
-1.221231742082452332e+00
2.407456613450366767e+00
1.666470242110733357e+00
1.606826534795831041e+00
4.253078875375737589e+00
1.563670417617759378e+00
9.615613650771102083e-01
-6.996955207175377112e-01
5.289741747626054424e-01
-2.309453111771774925e+00
-4.323879329254332604e-01
9.585945318739739207e-01
-1.831773963040869813e+00
-4.368333500484316012e-01
-1.668152906302935889e+00
-1.430290860044178602e+00
-3.004226335742552045e+00
6.600255618820569659e-01
4.648550515456874033e-01
-2.101896747460618720e-01
2.520272872525059160e+00
-3.288708531803452573e-02
-3.003605129810563712e-01
-1.322490400734744442e+00
8.057775551657947455e-01
-1.200023518563276603e+00
4.639108446485489812e-01
2.308844934729791465e+00
-8.343217748562294922e-01
4.148817635316208730e-01
-5.458709204818634753e-01
1.274805075579986680e-01
-1.194286317718125101e+00
2.282336208016908508e+00
2.267823839614052428e+00
5.181982277778663937e-01
2.778136687084810319e+00
-8.465481943534847176e-02
-5.849757873944041453e-01
-1.653577215186079030e+00
4.754996877688906221e-01
-1.561770960611422954e+00
-9.722776653447524620e-01
6.878025167245429561e-01
-3.038397012756669291e+00
-1.998239177372402420e+00
-2.530206161770681028e+00
-1.223247653242245381e+00
-2.005184318098157892e+00
1.551432800521150179e+00
2.236067977499806680e+00
1.934301900343939895e-01
2.864223278245460858e+00
7.580821969220559176e-01
9.444398430581876225e-01
5.412440140046151926e-01
3.050065995615131254e+00
1.242855866058816483e+00
8.336771904117065146e-01
2.288709966110473726e+00
-2.009306723038956299e+00
-1.447327779267792325e+00
-2.041369827367754741e+00
-9.120495338405335550e-01
-2.119949707776382919e+00
4.023189018241008497e-01
8.472464807405726273e-01
-2.156629033207845492e+00
3.632142487103363626e-01
-1.290420385083117072e+00
-6.932089731043542535e-01
-6.254187564819757572e-01
2.133592038854752015e+00
7.576453183973771432e-01
-1.757545267703758407e-01
1.796705334970144952e+00
-2.040015795955890887e+00
-1.012875772112090011e+00
-8.138262329283026952e-01
7.856302362832197073e-01
-2.831913726767800732e-01
1.620689134655151742e+00
2.266057651048363653e+00
-1.237353887957810983e+00
1.309863546788167188e+00
1.114556306542087150e-01
7.473764197183399016e-01
6.467641305309457245e-01
2.801915839600479075e+00
1.087459951298415994e+00
-1.067428179892178752e+00
7.476036985688472303e-01
-3.141169132726858493e+00
-2.303264118515923720e+00
-1.976322730214849610e+00
-5.488719905283591105e-01
-1.871594462334906117e+00
-7.445761745232150064e-01
3.040603908686534407e-01
-3.137098704129192672e+00
-3.752553823233029107e-14
-7.245920245991444020e-02
1.208827259815644872e+00
1.572778902648164223e+00
3.780443499624099868e+00
2.576001078243566500e+00
1.096778101949800188e-01
2.508804877501369379e+00
-7.903149900515661352e-01
6.516185085483072736e-02
4.106141891446554171e-01
1.292232678573722593e+00
-7.166500980771275398e-01
-8.959697082580948546e-01
-1.095420555294002174e-02
-3.950734985501761720e+00
-1.085173417400077556e+00
-9.620148499612586335e-01
-3.925865424588947938e-02
-8.012885304180311641e-02
1.526462732255225552e+00
5.787874638217309631e-01
-2.136077826653305145e+00
9.859509843139339091e-01
-1.366975204460070259e+00
-1.786713462202297320e-01
6.048127140501579069e-01
1.513988719828372576e+00
-3.370610467775870811e-01
-8.609669368272760970e-01
8.277883444421769710e-01
-2.664056150336847839e+00
4.748612508248152286e-01
1.129123785514690059e+00
1.802133311527230886e+00
1.374213091707561674e+00
2.305869201860421658e+00
1.526466044713432835e+00
-1.638395085778810989e+00
1.637042052902279776e+00
-4.682802374873210605e-01
9.786873651148009223e-02
3.439309408019277647e-01
4.206679051785578993e-01
-1.869490495016277398e+00
-3.174751773432394231e+00
-1.051201530379317850e+00
-4.296582595685647377e+00
-1.190993814171398046e+00
-1.375074896828173410e-01
3.819660112499577709e-01
-6.636195562213342836e-03
9.381954147087252505e-01
1.239145770824761961e+00
-1.378078584030502984e+00
2.806898075416330407e+00
1.685312807542433067e+00
2.196663300394543050e+00
2.436445993554741563e+00
2.200003978425020712e+00
-2.188008656063766821e-02
-1.803142085002848560e+00
6.851329203864277018e-01
-2.611304390702435807e+00
-2.795129086979182276e-01
3.122612148544653410e-01
-1.899361491365541832e-01
-1.311958439639866913e+00
-1.073177238354976470e+00
-3.642081746295895428e-01
-3.056392470896996727e+00
1.258507112511945358e+00
5.522451512196310253e-01
6.286163864574607629e-01
8.183240170927277291e-01
5.819895298134070138e-01
-9.505432985027345572e-01
-2.472373559254648079e+00
1.022986446695720364e+00
-1.593914162861132189e+00
5.556983710676015598e-01
1.368951304776140576e+00
6.319306181790820265e-01
-3.978471451681286908e-01
-1.714583787637447010e-01
1.387730799230420864e+00
-1.182774055393824852e+00
2.993294396787779643e+00
2.340661318575362415e+00
1.516698662103997730e+00
1.176002960733921077e+00
4.491793313883215566e-01
-9.412554749970275525e-01
-2.898689419779807430e+00
6.535780397140268372e-01
-2.140713273120407045e+00
-1.033130246566267285e+00
-5.874830618239181845e-01
-1.816469784421300249e+00
-2.747671757744697629e+00
-2.396802246667561143e+00
1.917610197435003494e-01
-1.931272055340282012e+00
2.385666123940253236e+00
2.364729287932910484e+00
1.451050139409886919e+00
1.558244020121845708e+00
1.371648017427205879e+00
1.049177448507427446e+00
-6.431962497328196360e-01
3.277556997290075103e+00
5.555533352839185923e-01
6.621418288343196012e-01
7.222341478519094249e-01
-1.081611491780007261e+00
-2.191002939769645330e+00
-2.285684756552671004e+00
4.422866205246900329e-01
-2.192773795091711442e+00
1.141808229528288310e+00
8.649913769116830409e-01
-7.848294406224546327e-01
-6.890626413598724964e-01
-6.495367987410749500e-01
-1.423959304653781288e-01
-1.707106781186611411e+00
2.457899224085259959e+00
7.615381382068397986e-02
-3.116810019816895205e-01
1.436071427024692704e-01
-1.259544382853738709e+00
-1.593485124569769873e+00
-1.332046238210440325e+00
2.106931333258813321e+00
-4.681900893335222413e-01
2.271790915931757304e+00
2.192497943126255233e+00
2.284948209064224245e-01
5.240186237999211460e-01
7.217077251407986171e-01
1.657592895182028681e+00
-3.984383878406811963e-01
3.127726433507012960e+00
3.560215809924186514e-01
-1.218761471051380996e+00
-1.004139054374326490e+00
-2.587434314721341444e+00
-2.791098208788515223e+00
-2.856404531299936433e+00
6.123052737032148585e-01
-2.236067977499769377e+00
-2.269864963887237019e-01
1.530548683173390823e-01
-1.566569018462362628e+00
-4.399849848628991644e-01
5.653478717554769606e-01
2.544115607368935272e+00
6.990634164504180292e-01
4.243867916512445326e+00
1.981289697906930325e+00
1.218980778387940139e-01
8.491768866989175546e-01
-3.760823939166428875e-01
-2.828632347079259590e-01
-8.346859287316519271e-01
2.200173553899056333e+00
-1.346155180765650217e+00
-6.365000606975587116e-01
-3.694579506601209928e-01
-2.469796068901103148e+00
-1.350604307210602206e+00
-4.993339371804472737e-01
1.522590610572110759e+00
-8.825402724086194306e-01
2.062564283121946396e+00
1.449735053648902872e-01
-1.901192946417215701e+00
-4.581844348379169318e-01
-1.006401908345293084e+00
-2.789579154921737469e-01
-8.676448128682603400e-01
2.273353563020251045e+00
-1.079569367974149818e+00
-7.303583690320003541e-01
3.805694213737116360e-01
-1.238151206482329236e+00
4.112677325233966563e-01
1.391934220973443104e+00
3.525919620190677062e+00
6.351965444625280455e-01
2.885080540440472241e+00
1.246168764597315626e+00
-1.219095859104181168e+00
3.805881206959981222e-01
-2.574682057764012821e-01
1.454271285002073366e-01
-1.420527004762760281e+00
9.324193283428129364e-01
-2.773287650015295203e+00
-3.234962619024782438e+00
-1.642039521920053868e+00
-3.032373883679908122e+00
-1.123590127831799901e+00
-1.286778289832708477e-01
2.226810307574849102e+00
-6.100173167206631719e-01
1.653971264392025908e+00
1.257128195629387601e+00
-6.359220762188526610e-01
1.909455478385158500e+00
1.876217470011893429e+00
2.521691584086776849e+00
5.486619265502544751e-01
2.570391107495606065e+00
-9.794214601919440932e-01
-2.020400865815355829e+00
-7.379165182151536939e-02
-1.644215435111448853e+00
-2.391817559157726203e-01
-1.111025336908804118e-01
1.559990440854514882e+00
-1.922763132022595300e+00
-3.756963137891297655e-01
-1.734266397714170072e-01
-2.119800302971782457e+00
6.525825293346829703e-01
6.726601972483056135e-01
1.235152278312466434e+00
-1.077148176741329344e+00
9.234871462409180998e-01
-1.796940229696891267e+00
-2.703373538654077368e+00
2.300495339030924624e-01
-8.519201777135079201e-01
6.491084995992655315e-01
6.021457282903928121e-01
2.326641916303457069e+00
-9.321537921198841392e-01
5.366328425327354656e-01
1.754499299723975003e+00
-1.021130586216884018e-01
2.640802190886807566e+00
2.332926591179633746e+00
2.346956213709407102e+00
-7.170031154291506281e-01
7.191279940206996013e-01
-1.712221879693032855e+00
-3.224116712670297424e+00
-2.686325326216681963e-01
-1.763923244647661370e+00
-1.000000000000000000e+00
-1.763923244647602973e+00
-2.686325326217590126e-01
-3.224116712669948370e+00
-1.712221879693494930e+00
7.191279940209175381e-01
-7.170031154293778908e-01
2.346956213709337380e+00
2.332926591179647513e+00
2.640802190886829326e+00
-1.021130586214522573e-01
1.754499299723670358e+00
5.366328425331401419e-01
-9.321537921202269761e-01
2.326641916303510804e+00
6.021457282904126851e-01
6.491084995992912887e-01
-8.519201777133700304e-01
2.300495339029779984e-01
-2.703373538653702113e+00
-1.796940229697348235e+00
9.234871462411134990e-01
-1.077148176741467900e+00
1.235152278312416918e+00
6.726601972483901015e-01
6.525825293346873002e-01
-2.119800302971523553e+00
-1.734266397717805497e-01
-3.756963137888852944e-01
-1.922763132022927923e+00
1.559990440854539528e+00
-1.111025336908078032e-01
-2.391817559158376794e-01
-1.644215435111256562e+00
-7.379165182174468596e-02
-2.020400865815226155e+00
-9.794214601920205876e-01
2.570391107495647365e+00
5.486619265501166964e-01
2.521691584086713345e+00
1.876217470011909416e+00
1.909455478384948446e+00
-6.359220762187831610e-01
1.257128195629093836e+00
1.653971264391916884e+00
-6.100173167207447733e-01
2.226810307574885073e+00
-1.286778289832616329e-01
-1.123590127831849639e+00
-3.032373883679716720e+00
-1.642039521920303002e+00
-3.234962619024718489e+00
-2.773287650015592742e+00
9.324193283428184875e-01
-1.420527004762877299e+00
1.454271285001369485e-01
-2.574682057763965082e-01
3.805881206957774099e-01
-1.219095859104122326e+00
1.246168764597088030e+00
2.885080540440623231e+00
6.351965444623681734e-01
3.525919620190714809e+00
1.391934220973714442e+00
4.112677325233244918e-01
-1.238151206482114297e+00
3.805694213732158104e-01
-7.303583690316023391e-01
-1.079569367974847260e+00
2.273353563020460655e+00
-8.676448128681308880e-01
-2.789579154923699233e-01
-1.006401908345219365e+00
-4.581844348381732268e-01
-1.901192946417016971e+00
1.449735053641373339e-01
2.062564283122350961e+00
-8.825402724087614281e-01
1.522590610572027492e+00
-4.993339371800180615e-01
-1.350604307210785393e+00
-2.469796068900910413e+00
-3.694579506607619801e-01
-6.365000606972128772e-01
-1.346155180766249293e+00
2.200173553899122059e+00
-8.346859287315064879e-01
-2.828632347080968223e-01
-3.760823939164328333e-01
8.491768866985065500e-01
1.218980778392167175e-01
1.981289697906210012e+00
4.243867916512837013e+00
6.990634164504421211e-01
2.544115607368899301e+00
5.653478717557448574e-01
-4.399849848631108840e-01
-1.566569018462258711e+00
1.530548683169827284e-01
-2.269864963883871933e-01
-2.236067977499983428e+00
6.123052737033501947e-01
-2.856404531299588712e+00
-2.791098208788670654e+00
-2.587434314721211770e+00
-1.004139054374624029e+00
-1.218761471051200251e+00
3.560215809918724217e-01
3.127726433507279413e+00
-3.984383878406356772e-01
1.657592895181897896e+00
7.217077251410080052e-01
5.240186237996168339e-01
2.284948209064902036e-01
2.192497943125879090e+00
2.271790915932098809e+00
-4.681900893336053970e-01
2.106931333258928341e+00
-1.332046238210042421e+00
-1.593485124569955724e+00
-1.259544382853602151e+00
1.436071427021854974e-01
-3.116810019814656996e-01
7.615381382022823331e-02
2.457899224085481116e+00
-1.707106781186461308e+00
-1.423959304655495473e-01
-6.495367987407730803e-01
-6.890626413599969524e-01
-7.848294406221745234e-01
8.649913769114239148e-01
1.141808229528628038e+00
-2.192773795091750522e+00
4.422866205245022941e-01
-2.285684756552378794e+00
-2.191002939769922886e+00
-1.081611491779863377e+00
7.222341478515104107e-01
6.621418288347402648e-01
5.555533352835058114e-01
3.277556997290224317e+00
-6.431962497327052830e-01
1.049177448507265353e+00
1.371648017427352872e+00
1.558244020121648754e+00
1.451050139410162920e+00
2.364729287932615165e+00
2.385666123940674677e+00
-1.931272055340237159e+00
1.917610197433312624e-01
-2.396802246667326663e+00
-2.747671757744932108e+00
-1.816469784421226752e+00
-5.874830618242982139e-01
-1.033130246565792998e+00
-2.140713273120622873e+00
6.535780397141107700e-01
-2.898689419779761689e+00
-9.412554749970767354e-01
4.491793313883433170e-01
1.176002960733833369e+00
1.516698662104086770e+00
2.340661318575250061e+00
2.993294396787871570e+00
-1.182774055393772894e+00
1.387730799230259660e+00
-1.714583787637043999e-01
-3.978471451683180948e-01
6.319306181791446431e-01
1.368951304775914313e+00
5.556983710677168009e-01
-1.593914162861124417e+00
1.022986446695756779e+00
-2.472373559254565922e+00
-9.505432985028205994e-01
5.819895298134087902e-01
8.183240170925193402e-01
6.286163864575353699e-01
5.522451512195215573e-01
1.258507112511826342e+00
-3.056392470896910130e+00
-3.642081746297526346e-01
-1.073177238354888985e+00
-1.311958439640066310e+00
-1.899361491363660004e-01
3.122612148543203459e-01
-2.795129086977694577e-01
-2.611304390702472666e+00
6.851329203862475126e-01
-1.803142085002583883e+00
-2.188008656127593543e-02
2.200003978425018936e+00
2.436445993554381406e+00
2.196663300394829932e+00
1.685312807542260982e+00
2.806898075416611960e+00
-1.378078584030244969e+00
1.239145770824193971e+00
9.381954147091897678e-01
-6.636195562587404728e-03
3.819660112503543425e-01
-1.375074896830369431e-01
-1.190993814170880238e+00
-4.296582595685724648e+00
-1.051201530379598292e+00
-3.174751773432113566e+00
-1.869490495017031018e+00
4.206679051787315937e-01
3.439309408016011371e-01
9.786873651184835321e-02
-4.682802374875115192e-01
1.637042052902389244e+00
-1.638395085778587834e+00
1.526466044712683878e+00
2.305869201860831552e+00
1.374213091707071843e+00
1.802133311527577275e+00
1.129123785514432932e+00
4.748612508252674780e-01
-2.664056150336862494e+00
8.277883444419721348e-01
-8.609669368271239964e-01
-3.370610467781149922e-01
1.513988719828542218e+00
6.048127140499492960e-01
-1.786713462199912561e-01
-1.366975204460159077e+00
9.859509843140304985e-01
-2.136077826653165701e+00
5.787874638213612588e-01
1.526462732255501109e+00
-8.012885304195338509e-02
-3.925865424571550744e-02
-9.620148499614950000e-01
-1.085173417399890816e+00
-3.950734985501703989e+00
-1.095420555308457278e-02
-8.959697082579701766e-01
-7.166500980773795604e-01
1.292232678573920879e+00
4.106141891446213332e-01
6.516185085499859309e-02
-7.903149900515961113e-01
2.508804877501300545e+00
1.096778101953058693e-01
2.576001078243166820e+00
3.780443499624400072e+00
1.572778902648058752e+00
1.208827259815848709e+00
-7.245920245994885711e-02
7.693845560652334825e-14
-3.137098704129066551e+00
3.040603908684189616e-01
-7.445761745228363093e-01
-1.871594462335408604e+00
-5.488719905280737832e-01
-1.976322730214843615e+00
-2.303264118515841563e+00
-3.141169132727112068e+00
7.476036985686935754e-01
-1.067428179892045526e+00
1.087459951297759408e+00
2.801915839600887637e+00
6.467641305308874378e-01
7.473764197184603608e-01
1.114556306540764874e-01
1.309863546788142985e+00
-1.237353887957768572e+00
2.266057651048381416e+00
1.620689134655529440e+00
-2.831913726769309525e-01
7.856302362832509045e-01
-8.138262329285151919e-01
-1.012875772112046269e+00
-2.040015795956086730e+00
1.796705334970044143e+00
-1.757545267700385550e-01
7.576453183972112759e-01
2.133592038854887463e+00
-6.254187564821112044e-01
-6.932089731042464509e-01
-1.290420385083151267e+00
3.632142487102191231e-01
-2.156629033207667412e+00
8.472464807401234310e-01
4.023189018244210935e-01
-2.119949707776296766e+00
-9.120495338403451502e-01
-2.041369827367834233e+00
-1.447327779267690406e+00
-2.009306723038966958e+00
2.288709966110261007e+00
8.336771904119004706e-01
1.242855866058760750e+00
3.050065995615579340e+00
5.412440140045584602e-01
9.444398430581818493e-01
7.580821969220727929e-01
2.864223278245292548e+00
1.934301900344598257e-01
2.236067977499722748e+00
1.551432800521532984e+00
-2.005184318098258700e+00
-1.223247653242084620e+00
-2.530206161770699236e+00
-1.998239177372374220e+00
-3.038397012756635540e+00
6.878025167244726790e-01
-9.722776653445331929e-01
-1.561770960611570169e+00
4.754996877689731116e-01
-1.653577215185970672e+00
-5.849757873943797204e-01
-8.465481943559294287e-02
2.778136687084519885e+00
5.181982277781516100e-01
2.267823839613567483e+00
2.282336208017750057e+00
-1.194286317718271651e+00
1.274805075580662805e-01
-5.458709204819323091e-01
4.148817635315759089e-01
-8.343217748562974379e-01
2.308844934729439746e+00
4.639108446494369931e-01
-1.200023518563640756e+00
8.057775551658967750e-01
-1.322490400734589677e+00
-3.003605129811115493e-01
-3.288708531807860158e-02
2.520272872524896179e+00
-2.101896747453770309e-01
4.648550515451185805e-01
6.600255618825470183e-01
-3.004226335742514298e+00
-1.430290860044090673e+00
-1.668152906302981187e+00
-4.368333500483562171e-01
-1.831773963040553843e+00
9.585945318734894194e-01
-4.323879329248693226e-01
-2.309453111771944123e+00
5.289741747627330071e-01
-6.996955207175418190e-01
9.615613650769804233e-01
1.563670417617647690e+00
4.253078875375318368e+00
1.606826534796316430e+00
1.666470242110425160e+00
2.407456613451040006e+00
-1.221231742082593774e+00
3.881985139723581613e-01
8.772442534039348594e-02
8.304164416952374284e-01
-1.494251118279888324e+00
9.928299434620635466e-02
-1.508992429448932526e+00
-4.215449275276145435e+00
-1.284354807175274615e+00
-2.297614587946544606e+00
-7.223566862832322411e-01
-3.338800276471940998e-01
2.182865826038409285e+00
-2.116978122291056641e-01
-3.399856162906272905e-01
1.563737886677085687e+00
-1.243201501162441547e+00
1.054651405666791053e+00
1.370230775060237605e+00
2.314648562777291474e+00
-9.851597129174516354e-02
1.110876273090376509e+00
1.270384192894266628e-01
-2.733823269741309403e+00
5.249223703542772457e-01
-2.928932188134908410e-01
8.405017254890998490e-01
5.325930314105310481e-01
2.299352738905224847e+00
-3.188932444905496211e-01
-1.210048189026534882e+00
1.120792913960900972e+00
-1.633803961737281041e+00
3.847662415919204104e-01
4.445305517941392504e-01
9.051700961556050640e-01
-1.910977884935483484e+00
-1.190456696022829775e+00
-1.398116912479467899e+00
-4.119342627368772547e+00
-3.384605616746749757e-01
-6.153577534317473674e-01
5.114288523395437158e-01
1.774888631673782191e-01
2.017538320066774027e+00
2.033311789611960407e-01
-5.105463208844471801e-01
2.925127803321400766e+00
7.616948231827521676e-01
2.705842683727180287e+00
2.618033988750076535e+00
2.624959775808908269e+00
-5.542164887451415112e-01
-4.961404796689163343e-01
-3.085251915848797877e-01
-3.493531736428272527e+00
-1.794509442349953021e-01
-9.201366549395798566e-01
-7.818165722326064770e-01
-1.914548781883290918e+00
-6.143510275302831447e-01
-1.993191902584529052e+00
-2.834136194102243600e+00
1.366826070708592411e+00
-3.131238667048586999e-01
1.561492450467560467e+00
1.675697186435141983e+00
1.893438026070796809e+00
-6.770635595305937171e-01
-3.005913039839272494e-01
1.190507573303678290e+00
-1.628800245256153856e+00
1.749731282137263477e+00
1.079783226132564611e+00
7.085444832266468707e-01
-7.630074941142180878e-01
2.675532984726599617e-01
-5.964611576878000587e-01
-1.825370674286070471e+00
2.453679725793140420e+00
5.014493989892373493e-01
1.419067772822715678e+00
9.554129918176885727e-01
7.059765887494731107e-01
-1.807908451071385425e+00
-1.735615416066062622e+00
3.842388796035925980e-01
-2.615395220372671581e+00
2.933434563540019413e-01
-4.726076347869322403e-01
-1.195392961732758774e+00
-2.534950443189829095e+00
-1.191068457201077679e+00
-8.734340055845806194e-01
-1.845141257781321986e+00
3.014372778713607204e+00
1.480701064219863916e+00
2.165531760342613854e+00
1.957460824743906702e+00
2.041570800268538655e+00
2.600735106704658572e-01
3.501081603160672850e-01
3.047981670023417688e+00
-3.277695986771157477e-01
1.634886810361603882e+00
3.276505664633356796e-01
-1.222921022136260305e+00
-2.970916126399613333e+00
-2.060802437082348781e+00
-1.449891472169488882e+00
-3.117736453038844502e+00
1.287330899411704976e+00
-5.093208961434279036e-01
-4.834763858845485540e-01
-5.377762119839659682e-01
-7.293205833843741104e-03
-7.820552760855239427e-01
-3.780493612418394100e-01
3.220564435367202716e+00
8.577500118569714171e-02
1.810656907982879593e+00
9.377103729711920854e-01
-3.774686531287470559e-01
-1.547046235715106022e+00
-3.670160194347943383e-01
9.654514594154097740e-01
-1.163776687978794300e+00
2.730029847602226667e+00
6.769400761549606571e-01
-6.040238039333301057e-02
-1.958563882240506038e-01
3.147848173520321202e-01
-1.465577170161359577e-01
-3.526890115466924103e-01
3.080808349964394122e+00
-6.371990179571104251e-01
1.128974641222408870e-01
-7.895499963455454573e-01
-2.170473044562587273e+00
-2.994114879715651156e+00
-1.790768909625991778e+00
9.897805494387534875e-02
-2.390078069443666742e+00
1.235896247283815086e+00
-4.001165462473522116e-01
-1.043139915475971957e+00
-3.473878882752848285e-01
9.702664696917717713e-01
1.530358105188827533e+00
1.292553761772945675e+00
