5.000000000000000000e+00
9.385728005765099358e-01
4.827455465648786692e-01
1.499975903609232386e+00
5.881350150576218905e-01
1.259977819716191494e+00
-3.081101947486054593e-01
-9.502460846051008492e-02
-2.066249532930508614e+00
5.811441040247209422e-01
2.577045602389987700e+00
-1.559329820625533047e+00
6.983108284827337364e-01
1.050346309450050253e+00
1.218805779035604608e+00
1.793062893778011535e+00
3.219997490074474333e-01
-2.035108991695010472e-01
-2.105167162119652602e+00
1.249860300533800261e+00
-4.572479654902156798e-01
-3.804558840528550867e+00
-9.922562722341190522e-01
-1.984285112728914058e+00
-6.240254237306247509e-01
-2.844334951141051504e-01
-8.749939240754682768e-01
-1.112350520559822531e+00
-8.216374742960725897e-01
2.811203667987941301e+00
-1.059497510738864223e+00
-1.898184088859133256e+00
-3.824910886249421882e-02
-2.016011582634092303e+00
-4.314044783008447181e-01
-1.620530721078182079e+00
-2.311546109729095910e+00
-2.769688668281949262e+00
-5.973987295072026305e-01
1.727663007143854124e+00
-2.226034798978576923e+00
2.146914746906739002e-01
1.079526394884243290e+00
3.625492374961918340e-01
2.368336068235732395e+00
2.538222757391174200e-01
-3.706792144582129467e-01
-1.000307585142227174e+00
1.536575747384118618e+00
6.218994895144516200e-01
-2.760073510670099317e+00
6.504297156072895714e-01
-3.346477883916871843e-01
7.787852182468705253e-01
2.416896462502977183e+00
5.011005909492945998e-01
1.004029867200459947e+00
1.597518588641194004e+00
4.273906795261753544e+00
1.083513988909536652e+00
-2.983830939191605691e-01
2.031588870176798345e+00
-6.396999844585690154e-01
1.250322715717022026e+00
5.184813282248308397e-01
-1.526719745578676068e+00
-6.687123027381158824e-01
8.045155658606293336e-01
2.666907999747843316e+00
-8.760923530330492204e-01
8.402748471746792625e-01
1.919959642228219909e+00
1.426980111232211135e-01
2.755984301642857126e+00
-4.537278200690786356e-02
-1.499149300270749219e+00
-9.481249832014388979e-01
1.803787469032044344e-01
-4.003433153803798161e-01
-3.715858163546991388e+00
-6.786656814618421407e-01
-1.483640019216333261e+00
-1.023358006227933714e+00
1.492884658947946752e+00
-1.660689373604427921e+00
-8.912649025641324885e-01
2.668849706285262302e-01
1.513249575949689119e+00
-7.211506144199983925e-01
-2.523023931119269481e+00
-1.015179425601920871e-01
-2.712598280866918010e+00
-7.932208286162243382e-01
-7.137878655097013025e-01
-3.794743369193895433e+00
-1.524068041745081814e+00
-1.762239437333952274e-01
1.117983757180337268e+00
-1.153629480625290693e+00
-1.143716516747983469e-01
1.500000000000000000e+00
-4.617285293125298340e-01
2.621988098158562153e+00
-1.808236413702346557e-02
-2.043877751906156170e+00
1.611235731669570237e-01
3.631299511654181300e-01
2.585507933230899447e-01
-2.128458620731502382e+00
2.974819221290113669e-01
3.237739407178484852e-01
4.732853291475911384e-01
3.680854738359192524e+00
-2.509889392428321653e-02
7.986769844413609265e-01
2.884948436320252441e+00
2.618720524834486252e+00
1.413879769512748741e+00
-5.543570795301403509e-01
1.371734756075188244e+00
-6.601628157206558267e-01
8.044435673667885700e-01
1.448051376235894860e+00
-2.556294009356789410e+00
4.547034457184023770e-01
1.707106781186530142e+00
1.768146072952927916e+00
6.843876165529393374e-01
5.590517337342088000e-01
2.047234048544845919e+00
6.743126868754112380e-02
2.602280787332420964e+00
4.243788193952491988e-02
-2.937776627746433000e+00
2.709348109398975746e-01
-5.557601905618236859e-01
-9.104366654511689694e-01
-2.341360793944259111e+00
-1.279313039587162804e+00
-6.193751760466613687e-01
-8.221993844256555439e-01
2.224052956790769642e+00
-1.693914108534352980e+00
-1.316695944695960740e+00
1.587931941042361350e+00
-1.568595997884145721e-01
-5.790157693131355865e-01
-2.361289052800748411e+00
-1.369873614227604230e+00
-2.259860960709269229e+00
-1.278768257917567652e+00
-1.715990938412179645e-01
-4.348575063070846625e+00
-8.763454003559917327e-01
8.520898313447881067e-01
-1.291996818151448512e-01
3.131296835905190701e-01
-4.798972363208923175e-01
9.055088278981928696e-01
-1.133644104359277094e-01
1.789701506783852869e+00
-8.298033466846671535e-02
-3.320176249359453990e+00
8.476104468766743061e-01
-1.393226553761515163e-01
-6.452020288773970824e-01
-5.278417269293138592e-01
-6.029411195721071648e-01
9.342284253683129647e-01
1.069428105045088007e+00
3.600785056892751079e+00
2.271167936948647881e-01
1.918777987994473855e-01
3.862989745248273099e+00
1.152139634751499830e+00
1.226112335448770629e+00
-5.933576308299048918e-04
-2.705756203639380075e-01
1.572392061536422858e-01
5.965877816222412422e-01
1.585910468277506258e+00
-2.334170661822663639e+00
8.411762387741790192e-01
2.921794930021587078e+00
7.245526977775326172e-01
2.073507911261920356e+00
5.542328035633430350e-01
1.086925409499551076e+00
1.062837755333128964e+00
1.620058149966039585e+00
-8.490823996015972597e-03
-3.476305478093703272e+00
6.192092143141644245e-01
-4.693479760787506727e-01
-1.711879964267047693e+00
-4.975111596189301100e-01
-1.940675061931968148e+00
-1.487407973377052883e-01
4.098738717645695750e-01
1.607213312508625203e+00
-1.118033988749878249e+00
-1.747626463108128636e+00
2.092669654399515355e+00
-1.140112944467873035e+00
-1.070475442854644577e+00
-1.563929440528995629e+00
-3.145332577858754419e+00
-1.386910959189981085e+00
-1.168738002633723738e+00
-6.450514006755416752e-01
-3.556370551568790894e+00
-8.601808512528296147e-01
1.780969962966687081e+00
-9.651319722629072562e-01
1.119395332058882087e+00
-3.955386072024459354e-01
-5.940594381398360824e-01
9.679925315641731975e-01
5.455192810164046779e-01
-6.210746062102654452e-01
-3.354121344825425233e+00
4.849470983457095374e-01
1.025573386385588148e-01
-1.445799907193796141e+00
9.379741374044210378e-01
-1.115687370668995149e+00
9.289760992892140967e-01
2.558042960311870395e+00
2.408682632323980499e+00
7.308829932076224001e-01
-3.666505409822551353e-02
3.618520149647927120e+00
6.463299934393266222e-01
4.698702709454278814e-01
7.947324086682685529e-01
-1.850978328151440921e+00
9.273005631658682857e-01
1.175843815992235086e+00
6.990186775105857730e-01
-9.668467004359200256e-01
8.510890205263783592e-01
3.568369154246435748e+00
5.433078436222218421e-01
2.464065442202485023e+00
9.571209023861549925e-01
-3.898309794872571454e-01
2.282902594033850541e+00
6.813414978467097205e-01
-7.519868392510216104e-01
-2.672229856309347173e+00
-3.493645433917948837e-14
1.030175603336402901e-01
-1.945932494664887713e+00
6.617424225553669714e-01
-1.883007885095772105e+00
-2.941514877043806542e-01
2.182799069327189923e+00
3.378008860814033509e-01
-6.831232504122863869e-01
-1.486451184962588989e+00
1.224882223066214415e+00
-1.104031708062674921e+00
-1.846052632808287353e+00
-9.870319516885233124e-01
-4.262195582036926389e+00
-9.026932875689781532e-01
-2.551957502990587212e-01
-1.871758465360732870e+00
-2.012631245229130617e+00
-8.562022983117024699e-01
1.780280081906753464e+00
-6.605051017397854940e-01
8.416552014392381098e-01
-1.202500425802449091e-01
-2.071735316680316075e+00
1.733721359418907593e+00
-2.646476985117290903e-01
-1.871499475984787164e+00
-2.215426053997381572e+00
-5.397925103098158983e-01
4.612393765781096500e-01
-1.283840606323765510e+00
1.318801713887648219e+00
-8.017819511347108463e-01
4.950720898483326748e-01
4.050264999880520023e+00
1.090546840317158095e+00
7.297324800948281620e-01
5.264028531718528692e-01
2.096302001477932109e+00
9.541071601900863453e-01
-2.023597986020354567e-01
8.971658281529527601e-01
-2.336989332052321178e+00
1.117138636401600493e+00
2.325525258201347256e+00
-5.000971524317747718e-01
6.086136512344909599e-01
1.159481814573606329e+00
3.084282573992737753e+00
1.499999999999965361e+00
1.904429756012841368e+00
1.190248438122676555e+00
-1.302933173905825193e+00
2.721057839605048656e+00
3.935942449920782904e-01
-2.009862064879013310e+00
-1.102691260933741813e+00
-8.316969908338894824e-01
4.321551861520469551e-01
-9.843057939252459754e-01
5.903184219311201630e-01
-1.104935398351508224e+00
-5.120207914718963860e-01
3.389706703834077128e+00
-5.461575078429259378e-01
-9.416715230189308672e-01
-5.384806293954453871e-01
-5.427430579886960427e-01
-5.984653554391956565e-01
-2.132290867069356999e+00
-1.406016876235045565e+00
-4.043459273984133517e+00
-9.451765347979386167e-01
8.510237380900672610e-01
-2.844146324198627340e+00
-7.735790456688025341e-01
-3.446597702209002190e-01
7.164094558946534352e-01
5.416477416473965967e-01
-4.558474588549699114e-02
-3.815013382109655460e-01
-2.536494220695460378e+00
1.454672811498428420e+00
-4.084125153337541114e-01
-3.241140406341778135e+00
-8.594520641562217733e-01
-1.300547071700089763e+00
3.244673162293537638e-01
5.802663728681783928e-02
5.809458420538389234e-01
-7.446598084080635616e-02
3.840056189384084551e-01
4.465852727140055656e+00
4.980758121667910876e-01
2.992220690263064364e-02
1.432401887319973310e+00
2.032632329247725522e-01
1.297454185946405936e+00
-1.131699890678383724e-01
-1.031977533325282304e-01
-1.544110944743979585e+00
9.917920669100510622e-01
3.177080789977073216e+00
-9.404182115048039803e-01
1.458011143431919177e+00
1.963491922178032034e+00
1.820867110703982661e+00
2.887827991264996452e+00
1.142515168278727788e+00
5.886747900454799565e-01
-9.819569073241423141e-01
2.085127164936915634e+00
5.773245776005315744e-01
-2.894004678547787091e+00
1.115844128142425840e-01
-1.016048308356257479e+00
2.021591438104594074e-01
8.889560285463433686e-01
-2.514668275033586919e-01
-3.089502517141555771e-01
-5.752746732091595927e-02
3.218578283254803996e+00
-5.664324854198214965e-01
-1.676145680866344856e+00
2.928932188134474313e-01
-2.065820219892180010e+00
-4.078038306133846547e-01
-1.544754003761345640e+00
-2.743885989057396557e+00
-2.817424144805873443e+00
-9.479354926530252357e-01
1.234588911898897301e+00
-2.676999042709967913e+00
-4.479595125651132381e-01
4.751018511127984012e-01
-6.346595231823426442e-01
1.638374379588452445e+00
-7.317334330933913389e-01
-1.573284478260989827e+00
-1.793366512597934115e+00
3.308977792256809214e-01
-3.967334400908925085e-01
-3.746486541027920225e+00
-3.169328081204265679e-01
-1.211113038693241828e+00
-2.250814872547895196e-01
1.828633649972693620e+00
-4.503736864811446194e-01
2.770648337233522218e-01
1.118033988749836727e+00
3.448910778629739937e+00
6.522045624955463694e-01
-7.963063759520974116e-01
1.711190404055171310e+00
-9.263504423372820318e-01
1.100722144775601485e+00
7.076364426159345022e-01
-1.636370668100180836e+00
-2.134205341246538934e-01
1.236097313897879912e+00
2.999403167994942443e+00
-1.312511387940722973e-01
1.411125501235004132e+00
2.702799115096883753e+00
8.091485325253983119e-01
3.640309641027075660e+00
8.313452437172816900e-01
-8.300698672163719927e-01
2.445520896435487979e-01
9.977980149691637601e-01
5.554736959747481606e-01
-2.565702074439806690e+00
2.558982570209901164e-01
-3.764315939762277186e-01
-1.188846884791224801e-01
2.598920328726483042e+00
-8.896834857013693476e-01
-1.545854344392519897e-01
1.199760266073671477e+00
1.849412731533281340e+00
-1.295289678218163321e-01
-2.117312740845124885e+00
1.063005240268883878e-01
-2.464281032189103549e+00
-7.501559161830900768e-01
-5.430006260852051625e-01
-4.052729799697346813e+00
-1.545704838475877807e+00
-3.225452325370442574e-01
5.416544534975333836e-01
-1.389475857136317272e+00
-7.672886282284749893e-01
8.225490880594293897e-01
-1.220545176171142998e+00
1.746123503593626225e+00
-8.869884264870002699e-01
-3.225218738149673303e+00
-6.149258607160564827e-01
-7.580948569499400547e-01
-8.579604780797326358e-01
-2.904551588494076686e+00
-8.341202374057431479e-01
-5.259512567504801561e-01
-4.503681224854628740e-01
2.858914551103152846e+00
-8.913032895172503522e-01
-9.434261502536245292e-02
2.368007374187883318e+00
1.676085749746594633e+00
8.598393850994680010e-01
-9.928747911758599720e-01
7.614643657300085300e-01
-8.430225258944218369e-01
5.530294768472916456e-01
1.471031048575681233e+00
-2.583457379675988985e+00
7.097239523247549364e-01
2.153732181883715846e+00
1.920283572731827926e+00
1.402683519991521077e+00
1.063099922962615462e+00
2.583101403451813827e+00
8.771041084842555735e-01
3.251437529228442092e+00
9.024674838642734453e-01
-2.221850959920785851e+00
1.340025059357153214e+00
3.682614614827818267e-01
-5.421227091814995180e-02
-1.035204984201180789e+00
-4.145571456044726544e-01
4.877038322126909242e-01
2.741209154927171099e-01
3.133411419047424484e+00
-7.425084443176259708e-01
-5.852419926488878765e-01
2.515777256861626565e+00
2.979623961354934680e-01
-1.021565361575471620e-02
-1.737142336297062384e+00
-1.237414558455577351e+00
-1.792671817412716750e+00
-1.095215976968639371e+00
-5.719655371335974348e-02
-4.295101296077550757e+00
-9.377655644625466635e-01
8.378675654521865468e-01
-6.309689214859941497e-01
1.115231133120287987e-01
-1.000000000000000000e+00
1.115231133120309082e-01
-6.309689214861418094e-01
8.378675654522701466e-01
-9.377655644622597819e-01
-4.295101296077601383e+00
-5.719655371358056684e-02
-1.095215976968562543e+00
-1.792671817412598179e+00
-1.237414558455619096e+00
-1.737142336297055500e+00
-1.021565361586962428e-02
2.979623961353198291e-01
2.515777256861796651e+00
-5.852419926487110180e-01
-7.425084443178164850e-01
3.133411419047307245e+00
2.741209154928914149e-01
4.877038322127812964e-01
-4.145571456044477299e-01
-1.035204984201131273e+00
-5.421227091830627121e-02
3.682614614827247612e-01
1.340025059357398796e+00
-2.221850959920787183e+00
9.024674838639950014e-01
3.251437529228399015e+00
8.771041084843249624e-01
2.583101403451810718e+00
1.063099922962655874e+00
1.402683519991420935e+00
1.920283572731659838e+00
2.153732181883740715e+00
7.097239523247135251e-01
-2.583457379676083576e+00
1.471031048575641709e+00
5.530294768469588007e-01
-8.430225258942175559e-01
7.614643657298469925e-01
-9.928747911759240319e-01
8.598393850995296184e-01
1.676085749746381026e+00
2.368007374188064951e+00
-9.434261502549456946e-02
-8.913032895172938730e-01
2.858914551103095114e+00
-4.503681224853343101e-01
-5.259512567504691649e-01
-8.341202374057303803e-01
-2.904551588493798242e+00
-8.579604780798422148e-01
-7.580948569499456058e-01
-6.149258607157318535e-01
-3.225218738149909559e+00
-8.869884264867385903e-01
1.746123503593547177e+00
-1.220545176171104584e+00
8.225490880595499599e-01
-7.672886282284054893e-01
-1.389475857136326820e+00
5.416544534976105441e-01
-3.225452325368923789e-01
-1.545704838475803866e+00
-4.052729799697508462e+00
-5.430006260855231304e-01
-7.501559161829415290e-01
-2.464281032189159504e+00
1.063005240268641849e-01
-2.117312740844965013e+00
-1.295289678223184859e-01
1.849412731533141452e+00
1.199760266073899517e+00
-1.545854344389517854e-01
-8.896834857018601772e-01
2.598920328726438633e+00
-1.188846884789537817e-01
-3.764315939762669094e-01
2.558982570211525420e-01
-2.565702074439883518e+00
5.554736959741967128e-01
9.977980149693100875e-01
2.445520896436915448e-01
-8.300698672163624448e-01
8.313452437167268005e-01
3.640309641027048126e+00
8.091485325255770578e-01
2.702799115096923721e+00
1.411125501235120039e+00
-1.312511387941691088e-01
2.999403167994634689e+00
1.236097313898188776e+00
-2.134205341242717546e-01
-1.636370668100269654e+00
7.076364426154730936e-01
1.100722144775760691e+00
-9.263504423372871388e-01
1.711190404055237035e+00
-7.963063759519569684e-01
6.522045624953247689e-01
3.448910778629687091e+00
1.118033988750201768e+00
2.770648337234190572e-01
-4.503736864812594720e-01
1.828633649972790209e+00
-2.250814872545930934e-01
-1.211113038693298893e+00
-3.169328081202117398e-01
-3.746486541027993944e+00
-3.967334400911453063e-01
3.308977792257131179e-01
-1.793366512597670548e+00
-1.573284478261068653e+00
-7.317334330936304809e-01
1.638374379588479535e+00
-6.346595231824153638e-01
4.751018511129453947e-01
-4.479595125648821452e-01
-2.676999042710167309e+00
1.234588911898665708e+00
-9.479354926527810976e-01
-2.817424144805695363e+00
-2.743885989057702979e+00
-1.544754003761435124e+00
-4.078038306133598967e-01
-2.065820219892311904e+00
2.928932188134834025e-01
-1.676145680866466092e+00
-5.664324854199953574e-01
3.218578283254675654e+00
-5.752746732070967983e-02
-3.089502517142015403e-01
-2.514668275033844491e-01
8.889560285463774525e-01
2.021591438105091454e-01
-1.016048308356199970e+00
1.115844128143779201e-01
-2.894004678547803522e+00
5.773245776003380625e-01
2.085127164936901867e+00
-9.819569073238225698e-01
5.886747900453244142e-01
1.142515168278653626e+00
2.887827991265048855e+00
1.820867110704054159e+00
1.963491922178144833e+00
1.458011143432158541e+00
-9.404182115049841695e-01
3.177080789976941322e+00
9.917920669101960573e-01
-1.544110944743880554e+00
-1.031977533327047558e-01
-1.131699890678816711e-01
1.297454185946412153e+00
2.032632329245717129e-01
1.432401887319969980e+00
2.992220690278851736e-02
4.980758121664597970e-01
4.465852727140042333e+00
3.840056189384498664e-01
-7.446598084071354151e-02
5.809458420537256806e-01
5.802663728704454682e-02
3.244673162292611712e-01
-1.300547071700020485e+00
-8.594520641560574603e-01
-3.241140406342017499e+00
-4.084125153337277991e-01
1.454672811498437079e+00
-2.536494220695340474e+00
-3.815013382108736195e-01
-4.558474588567984487e-02
5.416477416474966278e-01
7.164094558946638713e-01
-3.446597702208237246e-01
-7.735790456688114158e-01
-2.844146324198704612e+00
8.510237380902233584e-01
-9.451765347981276877e-01
-4.043459273983836866e+00
-1.406016876235171686e+00
-2.132290867069453810e+00
-5.984653554391154984e-01
-5.427430579888604667e-01
-5.384806293952987266e-01
-9.416715230191009534e-01
-5.461575078430520591e-01
3.389706703834169055e+00
-5.120207914721092157e-01
-1.104935398351897913e+00
5.903184219311251590e-01
-9.843057939253831989e-01
4.321551861519499216e-01
-8.316969908337027428e-01
-1.102691260933631234e+00
-2.009862064879169186e+00
3.935942449915399433e-01
2.721057839605185436e+00
-1.302933173905497455e+00
1.190248438122353924e+00
1.904429756012649300e+00
1.499999999999846789e+00
3.084282573992820353e+00
1.159481814573825265e+00
6.086136512347337657e-01
-5.000971524319288708e-01
2.325525258201174506e+00
1.117138636402221774e+00
-2.336989332052285206e+00
8.971658281527842282e-01
-2.023597986019100015e-01
9.541071601898596377e-01
2.096302001477981403e+00
5.264028531722138027e-01
7.297324800947790902e-01
1.090546840316894528e+00
4.050264999880543115e+00
4.950720898489227029e-01
-8.017819511348716066e-01
1.318801713887657545e+00
-1.283840606323803479e+00
4.612393765781448440e-01
-5.397925103096887778e-01
-2.215426053997099132e+00
-1.871499475985097583e+00
-2.646476985119563530e-01
1.733721359419088337e+00
-2.071735316680124228e+00
-1.202500425805744788e-01
8.416552014392929548e-01
-6.605051017398850810e-01
1.780280081906622236e+00
-8.562022983114235819e-01
-2.012631245229073329e+00
-1.871758465361169188e+00
-2.551957502990897519e-01
-9.026932875688580271e-01
-4.262195582037000996e+00
-9.870319516885905919e-01
-1.846052632808348637e+00
-1.104031708062962025e+00
1.224882223066292131e+00
-1.486451184962431338e+00
-6.831232504123678773e-01
3.378008860810904901e-01
2.182799069327265862e+00
-2.941514877040783404e-01
-1.883007885095794087e+00
6.617424225552895889e-01
-1.945932494664850854e+00
1.030175603336966894e-01
2.259346950041430437e-13
-2.672229856309181528e+00
-7.519868392512011335e-01
6.813414978466119098e-01
2.282902594034133870e+00
-3.898309794872440448e-01
9.571209023860963727e-01
2.464065442202624023e+00
5.433078436221683294e-01
3.568369154246429975e+00
8.510890205266041786e-01
-9.668467004357426120e-01
6.990186775102723571e-01
1.175843815992245300e+00
9.273005631660885539e-01
-1.850978328151401398e+00
7.947324086682094890e-01
4.698702709454755100e-01
6.463299934394028945e-01
3.618520149647820539e+00
-3.666505409806519733e-02
7.308829932076756908e-01
2.408682632323644768e+00
2.558042960312118641e+00
9.289760992892445168e-01
-1.115687370669097289e+00
9.379741374044878732e-01
-1.445799907193836997e+00
1.025573386383908936e-01
4.849470983457662143e-01
-3.354121344825399031e+00
-6.210746062104662846e-01
5.455192810161794137e-01
9.679925315643091999e-01
-5.940594381399583179e-01
-3.955386072024312805e-01
1.119395332058721770e+00
-9.651319722630732345e-01
1.780969962966680420e+00
-8.601808512526238903e-01
-3.556370551568750482e+00
-6.450514006757401830e-01
-1.168738002633750384e+00
-1.386910959189785020e+00
-3.145332577858791723e+00
-1.563929440529123305e+00
-1.070475442854728065e+00
-1.140112944467956080e+00
2.092669654399496704e+00
-1.747626463108198358e+00
-1.118033988749960406e+00
1.607213312508519065e+00
4.098738717645467045e-01
-1.487407973376737580e-01
-1.940675061931986578e+00
-4.975111596190225915e-01
-1.711879964267122745e+00
-4.693479760785995714e-01
6.192092143141204597e-01
-3.476305478093628665e+00
-8.490823995892404774e-03
1.620058149965765359e+00
1.062837755333444045e+00
1.086925409499588380e+00
5.542328035632549943e-01
2.073507911261948777e+00
7.245526977773412147e-01
2.921794930021572423e+00
8.411762387748289438e-01
-2.334170661822728920e+00
1.585910468277103025e+00
5.965877816224707253e-01
1.572392061538558927e-01
-2.705756203639080870e-01
-5.933576308491117501e-04
1.226112335448711566e+00
1.152139634751276009e+00
3.862989745248548878e+00
1.918777987997746237e-01
2.271167936944669674e-01
3.600785056892747527e+00
1.069428105045270083e+00
9.342284253685219086e-01
-6.029411195719953653e-01
-5.278417269293982361e-01
-6.452020288774289458e-01
-1.393226553763753373e-01
8.476104468769074529e-01
-3.320176249359350074e+00
-8.298033466904664035e-02
1.789701506783767382e+00
-1.133644104358585425e-01
9.055088278981274774e-01
-4.798972363208785508e-01
3.131296835903916720e-01
-1.291996818153505200e-01
8.520898313449318806e-01
-8.763454003556794270e-01
-4.348575063070990510e+00
-1.715990938414199141e-01
-1.278768257917590301e+00
-2.259860960708996114e+00
-1.369873614227699932e+00
-2.361289052800667143e+00
-5.790157693132944594e-01
-1.568595997885301463e-01
1.587931941042469264e+00
-1.316695944695508880e+00
-1.693914108534795071e+00
2.224052956790641744e+00
-8.221993844253963069e-01
-6.193751760466668088e-01
-1.279313039587039569e+00
-2.341360793944240459e+00
-9.104366654514028934e-01
-5.557601905618398952e-01
2.709348109402152094e-01
-2.937776627746421898e+00
4.243788193925816105e-02
2.602280787332411194e+00
6.743126868767912452e-02
2.047234048544970708e+00
5.590517337342267856e-01
6.843876165530637934e-01
1.768146072952631487e+00
1.707106781186818356e+00
4.547034457185354928e-01
-2.556294009356920860e+00
1.448051376235856447e+00
8.044435673670778941e-01
-6.601628157208379033e-01
1.371734756075138062e+00
-5.543570795300876153e-01
1.413879769512522255e+00
2.618720524834346364e+00
2.884948436320340370e+00
7.986769844414900454e-01
-2.509889392458153345e-02
3.680854738359266687e+00
4.732853291476717406e-01
3.237739407178438222e-01
2.974819221290245785e-01
-2.128458620731446871e+00
2.585507933228781141e-01
3.631299511653501844e-01
1.611235731672821525e-01
-2.043877751906360007e+00
-1.808236413709435331e-02
2.621988098158388514e+00
-4.617285293124631096e-01
1.500000000000037303e+00
-1.143716516750405421e-01
-1.153629480625028680e+00
1.117983757179948689e+00
-1.762239437334112147e-01
-1.524068041744895741e+00
-3.794743369193928295e+00
-7.137878655099539893e-01
-7.932208286160133959e-01
-2.712598280866961531e+00
-1.015179425601218099e-01
-2.523023931119174001e+00
-7.211506144200371393e-01
1.513249575949623171e+00
2.668849706288287660e-01
-8.912649025640567713e-01
-1.660689373604403940e+00
1.492884658948140153e+00
-1.023358006228030748e+00
-1.483640019215992867e+00
-6.786656814619372868e-01
-3.715858163546918114e+00
-4.003433153803950262e-01
1.803787469030498913e-01
-9.481249832011358070e-01
-1.499149300271042318e+00
-4.537278200691352570e-02
2.755984301642846024e+00
1.426980111230317094e-01
1.919959642228040497e+00
8.402748471747735204e-01
-8.760923530331961029e-01
2.666907999747762936e+00
8.045155658607082705e-01
-6.687123027379950901e-01
-1.526719745578883680e+00
5.184813282249329802e-01
1.250322715716960298e+00
-6.396999844584987382e-01
2.031588870176634032e+00
-2.983830939188497622e-01
1.083513988908853420e+00
4.273906795261771308e+00
1.597518588641408499e+00
1.004029867200535442e+00
5.011005909490706678e-01
2.416896462502725829e+00
7.787852182471404205e-01
-3.346477883918277385e-01
6.504297156075454778e-01
-2.760073510670239649e+00
6.218994895139906554e-01
1.536575747384269830e+00
-1.000307585141954059e+00
-3.706792144584204474e-01
2.538222757389144713e-01
2.368336068235715075e+00
3.625492374961787889e-01
1.079526394884489537e+00
2.146914746907500060e-01
-2.226034798978675511e+00
1.727663007143633411e+00
-5.973987295069600467e-01
-2.769688668282054955e+00
-2.311546109729066156e+00
-1.620530721078544900e+00
-4.314044783007526807e-01
-2.016011582634138488e+00
-3.824910886258692244e-02
-1.898184088858863916e+00
-1.059497510739420667e+00
2.811203667987966615e+00
-8.216374742956549238e-01
-1.112350520559807654e+00
-8.749939240756059444e-01
-2.844334951139743106e-01
-6.240254237305271623e-01
-1.984285112728734424e+00
-9.922562722338408303e-01
-3.804558840528617036e+00
-4.572479654903757185e-01
1.249860300533902624e+00
-2.105167162119255142e+00
-2.035108991696104042e-01
3.219997490072145085e-01
1.793062893778143430e+00
1.218805779035543102e+00
1.050346309450230997e+00
6.983108284829755430e-01
-1.559329820625711571e+00
2.577045602389628876e+00
5.811441040251275059e-01
-2.066249532930524602e+00
-9.502460846068516709e-02
-3.081101947488112947e-01
1.259977819716118219e+00
5.881350150575902491e-01
1.499975903609357175e+00
4.827455465648062827e-01
9.385728005762136172e-01
