5.000000000000000000e+00
9.927924771355957079e-01
1.358174767731886945e+00
1.030697171336051765e+00
-7.296117246152193925e-01
1.002559043030484709e+00
8.512393895075082151e-01
3.949108549155421199e-01
-2.067221983241078309e+00
-2.014661097725020111e-01
-2.206682586160414239e+00
-4.973542663006578213e-01
2.428234349050011343e+00
-9.840546006990124051e-01
1.110084637921100237e+00
-6.783627894452461948e-01
-1.055945279153298388e+00
1.615756273832974210e-01
7.835332910116918903e-01
-2.838491637910769416e-01
-2.031373680657942771e+00
-9.182266231770817022e-01
-4.491813358405922330e+00
-1.039560891273631604e+00
-3.394061636061583842e-01
-1.977197537924272552e+00
4.568107804006551476e-01
-1.792939818524768025e+00
-8.335565799041385615e-01
3.453480390479182205e-01
2.398711306130573373e+00
1.210066955262643296e+00
1.611859877980768019e+00
1.370570320089362637e+00
-2.052294295784203193e+00
2.021578973436266580e+00
3.176602212334916908e-01
4.717450569460513998e-01
1.339944457905605013e+00
-1.246238846955626478e+00
-7.338420100205119700e-01
7.414013185438328435e-04
2.120852089892803161e+00
7.971778997385716714e-01
3.122227074441325190e+00
9.981981366461449845e-01
-6.792244145224652918e-01
2.763959210242627140e+00
6.090535703801647216e-02
1.899652800062514801e+00
1.000000000000001332e+00
-1.306159698218660292e+00
-2.167397395629371726e+00
-1.724962599278290210e+00
-9.679634182056132685e-01
-1.926775502414207031e+00
1.066789964612490760e+00
-2.684248167639131211e+00
-1.871264671482700814e+00
5.992210849601137257e-02
-1.541587312835686951e+00
1.818699840121317024e+00
7.071399024061554295e-01
-2.466356256194279784e-01
-1.591209582716973880e+00
-5.373251369678014866e-01
-1.301631726172560066e+00
-7.747029888149652432e-01
1.382095242982010808e+00
-3.074829662038672140e+00
-7.158542046463940434e-01
-1.261542726363110711e+00
-1.234418377725295057e+00
2.129905121605553120e+00
1.600474556073423260e+00
1.558336368008473638e+00
5.573132194840987319e-01
2.091849361315949452e+00
2.948551833227937569e-01
2.895749524414063192e+00
3.122443944857532738e+00
-6.382443987230173033e-01
1.528393211323781031e+00
-1.627283491055148579e+00
-7.704217232341364907e-01
8.623513825800820376e-01
6.248360978645124408e-01
2.854299041643248991e-02
-4.470697054686517680e-01
3.125766046101627893e-01
-1.607812468650228865e+00
2.755056933679560949e+00
1.283393471715061240e+00
7.585657984746108085e-02
1.361251346530476303e+00
-2.475449866109003416e+00
-9.828184910458314105e-01
-7.369329921913101433e-01
-5.074280204542788164e-01
-1.933446818509511500e+00
-1.618033988749887575e+00
-2.716202853246779014e+00
-3.707023419480683479e+00
9.978520922460220044e-01
-1.266313959889825647e+00
6.970192095588811920e-01
9.009612871087246955e-01
-1.528695759680037236e+00
4.476671391301424441e-01
7.769715238372079114e-01
1.665882561112247195e+00
3.480711809820521419e-01
1.408635393253192314e+00
-1.863945156931927416e+00
-1.501051675000671271e+00
1.287179688263877297e+00
-1.231669664984035073e+00
2.157368273529048697e+00
5.443818037300158785e-01
-4.872135811131896310e-01
7.510480223909049569e-01
1.619405645615241252e+00
2.448616147378586572e+00
2.277964086566892199e+00
3.458217577260684017e+00
-9.999999999999978906e-01
8.410484768487023199e-01
6.768881216859713446e-01
-1.009166859239831959e+00
1.896462681471925205e+00
-1.271941697663801385e+00
-1.800836392590817514e+00
-2.107891819731693595e+00
-1.056201558804382712e+00
-1.020147298096939270e+00
6.449441849414152550e-01
1.181732913248001227e+00
-2.427463016539149976e+00
8.020893659881057625e-01
-1.229137510503220287e+00
-3.868393938491412332e-01
1.712332340760895688e+00
-1.071186167056165761e+00
-1.333796471018881213e+00
-2.459581057784826275e+00
-1.707700138069528473e+00
-2.472588735626664480e+00
6.864671892056581903e-01
-4.194096916291508714e-01
-2.035735060352434012e+00
9.999999999999906741e-01
-1.730182473195359893e+00
1.598376093054541203e+00
2.827180997617560365e+00
1.800199294022772012e+00
1.592135888316224213e+00
7.531763826744575230e-01
5.702110169981218224e-01
-3.137960599797414707e-01
3.057884922474120692e+00
-1.675066002710836055e-01
-2.589926227044824295e-02
4.740599070359973743e-01
-2.525173040382288736e+00
1.207688668580987112e+00
1.189550637219995544e+00
1.578540713383870919e+00
1.073209264900803817e+00
1.080499959865341753e+00
-2.534814404235102847e-01
1.670556980032277261e-01
2.923566803729342745e+00
-8.395593889916302954e-01
1.007299878946303462e+00
-1.364180553144550778e+00
-3.558336368008466977e+00
-1.005173077383781477e+00
-1.751193283018491975e+00
-8.525751882918948255e-01
-1.481509572534706720e+00
-8.984028052302905909e-01
-3.092374967462677038e+00
-4.682281773571832506e-01
1.195338168354111774e+00
-6.815793332135554605e-01
2.651188492001398167e+00
-9.773336146893526477e-01
-1.178405926832489126e+00
-2.582577803059232791e-02
-3.778700726031116175e-01
2.700321099899389843e-01
-4.039538628689542943e-02
-1.605472670139075353e-01
-3.049951237206367072e+00
5.907207757187142860e-01
6.813421515010942286e-02
6.994889113785086598e-01
3.721607498780039158e+00
1.010769525206570707e-01
1.432588026579033391e+00
1.381966011250095994e+00
1.916357860945785196e+00
2.078535659366663069e+00
2.649451353421511168e+00
8.746987467807446626e-01
-1.892559501870626715e+00
8.751956771250348766e-01
-2.058283354650235264e+00
3.559600118167829397e-01
1.182128629645972762e+00
-1.753222687204762487e+00
-3.998069272172499744e-01
-1.172714602137143070e+00
-8.783928464945689463e-03
3.365372852091269573e-01
2.388630159705821043e+00
-3.965124279711716992e-01
-1.143705257741099768e+00
1.399243178534306242e-01
-3.185717146094235286e+00
5.672004756369184442e-01
-6.926856741041906851e-01
-2.183672667721022087e+00
-1.866218509030489470e+00
-2.798030568602343671e+00
-1.977197537924314297e+00
-8.948294242407153209e-01
1.905313771128045008e+00
-9.787724834332158785e-01
9.718121250313566106e-01
5.107366694065775814e-01
-1.040852582380755731e+00
3.237430584919715582e+00
1.247184948938764748e+00
1.404573769529322114e+00
4.588680124238562197e-01
-5.060840427743235059e-01
-1.177347589197246469e+00
4.153779113287410230e-01
1.857767812596879065e+00
-8.811800626429928673e-01
2.036639235576295892e+00
-8.082717693835476114e-01
-2.644140316782079281e-01
2.932593531458632885e+00
1.456739867053527870e+00
2.730108880522551296e+00
1.336835426850539577e+00
5.180602800656028961e-01
-1.279280102042301470e+00
1.000000000000011990e+00
2.076265120841438994e-01
-1.369618863195695591e+00
6.473939757784810123e-01
-4.004956860019886378e+00
-2.074773855803353495e+00
-9.954272092014466722e-01
-1.193523223164637548e+00
4.335091402119581327e-01
-1.770862637997351330e-01
-7.368539261069393387e-01
-1.983348851655540424e+00
1.337235448758930190e+00
-5.752657708905820622e-01
6.316650818331250861e-01
1.159165976326020697e+00
-3.264126741305776402e+00
-8.724223197672662522e-01
-1.779493330076970636e+00
-8.963137398763735275e-01
1.072973193431286387e-01
3.030358544660746167e-01
-1.005456919195864884e+00
-1.053755187997776233e+00
1.966483014198686652e+00
-2.280246207578739970e-02
3.869684158560447784e+00
2.717777092160475139e+00
1.994432650922379202e-01
1.967533653601443611e+00
5.083351311291350871e-02
1.248550823836979573e+00
1.318012936989401584e+00
1.518467886912783671e+00
-1.463040543805208094e+00
-7.705961709558653006e-01
-2.109562461504406183e-01
-1.743829431622886617e+00
2.925327962224797407e+00
2.742258881586867592e-01
1.351886984549339754e-01
6.774243421306139767e-01
-7.307226409883561535e-01
6.003460998072520649e-01
1.061970645132218394e+00
1.274525513120861264e+00
-2.149546726277964837e+00
-6.652219507924677089e-01
-2.930094242496835033e+00
-2.988011450903854893e+00
6.180339887498227380e-01
-2.504241616537000947e+00
-9.526355356507852923e-01
-1.737378096151121820e+00
-1.974336890875798778e+00
-6.861682039000894795e-01
1.346445546538563409e+00
1.592013982363520430e+00
-2.142153621575537681e-01
1.899948358063501930e+00
-1.888066098739918708e+00
2.522890335444317733e-01
1.778439138118294016e+00
-5.742074332551170279e-01
1.102914653748018781e+00
-1.033154503251438427e+00
-1.177973638562930692e+00
-8.205755391826511369e-01
1.926165432200025007e+00
1.155208645205329621e+00
1.516436793980211473e+00
2.756357552032046243e+00
-1.131654214337068254e+00
2.602751866148723892e+00
2.076826667341693522e+00
1.558336368008476969e+00
2.435834143102603377e+00
-1.557412958160672156e-01
-1.144670013637332229e+00
-1.648718824232063618e+00
4.509782907466348134e-01
-1.683684881833925173e+00
3.774372949775952613e-01
-6.984466357294556449e-01
-3.438093685160304780e+00
4.284833515299047990e-01
-1.082107629522388592e+00
7.725596802946280706e-01
1.278553453051612721e+00
-9.968177678810551112e-02
-1.450527388478827895e+00
-1.198331950697488768e+00
-6.096656919184106904e-02
-2.028148271840960248e+00
1.183989939582848372e+00
-2.210169877065956356e+00
-3.075047273520159941e+00
-8.429515949886725590e-01
-2.449934676184799098e+00
6.585288832371947176e-01
9.999999999999837907e-01
9.640814703944390329e-01
-4.321488915010432974e-01
1.297762213423213629e+00
1.197740756129299200e+00
1.089666149319609145e+00
4.396747380042144826e+00
-1.241407838238441919e-01
6.964235378847165592e-01
1.472206310156206066e-01
-1.231194594900735240e+00
1.103556471444477438e+00
9.505239940996725867e-01
6.748496564514668838e-01
-1.056151874189425577e+00
9.730898038085467050e-01
-8.394056736796102758e-01
1.430964187975819035e+00
3.565829074574504709e+00
-1.363299296663371685e-01
1.889975686413680300e+00
-6.216147019745462687e-01
-9.750625433890782734e-01
1.746704614441022263e-01
2.306051131094657980e-01
-9.999999999999911182e-01
-2.386563987302578571e+00
-1.426405503436691369e+00
-4.432845550007627367e+00
-3.445576661178554878e-01
-1.330140336411569923e-01
-1.449952741144071799e+00
9.135554511128262112e-01
-1.782605644357496466e+00
-6.278833067924843858e-01
3.308543004858981451e-01
1.626632714059447871e+00
1.113317968442703032e-01
3.439779668346136798e-01
-4.736522200407539129e-01
-3.283916549862158085e+00
1.082581447939284347e+00
-8.224297683017365301e-01
7.075850483738954644e-02
1.036205035148507259e+00
-1.315053198308666627e+00
-8.534019607647880257e-03
9.863773103828926692e-01
2.855464836350451563e+00
1.644549263288642482e+00
3.618033988749924657e+00
8.617932285513644208e-01
-3.441305626757253378e-01
2.721162394820150876e+00
-2.920294884515723943e-01
1.857415877359234635e+00
5.759149757266636138e-01
-1.533793834690100333e+00
-1.658156100886513773e+00
-8.955039619031468501e-01
-1.022152009972743247e-02
-4.381576436688937592e-01
2.199683065556379269e+00
-1.781156350504067953e+00
-4.992550588058332628e-01
7.556826061698671548e-01
-1.089131248542388963e+00
2.002046120226564696e+00
-7.045595648082270124e-02
-1.298921923534181344e+00
-2.504409956107703117e+00
-1.620901544916756754e+00
-2.279084585951766773e+00
-1.240290778185791698e+00
5.143403704739621940e-01
-3.558336368008399919e+00
-5.288209661154149588e-01
-1.278346538475500171e+00
-7.498110249037825970e-01
2.536390705860392725e+00
1.333888193396400634e+00
1.137663339781456173e+00
7.584201186080707924e-02
1.149465617986562993e+00
-5.579212456041693358e-01
2.155359125717694724e+00
1.716790621775623915e+00
-1.505977734468169960e+00
1.045473457681597385e+00
-1.944280879179969279e+00
-7.644667591422538155e-02
1.799630863280513804e+00
1.496502042311286029e+00
1.226310912796243935e+00
8.703763576448766415e-01
1.308741513664312572e+00
-3.068845612918057464e-01
3.709192001907328340e+00
1.315838812499234400e+00
2.345061082607502179e-01
9.999999999999008571e-01
-2.971306390020552524e+00
-9.124639401682180795e-01
-7.797298076137647582e-01
-5.956235649747471106e-01
-1.616232125396027230e+00
-1.185060752183922927e+00
-2.255115154581568859e+00
-2.495614719064322085e+00
1.858811570457950424e+00
-8.841919787295063893e-01
1.120657807897007308e+00
4.126689021820427739e-01
-2.224358417033608593e+00
-1.920791821749955330e-01
-4.035449846863444767e-01
1.927413240077181511e-01
-9.958076909179203184e-01
-1.539226231379092757e-01
-3.147233277519771999e+00
-1.780677317380832125e+00
9.294999404493589079e-01
-1.150672822724912781e+00
2.644498401654864495e+00
6.148428095574935970e-01
-2.280246207563768612e-02
1.411059753564129160e+00
1.891119474403807788e+00
2.507583955776876650e+00
2.193074602674409679e+00
2.649407669408090360e+00
-1.653317158466169001e+00
6.744039638310179718e-01
2.131870017880824197e-01
-8.036076926231657813e-01
2.296396778195026300e+00
-9.845035988623748180e-01
-7.685587593886704649e-01
-6.756209889623762122e-01
3.717732272420360973e-01
5.886485974103845553e-01
2.061019081549077203e+00
1.692459354069725030e+00
-1.852848109758280071e+00
1.085926932749771590e+00
-1.620593031780463100e+00
-5.452362548822003996e-01
9.535322312928482535e-01
-2.209733350861724066e+00
-2.064446067093617998e+00
-3.000000000000000000e+00
-2.064446067093575365e+00
-2.209733350862034928e+00
9.535322312929268573e-01
-5.452362548822214938e-01
-1.620593031780418025e+00
1.085926932749740725e+00
-1.852848109758340467e+00
1.692459354069637101e+00
2.061019081549011034e+00
5.886485974106381303e-01
3.717732272420094519e-01
-6.756209889622181164e-01
-7.685587593887580615e-01
-9.845035988625266965e-01
2.296396778195094690e+00
-8.036076926232254003e-01
2.131870017882809554e-01
6.744039638309585749e-01
-1.653317158466176107e+00
2.649407669407813248e+00
2.193074602674439433e+00
2.507583955776992557e+00
1.891119474403699430e+00
1.411059753564292585e+00
-2.280246207576241968e-02
6.148428095573509333e-01
2.644498401654902242e+00
-1.150672822724855493e+00
9.294999404496081530e-01
-1.780677317380738867e+00
-3.147233277519727590e+00
-1.539226231380195209e-01
-9.958076909179571778e-01
1.927413240077310297e-01
-4.035449846863636836e-01
-1.920791821747804828e-01
-2.224358417033928337e+00
4.126689021824679893e-01
1.120657807896938252e+00
-8.841919787292953359e-01
1.858811570457955753e+00
-2.495614719064327414e+00
-2.255115154581181613e+00
-1.185060752184273314e+00
-1.616232125395957064e+00
-5.956235649749572758e-01
-7.797298076135484868e-01
-9.124639401681425843e-01
-2.971306390020541421e+00
1.000000000000132561e+00
2.345061082603259184e-01
1.315838812499497301e+00
3.709192001907164915e+00
-3.068845612916830667e-01
1.308741513664404277e+00
8.703763576446764683e-01
1.226310912796487074e+00
1.496502042311002700e+00
1.799630863280601734e+00
-7.644667591438769616e-02
-1.944280879179679289e+00
1.045473457681601825e+00
-1.505977734468274098e+00
1.716790621775219350e+00
2.155359125717863478e+00
-5.579212456038524781e-01
1.149465617986352939e+00
7.584201186079708723e-02
1.137663339781304295e+00
1.333888193396252309e+00
2.536390705860646744e+00
-7.498110249034433128e-01
-1.278346538475378269e+00
-5.288209661152718510e-01
-3.558336368008577111e+00
5.143403704736776438e-01
-1.240290778185524800e+00
-2.279084585951709041e+00
-1.620901544916623305e+00
-2.504409956107439772e+00
-1.298921923534303691e+00
-7.045595648117164433e-02
2.002046120226643744e+00
-1.089131248542200670e+00
7.556826061696870767e-01
-4.992550588057942385e-01
-1.781156350504329966e+00
2.199683065556369943e+00
-4.381576436685397091e-01
-1.022152009961951880e-02
-8.955039619029478981e-01
-1.658156100886459150e+00
-1.533793834690463154e+00
5.759149757265935587e-01
1.857415877359193779e+00
-2.920294884516193568e-01
2.721162394820276553e+00
-3.441305626756758773e-01
8.617932285513818513e-01
3.618033988749661312e+00
1.644549263288761942e+00
2.855464836350569247e+00
9.863773103829801547e-01
-8.534019607453924294e-03
-1.315053198308854476e+00
1.036205035148584530e+00
7.075850483734258400e-02
-8.224297683016557059e-01
1.082581447939350072e+00
-3.283916549862158529e+00
-4.736522200407442540e-01
3.439779668344501440e-01
1.113317968443365835e-01
1.626632714059291329e+00
3.308543004860938774e-01
-6.278833067923840217e-01
-1.782605644357689423e+00
9.135554511128098909e-01
-1.449952741144190593e+00
-1.330140336407985013e-01
-3.445576661177514044e-01
-4.432845550007436408e+00
-1.426405503436801059e+00
-2.386563987302747325e+00
-9.999999999999683586e-01
2.306051131090968154e-01
1.746704614441942915e-01
-9.750625433891785265e-01
-6.216147019744870938e-01
1.889975686413733369e+00
-1.363299296664807203e-01
3.565829074574564217e+00
1.430964187975686031e+00
-8.394056736794903717e-01
9.730898038084203616e-01
-1.056151874189350304e+00
6.748496564513710716e-01
9.505239940996543790e-01
1.103556471444769427e+00
-1.231194594900645978e+00
1.472206310157153641e-01
6.964235378845947677e-01
-1.241407838237709171e-01
4.396747380042028475e+00
1.089666149319645116e+00
1.197740756129491047e+00
1.297762213423263367e+00
-4.321488915008302456e-01
9.640814703942510722e-01
1.000000000000005773e+00
6.585288832373765722e-01
-2.449934676184704063e+00
-8.429515949883847892e-01
-3.075047273520226554e+00
-2.210169877066023858e+00
1.183989939582606565e+00
-2.028148271840884753e+00
-6.096656919164433752e-02
-1.198331950697709702e+00
-1.450527388478785928e+00
-9.968177678814731102e-02
1.278553453051895161e+00
7.725596802944438846e-01
-1.082107629522263359e+00
4.284833515299505402e-01
-3.438093685160517943e+00
-6.984466357293210859e-01
3.774372949773450725e-01
-1.683684881833614533e+00
4.509782907467965174e-01
-1.648718824231979907e+00
-1.144670013637238526e+00
-1.557412958163912897e-01
2.435834143102644678e+00
1.558336368008248485e+00
2.076826667342029697e+00
2.602751866148603543e+00
-1.131654214337052267e+00
2.756357552032315361e+00
1.516436793980122433e+00
1.155208645205602958e+00
1.926165432199801630e+00
-8.205755391824651745e-01
-1.177973638562962222e+00
-1.033154503251528800e+00
1.102914653748119145e+00
-5.742074332552966620e-01
1.778439138118351526e+00
2.522890335449474719e-01
-1.888066098740028176e+00
1.899948358063243248e+00
-2.142153621575419997e-01
1.592013982363424729e+00
1.346445546538694860e+00
-6.861682038995943200e-01
-1.974336890875713513e+00
-1.737378096151142692e+00
-9.526355356507145711e-01
-2.504241616537170589e+00
6.180339887499182172e-01
-2.988011450903642174e+00
-2.930094242496984691e+00
-6.652219507924841402e-01
-2.149546726278006581e+00
1.274525513120509768e+00
1.061970645132296109e+00
6.003460998075850208e-01
-7.307226409884657325e-01
6.774243421305102819e-01
1.351886984549373616e-01
2.742258881586049357e-01
2.925327962225077627e+00
-1.743829431622565096e+00
-2.109562461504821407e-01
-7.705961709559672190e-01
-1.463040543805445459e+00
1.518467886912362674e+00
1.318012936989515493e+00
1.248550823836973578e+00
5.083351311300199349e-02
1.967533653601688970e+00
1.994432650921833527e-01
2.717777092160410302e+00
3.869684158560320331e+00
-2.280246207557001803e-02
1.966483014198603607e+00
-1.053755187997769571e+00
-1.005456919195728549e+00
3.030358544660591291e-01
1.072973193434058892e-01
-8.963137398764804420e-01
-1.779493330076924451e+00
-8.724223197673303121e-01
-3.264126741305954482e+00
1.159165976325990277e+00
6.316650818330364903e-01
-5.752657708905046796e-01
1.337235448758939960e+00
-1.983348851655333922e+00
-7.368539261070063962e-01
-1.770862638000079148e-01
4.335091402120164750e-01
-1.193523223164628000e+00
-9.954272092013167761e-01
-2.074773855803389466e+00
-4.004956860019946774e+00
6.473939757783904181e-01
-1.369618863195731340e+00
2.076265120841497835e-01
9.999999999999568123e-01
-1.279280102042043676e+00
5.180602800655595974e-01
1.336835426850443875e+00
2.730108880522558845e+00
1.456739867053528314e+00
2.932593531458896230e+00
-2.644140316780890787e-01
-8.082717693833911810e-01
2.036639235576302553e+00
-8.811800626430148498e-01
1.857767812597046708e+00
4.153779113288612601e-01
-1.177347589196966915e+00
-5.060840427745753045e-01
4.588680124239222780e-01
1.404573769529136928e+00
1.247184948938694138e+00
3.237430584919810173e+00
-1.040852582380829450e+00
5.107366694069030988e-01
9.718121250311241299e-01
-9.787724834329967205e-01
1.905313771127893352e+00
-8.948294242406052978e-01
-1.977197537924173965e+00
-2.798030568602465351e+00
-1.866218509030285189e+00
-2.183672667721452409e+00
-6.926856741038648346e-01
5.672004756370518930e-01
-3.185717146094132701e+00
1.399243178534710363e-01
-1.143705257741436387e+00
-3.965124279709235644e-01
2.388630159705443567e+00
3.365372852094327127e-01
-8.783928464851986639e-03
-1.172714602137088669e+00
-3.998069272171203004e-01
-1.753222687205062913e+00
1.182128629646188589e+00
3.559600118164935045e-01
-2.058283354649762309e+00
8.751956771250198885e-01
-1.892559501870678007e+00
8.746987467806924821e-01
2.649451353421187871e+00
2.078535659367070743e+00
1.916357860945489211e+00
1.381966011250141513e+00
1.432588026578912155e+00
1.010769525207529940e-01
3.721607498780164391e+00
6.994889113781721512e-01
6.813421515052722754e-02
5.907207757182834085e-01
-3.049951237206296462e+00
-1.605472670139657110e-01
-4.039538628701999645e-02
2.700321099900645505e-01
-3.778700726032447887e-01
-2.582577803018876184e-02
-1.178405926832494899e+00
-9.773336146896689502e-01
2.651188492001324448e+00
-6.815793332133268656e-01
1.195338168353882180e+00
-4.682281773568051086e-01
-3.092374967462605984e+00
-8.984028052304642298e-01
-1.481509572534576158e+00
-8.525751882918608526e-01
-1.751193283018458002e+00
-1.005173077383713753e+00
-3.558336368008444328e+00
-1.364180553144908936e+00
1.007299878946233962e+00
-8.395593889916765917e-01
2.923566803729412911e+00
1.670556980036135286e-01
-2.534814404235097296e-01
1.080499959865129034e+00
1.073209264900867321e+00
1.578540713383754568e+00
1.189550637220046836e+00
1.207688668581270885e+00
-2.525173040382217238e+00
4.740599070359151068e-01
-2.589926227048729851e-02
-1.675066002711939617e-01
3.057884922473946610e+00
-3.137960599796958405e-01
5.702110169981412513e-01
7.531763826743564927e-01
1.592135888316263514e+00
1.800199294022528429e+00
2.827180997617784630e+00
1.598376093054787894e+00
-1.730182473195399639e+00
9.999999999999836797e-01
-2.035735060352454440e+00
-4.194096916291155663e-01
6.864671892055936864e-01
-2.472588735626280787e+00
-1.707700138069691009e+00
-2.459581057784849367e+00
-1.333796471018997121e+00
-1.071186167056532579e+00
1.712332340760952087e+00
-3.868393938493255302e-01
-1.229137510502833042e+00
8.020893659882140092e-01
-2.427463016539144647e+00
1.181732913247949046e+00
6.449441849413272143e-01
-1.020147298096548250e+00
-1.056201558804595653e+00
-2.107891819731356087e+00
-1.800836392590904111e+00
-1.271941697663838244e+00
1.896462681472059764e+00
-1.009166859239840619e+00
6.768881216862228101e-01
8.410484768484245421e-01
-1.000000000000228706e+00
3.458217577260460196e+00
2.277964086566910851e+00
2.448616147378707808e+00
1.619405645615311862e+00
7.510480223913732489e-01
-4.872135811134986616e-01
5.443818037298662205e-01
2.157368273528977642e+00
-1.231669664983983559e+00
1.287179688263981658e+00
-1.501051675000778962e+00
-1.863945156931729130e+00
1.408635393252787527e+00
3.480711809820979941e-01
1.665882561112220550e+00
7.769715238372649768e-01
4.476671391302727843e-01
-1.528695759680211985e+00
9.009612871089535124e-01
6.970192095589664572e-01
-1.266313959889756813e+00
9.978520922461788789e-01
-3.707023419480501403e+00
-2.716202853246669768e+00
-1.618033988750190888e+00
-1.933446818509260146e+00
-5.074280204541599115e-01
-7.369329921912722847e-01
-9.828184910457534729e-01
-2.475449866109100228e+00
1.361251346530577777e+00
7.585657984718124913e-02
1.283393471715407630e+00
2.755056933679622233e+00
-1.607812468650173576e+00
3.125766046102689266e-01
-4.470697054687451377e-01
2.854299041664465353e-02
6.248360978641882557e-01
8.623513825801440991e-01
-7.704217232340974109e-01
-1.627283491055120823e+00
1.528393211323759271e+00
-6.382443987232825355e-01
3.122443944857918652e+00
2.895749524413667952e+00
2.948551833228081342e-01
2.091849361315925915e+00
5.573132194840355602e-01
1.558336368008488293e+00
1.600474556073189003e+00
2.129905121605906615e+00
-1.234418377725689853e+00
-1.261542726362975930e+00
-7.158542046465258268e-01
-3.074829662038666367e+00
1.382095242982098293e+00
-7.747029888153009747e-01
-1.301631726172033154e+00
-5.373251369678471168e-01
-1.591209582716909265e+00
-2.466356256196020613e-01
7.071399024059696892e-01
1.818699840121598355e+00
-1.541587312835650980e+00
5.992210849615753343e-02
-1.871264671482690378e+00
-2.684248167639080140e+00
1.066789964612445241e+00
-1.926775502413979879e+00
-9.679634182056080505e-01
-1.724962599278241582e+00
-2.167397395629159007e+00
-1.306159698219127252e+00
9.999999999999829026e-01
1.899652800062594515e+00
6.090535703807375967e-02
2.763959210242722175e+00
-6.792244145223549356e-01
9.981981366459897753e-01
3.122227074441061845e+00
7.971778997385949861e-01
2.120852089892780512e+00
7.414013188209445104e-04
-7.338420100202677210e-01
-1.246238846955783020e+00
1.339944457905659414e+00
4.717450569457474208e-01
3.176602212333174968e-01
2.021578973436512161e+00
-2.052294295784177880e+00
1.370570320089099514e+00
1.611859877980479805e+00
1.210066955262817823e+00
2.398711306130229204e+00
3.453480390479687356e-01
-8.335565799040258739e-01
-1.792939818525116635e+00
4.568107804006346084e-01
-1.977197537924434645e+00
-3.394061636058259279e-01
-1.039560891273228371e+00
-4.491813358405970291e+00
-9.182266231771746279e-01
-2.031373680657904135e+00
-2.838491637911025878e-01
7.835332910114600757e-01
1.615756273838824253e-01
-1.055945279153104321e+00
-6.783627894453954088e-01
1.110084637920878858e+00
-9.840546006990631422e-01
2.428234349050116148e+00
-4.973542663007651243e-01
-2.206682586160065629e+00
-2.014661097725676253e-01
-2.067221983241189776e+00
3.949108549153096392e-01
8.512393895074807926e-01
1.002559043030858854e+00
-7.296117246156661462e-01
1.030697171335894557e+00
1.358174767731970656e+00
9.927924771355850497e-01
