5.000000000000000000e+00
5.930732989348260764e-01
2.886683918514934555e-01
2.117689637669486036e+00
-6.171993868298730757e-02
7.055780259474504490e-01
-1.103233382292474474e+00
-1.119391227885625950e+00
7.428954497827925385e-01
6.922640611134427413e-01
-3.304615738369109934e-02
-8.498151452057484123e-01
2.724476835165134947e+00
9.276394272941843600e-01
-1.863401575771780783e+00
7.542325497442445847e-01
-1.818935420463490660e+00
-1.005702373615158018e+00
-1.047313249985091677e+00
-4.383714217018521708e+00
-3.125100495412641566e-01
6.519002774114768251e-03
-1.840900124993341880e+00
-6.786094384374453670e-01
4.212640246550815037e-01
1.235135560135563804e+00
-9.624682753511665245e-01
-4.766271895532967484e-01
-8.127544563922357579e-01
-1.062589080394088947e+00
5.873281706884466713e-01
-3.392090912861159602e+00
-7.116546316731225952e-01
2.501029529144685348e+00
-1.090795777775769526e+00
1.205704222174341478e+00
1.727779968938967237e+00
1.637900863791267314e+00
2.754147233824627339e+00
1.196272232898073495e-01
3.019527491334499381e-01
9.784478660484012824e-01
1.124878033823047518e+00
-1.030273715278069435e+00
-1.222785217309227068e+00
2.851991923058394551e+00
2.886739471541588387e-01
5.868232044811274584e-01
2.239507109824594444e+00
9.523797091035035578e-02
3.045084971874750579e+00
3.901625736298329761e-01
-2.256592452912408397e+00
9.415283987191631621e-01
-6.551958868670310077e-01
-2.013532031216712426e+00
-2.175094522835143263e+00
-6.757616966401076564e-01
1.005192708217067521e-01
-1.058999940636797144e+00
2.192109152415248063e-01
-1.073986271313392082e+00
9.107928316737927688e-01
9.181631625180445289e-01
-3.943368256976340636e+00
-3.164894926465451341e-01
-3.948267332417662590e-01
-3.054263115154601138e+00
-1.027692377732509543e+00
-1.992938870230672510e+00
8.651596322811005990e-02
1.134087380084809027e+00
-4.028578796447041532e-01
4.635026487544111617e-01
1.611992386928325249e+00
2.381389745627298105e+00
-1.179183533506724446e+00
-3.940898227309844737e-01
1.834067762250223499e+00
-1.355314523733352150e+00
5.739016268073268145e-01
-2.031905730577384384e-01
-2.295905570701411991e-01
3.940617170553819548e+00
5.392207903372642219e-01
5.980205476047741886e-01
3.178889937214898431e+00
1.870203300196451313e+00
7.679761325164552455e-01
-6.708461875452731427e-01
4.828092932376906732e-01
-2.666903398034884409e-01
-6.839840254764159022e-01
-5.803834085394380393e-01
-2.026015627830693777e+00
2.303766533735937205e+00
6.968414697832372440e-01
-2.122684559534568027e+00
2.063704220656679134e+00
8.716863171422839507e-02
-6.909830056250286789e-01
-7.809999146114843249e-01
-2.967913384774409913e+00
-8.128862751972428802e-01
-1.331249626177364753e+00
-2.545647297013117427e+00
-2.262174303623980531e+00
1.237459391253479257e-01
1.195369348758713812e+00
-1.990221758045094269e+00
7.816865598587443564e-01
1.086279916839770987e+00
-7.463515180948563366e-01
1.062411335590431660e+00
-2.542891232103518639e+00
-8.723736150193255323e-01
1.595632547514014288e+00
-2.160577955462533950e+00
-5.177678424665813628e-01
1.313040568258959873e+00
1.870389811493236909e+00
1.495632573795078635e+00
9.704407950638961333e-01
2.400570772643576767e+00
1.367771526053226383e+00
2.000000000000013767e+00
-4.193471041403791233e-01
-1.432249547480905827e+00
2.825843621280886619e+00
-9.623186115146245001e-01
-1.264011139780537141e+00
1.912580691884289807e+00
3.074125594481013080e-01
2.113843521845403028e+00
8.056851618058953335e-01
-2.768933254193404192e-01
1.701549749956045243e+00
4.243007751306117070e-01
-1.363872289190770193e+00
-2.685197509342729383e+00
-1.193682170987729052e-01
-9.247318872217802355e-01
-3.343423422890480001e+00
-3.422879100210107772e-02
-1.153763330396565090e+00
1.866552652127334844e-01
1.209348962918531889e+00
-2.713166996995228342e+00
7.981361934156567806e-01
8.451907117161830962e-01
-2.545084971874766566e+00
-1.685942379234274258e+00
-1.460703683638962636e+00
-4.937793848803779806e-01
-1.437860924169108934e+00
-9.259158028196506907e-01
2.227884281051226711e-01
8.312282580530973020e-01
2.907656001645615440e+00
-7.037696863962674687e-01
7.144253357789485115e-01
3.631082894308060194e+00
-1.063303051863550230e+00
5.749843313993718841e-02
2.495545548124968593e-01
-5.204071971239787597e-01
1.775955574015038341e+00
-4.182582353189222557e-01
2.951040518491996334e-01
2.504672508209544013e+00
2.636648988123218906e+00
1.019239977856791990e+00
7.492186195516048475e-02
2.936541841201152803e+00
1.268962201136777934e-01
-1.145321768127514739e+00
2.645345496734541335e-02
-2.407499238046157952e+00
8.401010557018635527e-01
-4.684066788440565676e-01
-2.922303948987210909e+00
1.685000508681615994e+00
8.321721683349911913e-01
-4.969792885006749650e-01
-4.362536689638567555e-01
-4.714098891719072926e-01
-5.053867163403613638e-03
-1.927026279942710252e+00
-1.919655949098451941e+00
-2.874435852826345617e+00
-1.007110297060060500e+00
2.279195384311574202e-01
-3.651761674477000952e+00
4.802414872426046255e-01
1.867156161286020799e+00
-8.222559545423492322e-01
1.320876588107744443e+00
-5.042852226619534139e-01
3.125958636207369912e-01
1.248283268265826473e+00
-1.809016994374972320e+00
-1.147525284303409610e+00
3.029449086455653362e-01
1.322166419724251751e+00
-6.247484930306835826e-01
3.585586918720881089e-01
3.524267152461076691e+00
1.095787210057082017e+00
2.397480901411943144e+00
1.336728498303999757e+00
-2.243393986526796002e-01
3.308817268737634709e+00
-8.264455004882029776e-01
-1.933227783138352418e+00
1.232456737823814485e+00
-8.469593157706678532e-03
1.203357515759505558e-01
-2.773575529755409885e-01
9.624994811867934041e-01
1.588863713135560296e+00
7.905225602278432850e-01
3.215696260082733238e-01
-1.803709488022716023e+00
1.079627726571010582e+00
-6.363054721689349602e-01
-4.471203537635364711e+00
-3.570732275503968323e-01
-1.491167752921343403e+00
-1.685153147199049739e+00
-1.284196660329924855e-01
-2.046481982259157117e+00
9.677765829980083945e-01
1.136830398108377160e+00
-1.142351700516543112e+00
-1.096018224803363861e+00
-9.191420698434527026e-02
2.644839832688804515e-01
-3.037863234579798455e+00
-1.237764724444074815e+00
8.473663058302105533e-03
-1.116220783055064780e+00
1.709053648206478204e+00
-7.896298833998629529e-01
9.090359448671438969e-01
4.328854642435758571e+00
-9.919935423478531966e-02
5.950339009634452170e-01
1.678594778675238652e+00
6.796528333111062636e-01
3.553511229779566793e-01
-1.000000000000000000e+00
3.553511229779516833e-01
6.796528333110665177e-01
1.678594778675243537e+00
5.950339009634012521e-01
-9.919935423478953851e-02
4.328854642435777222e+00
9.090359448671134768e-01
-7.896298833998477429e-01
1.709053648206501075e+00
-1.116220783055090315e+00
8.473663058299774065e-03
-1.237764724444105680e+00
-3.037863234579825100e+00
2.644839832687979619e-01
-9.191420698440200265e-02
-1.096018224803505081e+00
-1.142351700516641699e+00
1.136830398108428897e+00
9.677765829978766110e-01
-2.046481982259169996e+00
-1.284196660329607331e-01
-1.685153147199230705e+00
-1.491167752921325418e+00
-3.570732275505249520e-01
-4.471203537635409120e+00
-6.363054721687517734e-01
1.079627726570917101e+00
-1.803709488022724017e+00
3.215696260083579228e-01
7.905225602278113106e-01
1.588863713135650446e+00
9.624994811867926270e-01
-2.773575529754449542e-01
1.203357515760411500e-01
-8.469593157682364648e-03
1.232456737823819370e+00
-1.933227783138253386e+00
-8.264455004883284328e-01
3.308817268737627604e+00
-2.243393986526657224e-01
1.336728498303911383e+00
2.397480901411877419e+00
1.095787210057054928e+00
3.524267152461161956e+00
3.585586918722394323e-01
-6.247484930306312911e-01
1.322166419724322139e+00
3.029449086455480167e-01
-1.147525284303414050e+00
-1.809016994374891052e+00
1.248283268265852008e+00
3.125958636207183394e-01
-5.042852226618772526e-01
1.320876588107769756e+00
-8.222559545423926419e-01
1.867156161286133598e+00
4.802414872425831982e-01
-3.651761674476964536e+00
2.279195384312409089e-01
-1.007110297060037407e+00
-2.874435852826378035e+00
-1.919655949098437953e+00
-1.927026279942682496e+00
-5.053867163418823694e-03
-4.714098891719020190e-01
-4.362536689637533938e-01
-4.969792885006943939e-01
8.321721683350471466e-01
1.685000508681666842e+00
-2.922303948987143407e+00
-4.684066788439266160e-01
8.401010557019423786e-01
-2.407499238046128198e+00
2.645345496738982227e-02
-1.145321768127568696e+00
1.268962201136836776e-01
2.936541841201072867e+00
7.492186195518923952e-02
1.019239977856862822e+00
2.636648988123255322e+00
2.504672508209602189e+00
2.951040518490807285e-01
-4.182582353188232238e-01
1.775955574015148919e+00
-5.204071971240398220e-01
2.495545548126497371e-01
5.749843313987845761e-02
-1.063303051863444537e+00
3.631082894308110376e+00
7.144253357788503678e-01
-7.037696863961488969e-01
2.907656001645690935e+00
8.312282580529919418e-01
2.227884281051355497e-01
-9.259158028195504375e-01
-1.437860924169056087e+00
-4.937793848803405661e-01
-1.460703683638995276e+00
-1.685942379234351307e+00
-2.545084971874854940e+00
8.451907117160375460e-01
7.981361934156139259e-01
-2.713166996995270530e+00
1.209348962918475490e+00
1.866552652127360101e-01
-1.153763330396623488e+00
-3.422879100204634373e-02
-3.343423422890505314e+00
-9.247318872218875940e-01
-1.193682170988081270e-01
-2.685197509342771571e+00
-1.363872289190804166e+00
4.243007751305482023e-01
1.701549749955989066e+00
-2.768933254193566840e-01
8.056851618059387432e-01
2.113843521845319540e+00
3.074125594481107449e-01
1.912580691884294026e+00
-1.264011139780658377e+00
-9.623186115145574426e-01
2.825843621280863083e+00
-1.432249547480966445e+00
-4.193471041403596944e-01
1.999999999999973133e+00
1.367771526053106479e+00
2.400570772643534134e+00
9.704407950639040159e-01
1.495632573795091069e+00
1.870389811493287313e+00
1.313040568259099095e+00
-5.177678424665882462e-01
-2.160577955462513522e+00
1.595632547514064470e+00
-8.723736150195918748e-01
-2.542891232103482668e+00
1.062411335590394579e+00
-7.463515180949480410e-01
1.086279916839722581e+00
7.816865598586631991e-01
-1.990221758045112921e+00
1.195369348758732020e+00
1.237459391253096230e-01
-2.262174303623962768e+00
-2.545647297013206245e+00
-1.331249626177350764e+00
-8.128862751973161549e-01
-2.967913384774514718e+00
-7.809999146113881796e-01
-6.909830056251484720e-01
8.716863171429611867e-02
2.063704220656600530e+00
-2.122684559534690596e+00
6.968414697834752758e-01
2.303766533735805311e+00
-2.026015627830734189e+00
-5.803834085395116471e-01
-6.839840254763963623e-01
-2.666903398035547212e-01
4.828092932378560964e-01
-6.708461875452826906e-01
7.679761325164063956e-01
1.870203300196521923e+00
3.178889937214805617e+00
5.980205476048061630e-01
5.392207903373479327e-01
3.940617170553867510e+00
-2.295905570701003429e-01
-2.031905730576015201e-01
5.739016268072676397e-01
-1.355314523733372578e+00
1.834067762250232381e+00
-3.940898227310630775e-01
-1.179183533506904080e+00
2.381389745627345178e+00
1.611992386928359666e+00
4.635026487544292584e-01
-4.028578796445952404e-01
1.134087380084815022e+00
8.651596322805599204e-02
-1.992938870230585913e+00
-1.027692377732475570e+00
-3.054263115154665975e+00
-3.948267332416556252e-01
-3.164894926465395830e-01
-3.943368256976369501e+00
9.181631625180377565e-01
9.107928316736880747e-01
-1.073986271313452923e+00
2.192109152415898654e-01
-1.058999940636682124e+00
1.005192708218112241e-01
-6.757616966400312730e-01
-2.175094522835069100e+00
-2.013532031216734630e+00
-6.551958868669747194e-01
9.415283987191747084e-01
-2.256592452912502988e+00
3.901625736300218250e-01
3.045084971874770119e+00
9.523797091037233820e-02
2.239507109824717457e+00
5.868232044812242698e-01
2.886739471542425495e-01
2.851991923058372347e+00
-1.222785217309222849e+00
-1.030273715278064106e+00
1.124878033823085932e+00
9.784478660484474677e-01
3.019527491333658942e-01
1.196272232898365484e-01
2.754147233824693952e+00
1.637900863791122319e+00
1.727779968938920385e+00
1.205704222174310836e+00
-1.090795777775735331e+00
2.501029529144865649e+00
-7.116546316733209920e-01
-3.392090912861100094e+00
5.873281706884787567e-01
-1.062589080394030328e+00
-8.127544563922214360e-01
-4.766271895532118719e-01
-9.624682753512570077e-01
1.235135560135504296e+00
4.212640246551094814e-01
-6.786094384374943278e-01
-1.840900124993294362e+00
6.519002774206916762e-03
-3.125100495411748946e-01
-4.383714217018496839e+00
-1.047313249985109440e+00
-1.005702373615275258e+00
-1.818935420463569930e+00
7.542325497442541327e-01
-1.863401575771753471e+00
9.276394272943064845e-01
2.724476835165178468e+00
-8.498151452056076360e-01
-3.304615738362481903e-02
6.922640611135203459e-01
7.428954497828462733e-01
-1.119391227885633722e+00
-1.103233382292425624e+00
7.055780259474935256e-01
-6.171993868296254959e-02
2.117689637669490477e+00
2.886683918513887614e-01
5.930732989348580508e-01
5.000000000000000000e+00
5.930732989348159734e-01
2.886683918515272618e-01
2.117689637669510461e+00
-6.171993868289538110e-02
7.055780259475518124e-01
-1.103233382292464260e+00
-1.119391227885613294e+00
7.428954497828031966e-01
6.922640611134771582e-01
-3.304615738372407296e-02
-8.498151452056392774e-01
2.724476835165233535e+00
9.276394272942523056e-01
-1.863401575771650220e+00
7.542325497443044258e-01
-1.818935420463485109e+00
-1.005702373615059209e+00
-1.047313249985166728e+00
-4.383714217018443549e+00
-3.125100495410552126e-01
6.519002774054372118e-03
-1.840900124993254616e+00
-6.786094384374560251e-01
4.212640246551172529e-01
1.235135560135582899e+00
-9.624682753511506483e-01
-4.766271895531076219e-01
-8.127544563921291765e-01
-1.062589080393946617e+00
5.873281706884904141e-01
-3.392090912861131180e+00
-7.116546316729279731e-01
2.501029529144575658e+00
-1.090795777775842357e+00
1.205704222174469153e+00
1.727779968938893740e+00
1.637900863791434958e+00
2.754147233824538077e+00
1.196272232898092369e-01
3.019527491335387559e-01
9.784478660484365875e-01
1.124878033822944268e+00
-1.030273715278189783e+00
-1.222785217309051875e+00
2.851991923058477152e+00
2.886739471540754054e-01
5.868232044813086468e-01
2.239507109824502962e+00
9.523797091037478069e-02
3.045084971874911783e+00
3.901625736295450952e-01
-2.256592452912149938e+00
9.415283987192987203e-01
-6.551958868671231562e-01
-2.013532031216680451e+00
-2.175094522835188116e+00
-6.757616966400262770e-01
1.005192708216054998e-01
-1.058999940636758730e+00
2.192109152416649165e-01
-1.073986271313393637e+00
9.107928316740723229e-01
9.181631625182620215e-01
-3.943368256976284680e+00
-3.164894926467607394e-01
-3.948267332416057762e-01
-3.054263115154727259e+00
-1.027692377732549733e+00
-1.992938870230713810e+00
8.651596322797161509e-02
1.134087380084935592e+00
-4.028578796446830035e-01
4.635026487544139373e-01
1.611992386928310150e+00
2.381389745627447319e+00
-1.179183533506585668e+00
-3.940898227309731494e-01
1.834067762250412237e+00
-1.355314523733230470e+00
5.739016268073067195e-01
-2.031905730577162061e-01
-2.295905570702719833e-01
3.940617170553815996e+00
5.392207903374188760e-01
5.980205476046127622e-01
3.178889937214979700e+00
1.870203300196554341e+00
7.679761325166056807e-01
-6.708461875451992018e-01
4.828092932377588964e-01
-2.666903398034614625e-01
-6.839840254763043248e-01
-5.803834085393768660e-01
-2.026015627830742183e+00
2.303766533735905675e+00
6.968414697834455218e-01
-2.122684559534597781e+00
2.063704220656642274e+00
8.716863171432798207e-02
-6.909830056250905184e-01
-7.809999146113681956e-01
-2.967913384774318430e+00
-8.128862751971914768e-01
-1.331249626177331669e+00
-2.545647297013115207e+00
-2.262174303624103100e+00
1.237459391252587748e-01
1.195369348758756445e+00
-1.990221758045076061e+00
7.816865598588464970e-01
1.086279916839875126e+00
-7.463515180947691841e-01
1.062411335590478734e+00
-2.542891232103477783e+00
-8.723736150193786010e-01
1.595632547513997412e+00
-2.160577955462419375e+00
-5.177678424665158596e-01
1.313040568258996066e+00
1.870389811493383903e+00
1.495632573795022680e+00
9.704407950638851421e-01
2.400570772643665585e+00
1.367771526053261688e+00
2.000000000000196732e+00
-4.193471041402816457e-01
-1.432249547480790586e+00
2.825843621280923479e+00
-9.623186115144675146e-01
-1.264011139780520487e+00
1.912580691884164796e+00
3.074125594481684765e-01
2.113843521845375939e+00
8.056851618058720188e-01
-2.768933254191920934e-01
1.701549749956205337e+00
4.243007751306030473e-01
-1.363872289190686482e+00
-2.685197509342736488e+00
-1.193682170988513702e-01
-9.247318872218978081e-01
-3.343423422890435148e+00
-3.422879100202214087e-02
-1.153763330396565312e+00
1.866552652129080669e-01
1.209348962918334935e+00
-2.713166996995204805e+00
7.981361934158472948e-01
8.451907117160550875e-01
-2.545084971874597368e+00
-1.685942379234115052e+00
-1.460703683638983952e+00
-4.937793848802841667e-01
-1.437860924169232835e+00
-9.259158028196754486e-01
2.227884281051117910e-01
8.312282580532028842e-01
2.907656001645519961e+00
-7.037696863963404104e-01
7.144253357793186598e-01
3.631082894307934961e+00
-1.063303051863541793e+00
5.749843314010871786e-02
2.495545548124082913e-01
-5.204071971237480554e-01
1.775955574015137817e+00
-4.182582353190483770e-01
2.951040518493565079e-01
2.504672508209710990e+00
2.636648988123232673e+00
1.019239977856754242e+00
7.492186195530203818e-02
2.936541841201223413e+00
1.268962201134301304e-01
-1.145321768127228079e+00
2.645345496731299484e-02
-2.407499238046087342e+00
8.401010557021790781e-01
-4.684066788445313545e-01
-2.922303948987140743e+00
1.685000508681925746e+00
8.321721683348052290e-01
-4.969792885004784555e-01
-4.362536689637457332e-01
-4.714098891718285778e-01
-5.053867163442360422e-03
-1.927026279942654075e+00
-1.919655949098371117e+00
-2.874435852826376703e+00
-1.007110297060277215e+00
2.279195384312415751e-01
-3.651761674477004060e+00
4.802414872423268477e-01
1.867156161286318783e+00
-8.222559545423531180e-01
1.320876588107742666e+00
-5.042852226618544931e-01
3.125958636205839469e-01
1.248283268265950152e+00
-1.809016994374737175e+00
-1.147525284303411386e+00
3.029449086455150431e-01
1.322166419724407627e+00
-6.247484930307469764e-01
3.585586918719105842e-01
3.524267152461188157e+00
1.095787210057102889e+00
2.397480901412048837e+00
1.336728498304221580e+00
-2.243393986527061346e-01
3.308817268737635153e+00
-8.264455004880408850e-01
-1.933227783138420142e+00
1.232456737823806492e+00
-8.469593157617416601e-03
1.203357515760814511e-01
-2.773575529755265556e-01
9.624994811867737532e-01
1.588863713135574507e+00
7.905225602278576069e-01
3.215696260083761304e-01
-1.803709488022640972e+00
1.079627726570959956e+00
-6.363054721687934068e-01
-4.471203537635273229e+00
-3.570732275505090758e-01
-1.491167752921212841e+00
-1.685153147199070833e+00
-1.284196660331192730e-01
-2.046481982259118926e+00
9.677765829979435575e-01
1.136830398108345186e+00
-1.142351700516358370e+00
-1.096018224803360752e+00
-9.191420698431684855e-02
2.644839832690060177e-01
-3.037863234579923688e+00
-1.237764724444158970e+00
8.473663058231162282e-03
-1.116220783055059673e+00
1.709053648206422471e+00
-7.896298833998272038e-01
9.090359448672462594e-01
4.328854642435697286e+00
-9.919935423473547065e-02
5.950339009635676746e-01
1.678594778675373878e+00
6.796528333113333042e-01
3.553511229781827763e-01
-1.000000000000000000e+00
3.553511229780543790e-01
6.796528333112255016e-01
1.678594778675234878e+00
5.950339009634216803e-01
-9.919935423461556656e-02
4.328854642435723932e+00
9.090359448672624687e-01
-7.896298833996679978e-01
1.709053648206388054e+00
-1.116220783054949539e+00
8.473663058481628596e-03
-1.237764724444182951e+00
-3.037863234579806004e+00
2.644839832688824499e-01
-9.191420698452723581e-02
-1.096018224803340546e+00
-1.142351700516516910e+00
1.136830398108499729e+00
9.677765829979699808e-01
-2.046481982259131804e+00
-1.284196660329095518e-01
-1.685153147199186963e+00
-1.491167752921087386e+00
-3.570732275504516773e-01
-4.471203537635321190e+00
-6.363054721686232096e-01
1.079627726570772772e+00
-1.803709488022825047e+00
3.215696260083157343e-01
7.905225602276745311e-01
1.588863713135640010e+00
9.624994811868862188e-01
-2.773575529754149782e-01
1.203357515760302698e-01
-8.469593157564903052e-03
1.232456737823751425e+00
-1.933227783138525169e+00
-8.264455004878755728e-01
3.308817268737551665e+00
-2.243393986527739692e-01
1.336728498304213808e+00
2.397480901411817911e+00
1.095787210057236116e+00
3.524267152461184605e+00
3.585586918719836369e-01
-6.247484930304820772e-01
1.322166419724380759e+00
3.029449086454911733e-01
-1.147525284303527959e+00
-1.809016994374847753e+00
1.248283268266031865e+00
3.125958636204558272e-01
-5.042852226617446920e-01
1.320876588107732008e+00
-8.222559545424907856e-01
1.867156161286464222e+00
4.802414872423896863e-01
-3.651761674476885489e+00
2.279195384315072515e-01
-1.007110297060317183e+00
-2.874435852826421112e+00
-1.919655949098452608e+00
-1.927026279942606113e+00
-5.053867163528957818e-03
-4.714098891718434547e-01
-4.362536689637770970e-01
-4.969792885006539818e-01
8.321721683349504461e-01
1.685000508681850473e+00
-2.922303948986906263e+00
-4.684066788439831819e-01
8.401010557020621716e-01
-2.407499238046239221e+00
2.645345496732265378e-02
-1.145321768127506523e+00
1.268962201132826928e-01
2.936541841201080416e+00
7.492186195512473557e-02
1.019239977856873480e+00
2.636648988123146964e+00
2.504672508209517368e+00
2.951040518492099585e-01
-4.182582353189607804e-01
1.775955574015111171e+00
-5.204071971239949690e-01
2.495545548123760671e-01
5.749843314010116835e-02
-1.063303051863687454e+00
3.631082894307915865e+00
7.144253357789114300e-01
-7.037696863962281668e-01
2.907656001645689159e+00
8.312282580532626142e-01
2.227884281052637805e-01
-9.259158028194245382e-01
-1.437860924168768761e+00
-4.937793848802755070e-01
-1.460703683638886918e+00
-1.685942379234202537e+00
-2.545084971874712831e+00
8.451907117162434924e-01
7.981361934156662175e-01
-2.713166996995154623e+00
1.209348962918680215e+00
1.866552652128448397e-01
-1.153763330396502695e+00
-3.422879100208642278e-02
-3.343423422890407615e+00
-9.247318872218469599e-01
-1.193682170989460445e-01
-2.685197509342692523e+00
-1.363872289190893650e+00
4.243007751305243325e-01
1.701549749955906687e+00
-2.768933254195474758e-01
8.056851618059259756e-01
2.113843521845553131e+00
3.074125594481931234e-01
1.912580691884209649e+00
-1.264011139780346182e+00
-9.623186115144174435e-01
2.825843621280875961e+00
-1.432249547480990870e+00
-4.193471041402606625e-01
2.000000000000031974e+00
1.367771526053388920e+00
2.400570772643510153e+00
9.704407950639295510e-01
1.495632573795202980e+00
1.870389811493438526e+00
1.313040568258969198e+00
-5.177678424665270729e-01
-2.160577955462321231e+00
1.595632547514238775e+00
-8.723736150195491312e-01
-2.542891232103432930e+00
1.062411335590441208e+00
-7.463515180949116257e-01
1.086279916839831827e+00
7.816865598584297192e-01
-1.990221758044995459e+00
1.195369348759001804e+00
1.237459391252850871e-01
-2.262174303623884164e+00
-2.545647297013241328e+00
-1.331249626177260836e+00
-8.128862751972141254e-01
-2.967913384774545804e+00
-7.809999146114335877e-01
-6.909830056249558483e-01
8.716863171447286618e-02
2.063704220656689792e+00
-2.122684559534515625e+00
6.968414697836413652e-01
2.303766533735875477e+00
-2.026015627830775045e+00
-5.803834085392740594e-01
-6.839840254763531746e-01
-2.666903398032017813e-01
4.828092932375131485e-01
-6.708461875453919365e-01
7.679761325164438102e-01
1.870203300196500606e+00
3.178889937214763428e+00
5.980205476044776480e-01
5.392207903375759726e-01
3.940617170553795567e+00
-2.295905570703683507e-01
-2.031905730575114533e-01
5.739016268069728754e-01
-1.355314523733207599e+00
1.834067762250366496e+00
-3.940898227314349467e-01
-1.179183533506582560e+00
2.381389745627472188e+00
1.611992386928260856e+00
4.635026487544370299e-01
-4.028578796443870735e-01
1.134087380085095909e+00
8.651596322803489780e-02
-1.992938870230514858e+00
-1.027692377732499329e+00
-3.054263115154480346e+00
-3.948267332412909170e-01
-3.164894926468488912e-01
-3.943368256976392150e+00
9.181631625183805934e-01
9.107928316737015084e-01
-1.073986271313323027e+00
2.192109152416698015e-01
-1.058999940636679238e+00
1.005192708217292896e-01
-6.757616966399092595e-01
-2.175094522834897681e+00
-2.013532031216809681e+00
-6.551958868671352576e-01
9.415283987192888393e-01
-2.256592452912379088e+00
3.901625736293682922e-01
3.045084971874681301e+00
9.523797091036456663e-02
2.239507109824746323e+00
5.868232044813299630e-01
2.886739471540680224e-01
2.851991923058484257e+00
-1.222785217309067640e+00
-1.030273715278239743e+00
1.124878033822968471e+00
9.784478660483926227e-01
3.019527491336162495e-01
1.196272232897468424e-01
2.754147233824519425e+00
1.637900863791081241e+00
1.727779968939015642e+00
1.205704222174551310e+00
-1.090795777775667386e+00
2.501029529144763508e+00
-7.116546316726516386e-01
-3.392090912861013052e+00
5.873281706883699549e-01
-1.062589080394213514e+00
-8.127544563922706189e-01
-4.766271895532396830e-01
-9.624682753512024957e-01
1.235135560135422805e+00
4.212640246550806156e-01
-6.786094384374056210e-01
-1.840900124993453790e+00
6.519002774063920036e-03
-3.125100495413484225e-01
-4.383714217018637171e+00
-1.047313249985275752e+00
-1.005702373615547263e+00
-1.818935420463724917e+00
7.542325497441442206e-01
-1.863401575771961971e+00
9.276394272939769703e-01
2.724476835164987065e+00
-8.498151452059170552e-01
-3.304615738374638845e-02
6.922640611133276112e-01
7.428954497826796288e-01
-1.119391227885485396e+00
-1.103233382292371889e+00
7.055780259472488325e-01
-6.171993868327851906e-02
2.117689637669423419e+00
2.886683918513816560e-01
5.930732989349358775e-01
