5.000000000000000000e+00
1.154078936408362566e+00
-1.648271481021454377e-01
1.756344310492108152e+00
1.062132618172377807e+00
1.059322740222227388e+00
-1.075209872922430421e+00
-6.947498559712665944e-01
6.930833809339744800e-01
-8.588634643725545637e-01
1.687831436109908489e+00
1.072312827322014162e+00
-1.287858152118661614e+00
2.187205774848379747e+00
2.469722497458758159e+00
7.645378602395745959e-01
-7.768381306314210422e-01
-1.080561228843204713e+00
1.859935910975447193e+00
-1.141425777991467161e+00
-3.306634421939775415e+00
-5.025590124103290757e-01
-1.637687487882614423e+00
-8.825180928526061841e-01
-1.493499424558225597e-02
-1.306083010930553012e+00
-1.377051447335513323e-01
-3.180344325268738004e-01
1.270090619364023343e+00
6.495061263871175772e-01
-3.529739632015690631e+00
-5.348804541172050842e-01
6.283422206285965705e-01
-2.611797348963987186e+00
-2.660469045434866064e+00
-2.555204360771172301e+00
-4.140783078984640042e-01
-4.745514422406547084e-01
-2.047201949271683752e+00
6.624634332561769590e-01
-3.232612534619948574e-01
-8.301731177135851514e-02
2.520316145018052012e+00
-6.313678664964552656e-01
-1.367164466817293755e+00
-3.740000329759540776e-02
3.541808596505932050e-01
6.360340435961953087e-02
-3.350321083764486119e+00
-8.729341819248179757e-01
2.148282725207313781e+00
-7.595383195190654746e-01
4.054532922082068058e-01
1.282656177588024748e+00
1.172841973766033385e+00
2.722557320452762220e+00
1.388205591455309751e+00
1.531731255222195998e+00
3.209233567251150721e-01
-3.834321954520911735e-01
2.868534573838810608e+00
-2.890039166281114791e-01
-2.380757457278123379e+00
1.101283964793827952e+00
1.480578597071124491e+00
1.418926076152236426e+00
6.472341364796690977e-02
8.433124125692859074e-01
3.710939531499259036e+00
1.139397548339260879e+00
1.311110311609273937e+00
1.785543855377241584e+00
-1.125440757576927187e+00
7.707405186164202338e-01
8.243764163650560972e-01
-1.266456598512638809e+00
-1.583214323810325563e+00
-1.469323401507255156e+00
1.952310757745397529e+00
4.558757243754697486e-01
-2.440883977271489425e+00
1.503587111685926958e+00
1.591042651949900133e+00
1.884152447755618742e-01
2.098934823839346819e-01
-1.340720134438153854e+00
-3.137858328937479513e-01
-1.270957406876841889e+00
-1.665792762852536857e+00
-8.880377569905082424e-01
-4.021509420618492037e+00
-1.509488646546296664e+00
1.298755883946824952e+00
-1.741245613673039649e+00
-1.512574100883760542e+00
-3.230499627953792308e-01
1.352316654786867689e+00
8.691546857080596489e-01
-2.576240380430029120e+00
-3.055370536473068221e-01
-1.909830056250642616e-01
-2.314290319087175973e+00
-4.680940781258507988e-01
-2.158056536754048960e+00
-2.431165728838982076e+00
-1.643074645396893629e-01
1.500412964770984070e-01
8.401101785129148070e-01
-1.353594671102548608e+00
2.789775340505893375e-01
4.021421874201434044e+00
1.440923540162881711e-01
-8.066150020836941881e-01
8.663182243145595152e-01
2.522128708075065395e-01
6.504988350693455823e-01
-1.214772528863148793e+00
-6.179911051241544495e-01
5.710532486991350964e-01
-5.274330334822598942e-01
2.546577584510149705e+00
1.593440011680676394e+00
-6.555951499622273415e-01
2.967296292596879326e+00
3.226426618623530640e+00
1.707106781186584765e+00
3.151733014103641484e-02
-1.478429158512315489e-01
2.839044522163129081e+00
-1.218619127738674590e-01
-1.729200433321403274e+00
8.662414965915722354e-01
-4.570053631652972737e-01
7.835255033039314476e-01
1.670346683173983715e+00
2.439067961659650008e-01
1.106843046288034760e+00
8.527689379336131914e-01
2.670522654904790905e+00
1.581905957601072332e+00
-2.726172269828396999e+00
3.424637895789999775e-01
1.157943367723278438e+00
-1.866594120157176295e+00
-1.888166091311641592e+00
-2.057034561344860180e+00
1.836427449948249691e-02
-1.497331940255928195e-01
-1.492742529486119407e+00
8.401790922671681372e-01
-7.850114612046676932e-01
-2.887228795835339867e-01
2.146829985815209341e+00
-1.402838715162247674e+00
-2.252389125574207007e+00
-1.140572704784489133e+00
-6.021808271248640931e-01
-9.805995525428097270e-01
-4.457159786495497045e+00
-1.819745287690627489e+00
8.313501048109215308e-01
-1.869209053301921664e+00
-4.378199054237861265e-01
-7.351613070714294040e-02
-2.997442459708586360e-01
1.305156946656943262e+00
8.920121011888970664e-02
1.645233700565700841e-01
-1.442318430401122953e+00
-1.739165547547304236e+00
1.757620217577009480e+00
-1.519267753598692705e+00
-3.210555458807130780e+00
2.812692326797048281e-01
7.553224173307627742e-01
1.053236711707682627e+00
-2.573300922325961748e-01
6.177922710026840791e-01
3.242185454392146227e+00
8.489683182685937579e-01
1.554764175758003963e+00
1.652071186615168497e+00
-1.258694456072672718e+00
1.097430988849001032e+00
1.317013911968063722e+00
-5.126770733388007484e-01
-8.562702661955832184e-01
-4.991946956835740523e-01
3.228908261087358067e+00
1.600631521373451438e+00
-9.757897730742914888e-01
2.846915477316728893e+00
2.573199878240155947e+00
1.548446828759044491e+00
1.575944317596396971e+00
-1.749497876883493452e-01
7.182466014832787904e-01
-1.808127382436709452e-01
-9.350113565903950263e-02
4.108731510846985735e-01
-2.927050983124852124e+00
-5.343398764097218034e-02
2.551219568784805602e+00
-5.258700207221880252e-01
-3.791123124757883600e-01
4.204108946682655334e-01
2.005256671815669911e+00
1.280555335438936959e+00
-2.143576401014090749e+00
-7.566910484480127153e-02
-5.570337200931929633e-01
-2.333054771405634220e+00
-3.481488094795476274e-01
-2.456519248993567217e+00
-2.776156920429396546e+00
-5.839673002049058370e-01
-1.443412233838522463e-01
3.428453497343298961e-01
-2.279572898737668663e+00
-5.494126079836211263e-01
2.843411267959664812e+00
-1.186132522684772983e+00
-1.929307622250076459e+00
-6.999380674748912901e-01
-1.386479687838790609e+00
-7.489670022681353956e-01
-2.464302300923217004e+00
-1.801737528438598801e+00
-9.622705234593667001e-01
-1.710763568248066413e+00
1.735182564845868747e+00
3.692584989576338517e-01
-1.804075724494250466e+00
1.859900732064860840e+00
2.064368861509381148e+00
7.502071309458530068e-01
-1.016196450687606667e+00
-1.031413136933704511e+00
2.009567616955564517e+00
-7.937214406666739386e-01
-1.733625781030721624e+00
7.088583863115998085e-01
-6.733233881369340423e-01
1.152962345918517206e+00
2.176976956866571999e+00
7.820898241723599487e-01
1.482871209102696541e+00
1.328024764495329801e+00
3.526457949213044785e+00
2.175222365378473466e+00
-1.999999999999990230e+00
1.289705903300489842e+00
1.938477151917394448e+00
-6.341562703912239085e-01
-4.478920685638519972e-01
-7.181323150886268492e-01
1.417418765822965110e+00
1.291082397347369737e+00
3.339230151345705666e-01
2.377015253537974715e+00
2.506036215982672677e-01
1.096404709692810897e+00
3.414867556553274675e+00
-4.014400976229524076e-01
-1.291777032056909746e+00
-3.739596247585550426e-01
3.240013521703070110e-01
-1.369023681529877301e-01
-3.644539419225980126e+00
-9.344089516441160814e-01
1.237802790516104867e+00
-1.299038350708265899e+00
2.734487027212844090e-01
2.530390297716011982e-03
-4.644602125156571670e-01
1.033046046108550886e+00
-1.906697217237048880e-01
-3.375265402206103493e-01
-2.475211493284812825e+00
-2.527503675758224766e+00
9.838582961831791041e-01
-2.542744464051708064e+00
-3.994626211125123394e+00
-7.393971545196073025e-01
-3.700539931308111097e-01
9.350854028577204602e-02
-1.335538870653503629e+00
-5.505605659592820444e-01
1.629154679996347665e+00
-6.931505527546715228e-01
4.064736281102218074e-01
1.226713179104821361e-02
-2.949389272441443222e+00
-2.524306781800230715e-01
6.199320598647295455e-02
-1.531422629209056918e+00
-1.936036915609788078e+00
-1.366041477545903327e+00
2.601479759671444736e+00
8.768681685140409243e-01
-1.309016994374927023e+00
2.382162341382533022e+00
1.823542442375783335e+00
1.285697954201460824e+00
1.431070358909732221e+00
-3.631664143253643395e-01
5.255950576737405955e-01
-1.469090434111839372e-01
5.832978442775762495e-01
9.738157038204128257e-01
-2.344883984931664500e+00
1.018559187716668424e+00
3.554182591477204500e+00
6.661862636537887461e-01
9.083121866743122386e-01
1.486336047392619264e+00
3.137225853338098336e+00
2.362571312675354473e+00
-8.101529341738420431e-01
1.191292333261958714e+00
2.799161962607158438e-01
-9.764148565384854761e-01
1.243606509110914082e+00
-1.140840349378322571e+00
-1.412475499077179508e+00
7.403677816271069245e-01
1.349405580484809963e+00
1.659496849454550338e+00
-1.333087743499411726e+00
4.693338271953098051e-01
3.446276068581039631e+00
-6.995308623057916453e-01
-1.266616037299600261e+00
-5.600273633525765238e-01
-1.385825024597385324e+00
-6.154304246969254377e-01
-2.268872915029293225e+00
-1.684131902129272218e+00
-1.356979626666847238e+00
-1.906905932732783082e+00
1.682908687941027992e+00
-2.549636665374099831e-01
-2.502623539359078109e+00
9.596536404372912887e-01
9.227041948980825303e-01
-3.462769235146593294e-01
-2.352877761933680034e+00
-2.377338966613128157e+00
4.997647905583399996e-01
-2.267875116788615308e+00
-2.687124493795091773e+00
-5.916938737764821932e-01
-2.158381618532138724e+00
8.846112616399065542e-02
1.111152967968091154e+00
-3.355505073368649227e-01
1.061517092096130321e-01
-1.170381348796956100e-02
2.489967102591654324e+00
8.762677682201344131e-01
-3.100934898999839540e+00
3.760468742228952332e-01
8.828398066022895563e-01
-1.147191583778545798e+00
-6.919674568447159446e-01
-9.819073111401064313e-01
1.270926722145078180e+00
1.293066954670756719e+00
8.561661483405285100e-01
2.711586976331839427e+00
2.668530235351693758e-01
1.612279489554935052e+00
3.952795755139533185e+00
1.152858023334749626e-01
-6.103698894733298186e-01
2.928932188132526981e-01
1.332230008633980223e+00
9.846810304580980722e-01
-2.316786948353859898e+00
5.970698010015542678e-01
2.420996545451605364e+00
2.437349510725990154e-01
2.079556010171313307e+00
1.316011870400689787e+00
7.449375759054410739e-01
2.230808859820712975e+00
1.126444404109383512e+00
8.537519363835011088e-01
-1.703381434263775418e+00
-1.451496525060957943e+00
2.056847372744065261e+00
-1.648469822529403217e+00
-2.845476961950898609e+00
9.219176703723686028e-02
3.006949075329465870e-01
8.537753669611694018e-01
-7.561096487546825617e-01
-1.722913276144808492e-01
1.417886993659965844e+00
-9.179594811002635968e-01
4.270509831248759935e-01
-5.935586187517841728e-01
-3.710778278683451781e+00
-8.773702239117843193e-01
-6.451572584251734632e-01
-2.158559214163267015e+00
-2.806686024022651882e+00
-2.226444075264080613e+00
1.722770103790888685e+00
-2.639130855698301192e-01
-2.211855315686444889e+00
1.111606947770948928e+00
1.104801347746114937e-01
-8.524376655480732368e-02
3.626028505689316006e-02
-1.898702346516571104e+00
-1.140772133858187765e+00
-1.675726980140908040e+00
-4.012245663364746306e-01
-2.049677517124981474e-01
-3.512537567229465640e+00
2.426534158245745032e-01
2.641596604094505807e+00
-2.001714113295549602e-02
3.265147656829134881e-01
7.089200826775390318e-01
2.457054917799447402e+00
1.723216925952526957e+00
-1.050060392237080142e+00
9.682457059044119463e-01
-2.299161739422400652e-01
-8.067994736250794219e-01
1.761885785926086800e+00
-7.056937078280839382e-01
-7.640277483386741508e-01
1.481747594308360672e+00
2.421986461401774093e+00
2.726672293660073798e+00
-4.073855688623947424e-01
1.624420186489393458e+00
4.326471828681624388e+00
3.176364449306260385e-01
1.201999270227260830e-01
4.707088866085950007e-01
-3.137833721339370885e-01
7.314333912466044474e-01
-6.958159111471351466e-01
-7.725057985684760653e-02
-1.645852327317454122e-01
-4.218714300936841077e-01
3.323853229792216979e+00
8.975284407402062126e-01
-1.350952705197907111e+00
1.878572253441741058e+00
1.609563582231995138e+00
3.988864794955350179e-01
-1.840162460864796401e+00
-1.915873172849733574e+00
6.898337997762237217e-01
-2.081083181127611148e+00
-2.075874613549669956e+00
-4.824008179330733226e-01
-2.347653127513132709e+00
1.315190970249393576e-01
9.732283037272091430e-01
-6.734428228626698765e-01
-6.732464243948685922e-01
-9.299081843676537673e-01
1.657221288191597308e+00
-3.716992309805469130e-01
-4.265988737385026042e+00
-8.339774190905013818e-01
-6.539647238079654423e-01
-2.284924842517558563e+00
-1.740839114475182692e+00
-2.214064010409692251e+00
-4.006707401243897460e-02
-1.960600149062144415e-02
-6.511062360948938199e-02
1.454602796240668239e+00
-1.369468099682475515e+00
3.752980525857725347e-01
2.642683244649902008e+00
-1.193598297807037412e+00
-1.762292813728002283e+00
-8.896232883097610067e-01
4.887996460654588926e-01
2.890134848679889457e-01
-2.710929506537310907e+00
4.185367680120457567e-01
1.938497903238524334e+00
2.444282768842703790e-01
2.420930215319665901e+00
1.300475156751325745e+00
7.749445407463588786e-01
2.381946470869531485e+00
1.583815630752200665e+00
1.369245374390468228e+00
-1.380687743491298969e+00
-6.392031371622732827e-01
3.000000000000000000e+00
-6.392031371619408819e-01
-1.380687743491386010e+00
1.369245374390206660e+00
1.583815630752166914e+00
2.381946470869648724e+00
7.749445407463809721e-01
1.300475156751233818e+00
2.420930215319721412e+00
2.444282768842496179e-01
1.938497903238506348e+00
4.185367680123270873e-01
-2.710929506537294920e+00
2.890134848677166080e-01
4.887996460654940867e-01
-8.896232883095109845e-01
-1.762292813728000507e+00
-1.193598297807379804e+00
2.642683244649840724e+00
3.752980525860518668e-01
-1.369468099682533246e+00
1.454602796240535456e+00
-6.511062360941810567e-02
-1.960600149060456876e-02
-4.006707401236847543e-02
-2.214064010409571459e+00
-1.740839114475164262e+00
-2.284924842517714438e+00
-6.539647238080321667e-01
-8.339774190902136120e-01
-4.265988737385046470e+00
-3.716992309809497019e-01
1.657221288191641051e+00
-9.299081843676189063e-01
-6.732464243948231841e-01
-6.734428228627793445e-01
9.732283037271801662e-01
1.315190970248576452e-01
-2.347653127513228632e+00
-4.824008179329591917e-01
-2.075874613549820502e+00
-2.081083181127579618e+00
6.898337997761432305e-01
-1.915873172849676953e+00
-1.840162460864568583e+00
3.988864794952761694e-01
1.609563582232064194e+00
1.878572253441997741e+00
-1.350952705197838055e+00
8.975284407400787590e-01
3.323853229792268049e+00
-4.218714300936012851e-01
-1.645852327316658092e-01
-7.725057985682311223e-02
-6.958159111471499125e-01
7.314333912466030041e-01
-3.137833721340665960e-01
4.707088866088550150e-01
1.201999270225825311e-01
3.176364449305004722e-01
4.326471828681675902e+00
1.624420186489420770e+00
-4.073855688622301519e-01
2.726672293659684776e+00
2.421986461401928192e+00
1.481747594308539639e+00
-7.640277483383484114e-01
-7.056937078284420961e-01
1.761885785926079695e+00
-8.067994736247350307e-01
-2.299161739425689688e-01
9.682457059046273296e-01
-1.050060392237001095e+00
1.723216925952005596e+00
2.457054917799502469e+00
7.089200826777580788e-01
3.265147656830224010e-01
-2.001714113334818190e-02
2.641596604094445855e+00
2.426534158253410844e-01
-3.512537567229422120e+00
-2.049677517128500881e-01
-4.012245663364883974e-01
-1.675726980140880951e+00
-1.140772133858096948e+00
-1.898702346516629502e+00
3.626028505662681756e-02
-8.524376655466876784e-02
1.104801347744907014e-01
1.111606947771333065e+00
-2.211855315686300560e+00
-2.639130855704073797e-01
1.722770103791012808e+00
-2.226444075263610767e+00
-2.806686024022666981e+00
-2.158559214163623619e+00
-6.451572584251661358e-01
-8.773702239115704904e-01
-3.710778278683545039e+00
-5.935586187519259482e-01
4.270509831246835919e-01
-9.179594811001936527e-01
1.417886993659783990e+00
-1.722913276142553629e-01
-7.561096487548137901e-01
8.537753669611239937e-01
3.006949075330459520e-01
9.219176703764608849e-02
-2.845476961950790251e+00
-1.648469822529756046e+00
2.056847372744067926e+00
-1.451496525060651521e+00
-1.703381434263789185e+00
8.537519363831778119e-01
1.126444404109407937e+00
2.230808859820800460e+00
7.449375759053507018e-01
1.316011870400743744e+00
2.079556010171229374e+00
2.437349510724349244e-01
2.420996545451585824e+00
5.970698010019470647e-01
-2.316786948353930065e+00
9.846810304577959805e-01
1.332230008634108342e+00
2.928932188133618331e-01
-6.103698894733549096e-01
1.152858023330558535e-01
3.952795755139502987e+00
1.612279489555229706e+00
2.668530235351621593e-01
2.711586976331795906e+00
8.561661483407895235e-01
1.293066954670737623e+00
1.270926722145124144e+00
-9.819073111399084786e-01
-6.919674568447883312e-01
-1.147191583778744528e+00
8.828398066023003254e-01
3.760468742231585781e-01
-3.100934898999858635e+00
8.762677682197386186e-01
2.489967102591759573e+00
-1.170381348797411292e-02
1.061517092095534132e-01
-3.355505073370356750e-01
1.111152967968072947e+00
8.846112616418244645e-02
-2.158381618532034363e+00
-5.916938737764584344e-01
-2.687124493794860847e+00
-2.267875116788827139e+00
4.997647905582683903e-01
-2.377338966612887017e+00
-2.352877761933758638e+00
-3.462769235149559255e-01
9.227041948980879704e-01
9.596536404375293206e-01
-2.502623539359199789e+00
-2.549636665375529798e-01
1.682908687941048420e+00
-1.906905932732754216e+00
-1.356979626666857008e+00
-1.684131902129377467e+00
-2.268872915029285231e+00
-6.154304246969739545e-01
-1.385825024597423738e+00
-5.600273633525025829e-01
-1.266616037299551634e+00
-6.995308623059903752e-01
3.446276068581038743e+00
4.693338271953088059e-01
-1.333087743499223432e+00
1.659496849454427103e+00
1.349405580484845046e+00
7.403677816273966927e-01
-1.412475499077312513e+00
-1.140840349378267060e+00
1.243606509110876779e+00
-9.764148565384666023e-01
2.799161962605913878e-01
1.191292333261927627e+00
-8.101529341738821222e-01
2.362571312675266544e+00
3.137225853338021508e+00
1.486336047392708082e+00
9.083121866743221196e-01
6.661862636535095250e-01
3.554182591477094810e+00
1.018559187717360093e+00
-2.344883984931623200e+00
9.738157038201374904e-01
5.832978442775365036e-01
-1.469090434112466925e-01
5.255950576737942193e-01
-3.631664143254104138e-01
1.431070358909546147e+00
1.285697954201579174e+00
1.823542442375595929e+00
2.382162341383041504e+00
-1.309016994374744502e+00
8.768681685134760428e-01
2.601479759671628589e+00
-1.366041477545499649e+00
-1.936036915609804065e+00
-1.531422629209444830e+00
6.199320598633212276e-02
-2.524306781796359367e-01
-2.949389272441433896e+00
1.226713179079708116e-02
4.064736281100999049e-01
-6.931505527547449086e-01
1.629154679996190014e+00
-5.505605659588316270e-01
-1.335538870653672161e+00
9.350854028565835918e-02
-3.700539931307409436e-01
-7.393971545191216910e-01
-3.994626211124794324e+00
-2.542744464052066000e+00
9.838582961831956464e-01
-2.527503675758003610e+00
-2.475211493284790176e+00
-3.375265402209031151e-01
-1.906697217237379727e-01
1.033046046108633931e+00
-4.644602125155770089e-01
2.530390297812129541e-03
2.734487027212564314e-01
-1.299038350708414669e+00
1.237802790516145723e+00
-9.344089516436795417e-01
-3.644539419226071608e+00
-1.369023681533032555e-01
3.240013521703970500e-01
-3.739596247582467337e-01
-1.291777032056948826e+00
-4.014400976233614138e-01
3.414867556553268901e+00
1.096404709692996970e+00
2.506036215982126447e-01
2.377015253537917872e+00
3.339230151346178621e-01
1.291082397347313782e+00
1.417418765823058591e+00
-7.181323150884866280e-01
-4.478920685638558830e-01
-6.341562703915930577e-01
1.938477151917395114e+00
1.289705903300740308e+00
-2.000000000000043521e+00
2.175222365378026268e+00
3.526457949213160692e+00
1.328024764495323584e+00
1.482871209102765153e+00
7.820898241722327171e-01
2.176976956866626622e+00
1.152962345918642662e+00
-6.733233881368343443e-01
7.088583863116623140e-01
-1.733625781030545987e+00
-7.937214406670305422e-01
2.009567616955616920e+00
-1.031413136933502006e+00
-1.016196450687702812e+00
7.502071309454960701e-01
2.064368861509404685e+00
1.859900732065113971e+00
-1.804075724494338395e+00
3.692584989576193633e-01
1.735182564845914710e+00
-1.710763568248039102e+00
-9.622705234593935675e-01
-1.801737528438575708e+00
-2.464302300923248534e+00
-7.489670022681880202e-01
-1.386479687838656716e+00
-6.999380674749146047e-01
-1.929307622250030496e+00
-1.186132522685112489e+00
2.843411267959687461e+00
-5.494126079834640297e-01
-2.279572898737611819e+00
3.428453497341178435e-01
-1.443412233837669811e-01
-5.839673002046424921e-01
-2.776156920429537767e+00
-2.456519248993577431e+00
-3.481488094796062471e-01
-2.333054771405580485e+00
-5.570337200932806709e-01
-7.566910484463562625e-02
-2.143576401014112065e+00
1.280555335438768649e+00
2.005256671815799585e+00
4.204108946684159687e-01
-3.791123124757449503e-01
-5.258700207225014411e-01
2.551219568784842018e+00
-5.343398764097856413e-02
-2.927050983124804606e+00
4.108731510846181934e-01
-9.350113565907902657e-02
-1.808127382434460695e-01
7.182466014829866907e-01
-1.749497876883173708e-01
1.575944317596393196e+00
1.548446828758853755e+00
2.573199878240147065e+00
2.846915477316883436e+00
-9.757897730742505216e-01
1.600631521373458988e+00
3.228908261087379383e+00
-4.991946956830157212e-01
-8.562702661955805539e-01
-5.126770733391071699e-01
1.317013911968021755e+00
1.097430988849390943e+00
-1.258694456072695145e+00
1.652071186614919585e+00
1.554764175757936684e+00
8.489683182684137908e-01
3.242185454392042754e+00
6.177922710031226172e-01
-2.573300922328646823e-01
1.053236711707589368e+00
7.553224173308012990e-01
2.812692326800851905e-01
-3.210555458806882978e+00
-1.519267753599229387e+00
1.757620217577082311e+00
-1.739165547546936974e+00
-1.442318430401180240e+00
1.645233700563464296e-01
8.920121011898218821e-02
1.305156946657002104e+00
-2.997442459708264950e-01
-7.351613070708670761e-02
-4.378199054238899324e-01
-1.869209053302197665e+00
8.313501048108442593e-01
-1.819745287690301527e+00
-4.457159786495665799e+00
-9.805995525431568938e-01
-6.021808271247893751e-01
-1.140572704784263092e+00
-2.252389125574137729e+00
-1.402838715162647576e+00
2.146829985815188913e+00
-2.887228795831659478e-01
-7.850114612046357188e-01
8.401790922672155437e-01
-1.492742529485874492e+00
-1.497331940257619065e-01
1.836427449983135674e-02
-2.057034561344659895e+00
-1.888166091311608064e+00
-1.866594120157678116e+00
1.157943367722941819e+00
3.424637895793605225e-01
-2.726172269828483152e+00
1.581905957600805213e+00
2.670522654904896598e+00
8.527689379339293829e-01
1.106843046288049637e+00
2.439067961657817030e-01
1.670346683173996816e+00
7.835255033038382999e-01
-4.570053631651957993e-01
8.662414965917840659e-01
-1.729200433321205210e+00
-1.218619127744764163e-01
2.839044522163146844e+00
-1.478429158510489172e-01
3.151733014103286212e-02
1.707106781186281674e+00
3.226426618623550624e+00
2.967296292597173313e+00
-6.555951499621858192e-01
1.593440011680319346e+00
2.546577584510126169e+00
-5.274330334822368016e-01
5.710532486991871659e-01
-6.179911051240378761e-01
-1.214772528862973822e+00
6.504988350692194610e-01
2.522128708075040970e-01
8.663182243145743922e-01
-8.066150020838153134e-01
1.440923540158797200e-01
4.021421874201402069e+00
2.789775340508080514e-01
-1.353594671102773095e+00
8.401101785127644828e-01
1.500412964771712376e-01
-1.643074645394509981e-01
-2.431165728838693418e+00
-2.158056536754076049e+00
-4.680940781258466910e-01
-2.314290319087257242e+00
-1.909830056251897168e-01
-3.055370536473103193e-01
-2.576240380430026011e+00
8.691546857080443278e-01
1.352316654786928751e+00
-3.230499627950624841e-01
-1.512574100883721240e+00
-1.741245613673407355e+00
1.298755883946848488e+00
-1.509488646545928736e+00
-4.021509420618492925e+00
-8.880377569906274804e-01
-1.665792762852511100e+00
-1.270957406876984885e+00
-3.137858328937391805e-01
-1.340720134438147415e+00
2.098934823839236907e-01
1.884152447756322069e-01
1.591042651950048015e+00
1.503587111686161437e+00
-2.440883977271505856e+00
4.558757243753952526e-01
1.952310757745221892e+00
-1.469323401507168558e+00
-1.583214323810343105e+00
-1.266456598512949228e+00
8.243764163653042321e-01
7.707405186164381083e-01
-1.125440757576964268e+00
1.785543855377232259e+00
1.311110311609476220e+00
1.139397548339310395e+00
3.710939531499341637e+00
8.433124125693247652e-01
6.472341364792541518e-02
1.418926076152107418e+00
1.480578597071135816e+00
1.101283964794131709e+00
-2.380757457278094069e+00
-2.890039166287919903e-01
2.868534573838805724e+00
-3.834321954516837216e-01
3.209233567251355002e-01
1.531731255222096078e+00
1.388205591455009991e+00
2.722557320452789753e+00
1.172841973766291623e+00
1.282656177588085811e+00
4.054532922083795565e-01
-7.595383195193908810e-01
2.148282725207101507e+00
-8.729341819243824352e-01
-3.350321083764718821e+00
6.360340435922051672e-02
3.541808596506517137e-01
-3.740000329704601389e-02
-1.367164466817174073e+00
-6.313678664968012111e-01
2.520316145018062226e+00
-8.301731177123172767e-02
-3.232612534620432077e-01
6.624634332561643024e-01
-2.047201949271405752e+00
-4.745514422410334054e-01
-4.140783078983414911e-01
-2.555204360771158090e+00
-2.660469045434942004e+00
-2.611797348964351784e+00
6.283422206284974276e-01
-5.348804541167039295e-01
-3.529739632015711059e+00
6.495061263866546142e-01
1.270090619364008244e+00
-3.180344325266557526e-01
-1.377051447335664314e-01
-1.306083010930588539e+00
-1.493499424536215425e-02
-8.825180928524678503e-01
-1.637687487882453219e+00
-5.025590124101337874e-01
-3.306634421939734114e+00
-1.141425777991936119e+00
1.859935910975606177e+00
-1.080561228843043065e+00
-7.768381306316490820e-01
7.645378602390635603e-01
2.469722497458586297e+00
2.187205774848651085e+00
-1.287858152118498190e+00
1.072312827321881601e+00
1.687831436110095007e+00
-8.588634643723700446e-01
6.930833809339014273e-01
-6.947498559712756983e-01
-1.075209872922500587e+00
1.059322740221944059e+00
1.062132618172403120e+00
1.756344310492526706e+00
-1.648271481020286422e-01
1.154078936408050149e+00
