5.000000000000000000e+00
1.186127816117015010e+00
-7.898084744179084682e-02
1.506651891911053198e+00
-1.252811908893851633e-01
6.394144669956030036e-01
2.572048024160660806e-01
-7.792090853946265216e-01
-9.048514434559509212e-01
-1.119164622759686534e+00
2.597842312882838733e+00
1.765871209359691107e+00
-1.574915233807876902e+00
1.105177277394966184e+00
8.132076522939613028e-02
-1.131803755512773346e+00
7.359910873219798200e-01
-1.899458305286143567e+00
-3.221260883258898033e+00
-2.398529329847916891e+00
-8.617633884013782275e-01
5.939670645473729138e-01
-2.106241468247234128e+00
-9.011912826532306742e-01
1.011820942071146812e+00
-1.172288258377629511e+00
1.383962694779805602e+00
9.331663079545046147e-01
-3.086628199001327122e+00
-1.411838167585765635e+00
-3.362354932400316576e-01
-1.313213873465078896e-01
-4.888320612040548685e-01
-1.311512422516722509e+00
1.089110626287505212e+00
6.895699691708179202e-01
1.690148725229228877e+00
4.159645954581621119e+00
-2.016866504369033142e-01
-4.446190585155173070e-01
2.449267673537498968e+00
5.062057807398191445e-01
3.744927422376521653e-01
-1.869816671640228689e-01
-7.271456138093059796e-01
5.365476967211355586e-01
7.966331208446665313e-01
3.138747908357397698e+00
1.403065523833674000e+00
-1.349323356598077339e+00
2.427050983124851680e+00
1.509221729156727809e+00
-7.808504806441756152e-01
3.454508387597258201e-01
-2.186542700526804772e+00
-2.427383049705998275e+00
-6.248696547508798549e-01
-1.629719061601074825e-01
-7.720881988896532988e-02
-2.472866687601140256e+00
-3.877044597367556578e-01
1.900462082160552235e+00
-1.057554740642354441e+00
2.230866163083968512e-01
-5.700671198164328768e-01
-3.771417561160469667e+00
-9.277273910180892091e-01
-2.601424670570981479e-01
-1.579927837242033339e+00
-1.912414796123498295e+00
-1.696035662518180276e+00
1.373891069997256631e+00
9.155767976640107886e-01
7.284084752353501280e-01
2.386546162313504471e+00
-1.229824774212656457e+00
-2.121458554486027603e-01
2.840555211449005135e+00
-3.822651190253542053e-01
-9.743765649341339374e-01
-4.469671926505565662e-01
-3.685420374942238730e-03
1.734198269148932825e+00
1.341935180001359029e+00
2.464795357790377395e+00
1.155637115256023639e+00
-2.279665457719050048e-01
3.885408179004192775e+00
1.948640841144069213e+00
-1.358970327662647914e+00
2.561689993085013439e-01
-1.200048113840455954e+00
-8.248997138718985322e-01
7.185862420852904275e-01
-1.933766445327136374e-01
-3.673151070695496179e-01
-1.365663214510233869e+00
1.229166135405386218e+00
2.620827724045736495e+00
-1.583282894972563692e+00
-6.909830056250269026e-01
-6.649873111556667826e-01
-3.099909320025686199e+00
-3.633453104556747526e-01
-9.169074466382469701e-01
-3.063989489868470084e+00
-2.179559908774921784e+00
-8.983752185412626767e-01
1.586485769598497519e+00
9.049663016194031684e-02
-8.700614488713672712e-01
1.157532192789404668e+00
-1.340638161483547641e+00
-1.384201070108687648e-01
1.902609620022523096e+00
-2.317781569914372675e+00
-2.117369246884591050e+00
2.110982626525012562e-02
5.432555621589379991e-01
1.547610165069095878e+00
5.027806375952799112e-01
1.578140016784198130e+00
1.534443631635239669e+00
8.928887407423730105e-01
4.068630794499535241e+00
1.000000000000021982e+00
-2.091327305023684691e+00
1.016840348750888801e+00
2.643668714974890532e-01
6.892517847266545206e-02
9.551566172475316474e-01
-3.118909388884204548e-01
4.421991209376253673e-01
6.917139311612505725e-01
2.541383466728711404e+00
2.443362608972981853e+00
-2.078312013124014257e+00
-3.345778870365821445e-01
5.810799704399408627e-01
-2.186411260352408625e+00
-4.047865306260004514e-01
-1.582378921010214823e+00
-3.261541849682839000e+00
-9.218367228288238957e-01
2.555045656027088441e-01
1.079760087239555189e+00
-1.082460931928295178e+00
-1.605783358602780986e+00
1.205712710036167090e+00
-1.111285586471412179e+00
-9.270509831248793242e-01
1.602115405540099902e-01
-3.816637690160731733e+00
-2.170573999736063797e+00
7.000241254642183275e-01
-7.447522101902137592e-03
1.179962791928487187e-01
-4.928734723382978133e-01
1.346582726451656553e+00
2.005860985267806207e+00
8.154845906495006291e-01
2.672141839168576283e+00
-4.237558191211192593e-01
-2.183419215414843073e+00
2.068430240503629669e+00
7.815292070012428427e-01
-4.748933238277603386e-01
6.555387332106803466e-01
2.255118356195383589e-01
1.881153135682678723e+00
2.199580552738256145e+00
2.562357362229809699e+00
1.769571730651084529e+00
-1.685409804604457662e+00
1.108912287628556426e+00
1.847858762962628187e+00
-2.061271831923692233e+00
-7.032763954686439556e-01
-1.191157379033244590e+00
-1.943929594937299665e+00
8.444770793880106430e-01
7.986635631471398211e-01
2.292622209999859439e-01
-1.296782136076938929e+00
-8.001194433676229734e-01
1.911864589383979407e+00
-1.378986625756668527e+00
-2.217404416829641622e+00
-9.367630598788729834e-01
-3.849515827733701379e+00
-1.471848512039738655e+00
7.450198532154197473e-01
-1.479715783245088234e+00
-1.187693710081936249e+00
-4.888815782255697129e-01
1.575824466575869387e+00
1.616504175586847003e+00
-6.210314201289622860e-01
8.059825604109440711e-01
-1.183947398767025039e+00
-1.809016994374911036e+00
2.246089788778167229e+00
-2.479201169892123469e-01
-1.751441296731726105e+00
7.913476764509178585e-01
1.216065663366551863e+00
2.604613329117057674e+00
2.146691771932476289e+00
1.622981170974423515e+00
1.483696253222831274e+00
-5.121013512802631285e-01
2.285082753247255738e+00
1.903675614026331786e+00
-2.634760932558675162e+00
-3.769772137233183829e-01
3.820836207871510792e-01
-2.832977548602428897e-01
1.833195435096512504e+00
7.145448309510603613e-01
5.594102200661088542e-02
-3.852713593140022486e-02
7.461990785397895065e-01
2.145220334670690399e+00
-2.128976274069455332e+00
-2.807034049198408709e+00
-4.457457303722667241e-01
-2.788093839698246867e+00
-9.930053273363055322e-01
1.371127991888300701e-01
-2.593335443113968353e+00
-1.122466014227601949e+00
4.744739866757218261e-01
1.401048941888872079e+00
2.244022252018598174e-01
-2.227873378170292185e+00
-1.430442239845915453e-01
-1.110199832792393426e+00
-1.864735468438601718e+00
1.101917239760463740e+00
-1.941573602461149184e+00
-2.472261273824251315e+00
1.543178842603722956e+00
1.617675200882454423e+00
1.764663768491252949e+00
9.785144237645689858e-01
8.185227878472253193e-01
1.772346386146252062e+00
2.921586112216753017e-01
1.988709936935087352e+00
7.911756733588184431e-01
-3.000000000000000000e+00
7.911756733587453905e-01
1.988709936935031175e+00
2.921586112217129383e-01
1.772346386146254282e+00
8.185227878471982299e-01
9.785144237645765353e-01
1.764663768491205209e+00
1.617675200882480624e+00
1.543178842603839307e+00
-2.472261273824217120e+00
-1.941573602461176051e+00
1.101917239760437983e+00
-1.864735468438587951e+00
-1.110199832792392094e+00
-1.430442239846311248e-01
-2.227873378170333929e+00
2.244022252018773589e-01
1.401048941888875410e+00
4.744739866757630153e-01
-1.122466014227610165e+00
-2.593335443113939487e+00
1.371127991888510533e-01
-9.930053273363059763e-01
-2.788093839698220666e+00
-4.457457303722559550e-01
-2.807034049198458447e+00
-2.128976274069494412e+00
2.145220334670619788e+00
7.461990785397033532e-01
-3.852713593141310344e-02
5.594102200662692814e-02
7.145448309509587759e-01
1.833195435096511172e+00
-2.832977548601133266e-01
3.820836207871499690e-01
-3.769772137231918174e-01
-2.634760932558803059e+00
1.903675614026168805e+00
2.285082753247327236e+00
-5.121013512802080614e-01
1.483696253222687167e+00
1.622981170974352017e+00
2.146691771932490056e+00
2.604613329117078102e+00
1.216065663366621807e+00
7.913476764510189998e-01
-1.751441296731767849e+00
-2.479201169892270573e-01
2.246089788778188101e+00
-1.809016994374835097e+00
-1.183947398766974857e+00
8.059825604108811214e-01
-6.210314201290090264e-01
1.616504175586791714e+00
1.575824466575941996e+00
-4.888815782254949394e-01
-1.187693710081924259e+00
-1.479715783245148852e+00
7.450198532154799214e-01
-1.471848512039707346e+00
-3.849515827733705819e+00
-9.367630598789005170e-01
-2.217404416829592328e+00
-1.378986625756761342e+00
1.911864589383956758e+00
-8.001194433675602458e-01
-1.296782136076955583e+00
2.292622209999012062e-01
7.986635631470734298e-01
8.444770793880777005e-01
-1.943929594937208183e+00
-1.191157379033282337e+00
-7.032763954687087926e-01
-2.061271831923723319e+00
1.847858762962558909e+00
1.108912287628678994e+00
-1.685409804604481199e+00
1.769571730651023911e+00
2.562357362229797708e+00
2.199580552738312544e+00
1.881153135682685162e+00
2.255118356196131879e-01
6.555387332106887843e-01
-4.748933238277774360e-01
7.815292070012308523e-01
2.068430240503582596e+00
-2.183419215414877712e+00
-4.237558191211027725e-01
2.672141839168520328e+00
8.154845906495032937e-01
2.005860985267864827e+00
1.346582726451647449e+00
-4.928734723383026983e-01
1.179962791928379495e-01
-7.447522101884596069e-03
7.000241254642829425e-01
-2.170573999735879944e+00
-3.816637690160908924e+00
1.602115405538609982e-01
-9.270509831248074928e-01
-1.111285586471564946e+00
1.205712710036187962e+00
-1.605783358602720590e+00
-1.082460931928465486e+00
1.079760087239505451e+00
2.555045656027716827e-01
-9.218367228286318271e-01
-3.261541849682716876e+00
-1.582378921010382022e+00
-4.047865306259729179e-01
-2.186411260352453034e+00
5.810799704399430832e-01
-3.345778870365174185e-01
-2.078312013124061775e+00
2.443362608972895256e+00
2.541383466728780682e+00
6.917139311612743313e-01
4.421991209377115206e-01
-3.118909388884092415e-01
9.551566172475370875e-01
6.892517847272207343e-02
2.643668714975242473e-01
1.016840348750913448e+00
-2.091327305023669147e+00
9.999999999998059330e-01
4.068630794499427772e+00
8.928887407424357381e-01
1.534443631635258321e+00
1.578140016784104205e+00
5.027806375953197682e-01
1.547610165069075894e+00
5.432555621589053585e-01
2.110982626537041829e-02
-2.117369246884670986e+00
-2.317781569914386886e+00
1.902609620022507553e+00
-1.384201070109358223e-01
-1.340638161483527213e+00
1.157532192789392678e+00
-8.700614488714411010e-01
9.049663016200348853e-02
1.586485769598422246e+00
-8.983752185412090530e-01
-2.179559908774838739e+00
-3.063989489868548688e+00
-9.169074466381595956e-01
-3.633453104556674251e-01
-3.099909320025679094e+00
-6.649873111555320015e-01
-6.909830056251553554e-01
-1.583282894972508847e+00
2.620827724045824425e+00
1.229166135405291627e+00
-1.365663214510111967e+00
-3.673151070695978015e-01
-1.933766445327225192e-01
7.185862420853429411e-01
-8.248997138718420219e-01
-1.200048113840520791e+00
2.561689993084815820e-01
-1.358970327662739619e+00
1.948640841143898239e+00
3.885408179004274487e+00
-2.279665457717674482e-01
1.155637115256013647e+00
2.464795357790307673e+00
1.341935180001412986e+00
1.734198269148948146e+00
-3.685420374885395312e-03
-4.469671926504929504e-01
-9.743765649341455948e-01
-3.822651190254912068e-01
2.840555211449034445e+00
-2.121458554485751713e-01
-1.229824774212687766e+00
2.386546162313404551e+00
7.284084752353441328e-01
9.155767976640787342e-01
1.373891069997253744e+00
-1.696035662518128539e+00
-1.912414796123419691e+00
-1.579927837241948740e+00
-2.601424670570582354e-01
-9.277273910180018346e-01
-3.771417561160499865e+00
-5.700671198166031850e-01
2.230866163082207698e-01
-1.057554740642393742e+00
1.900462082160531363e+00
-3.877044597366134382e-01
-2.472866687601087410e+00
-7.720881988891714620e-02
-1.629719061601134777e-01
-6.248696547508409971e-01
-2.427383049706021811e+00
-2.186542700526857175e+00
3.454508387597302610e-01
-7.808504806441487478e-01
1.509221729156722036e+00
2.427050983124842798e+00
-1.349323356598095991e+00
1.403065523833605388e+00
3.138747908357303107e+00
7.966331208447474665e-01
5.365476967212496895e-01
-7.271456138092616817e-01
-1.869816671639290551e-01
3.744927422376780335e-01
5.062057807398540055e-01
2.449267673537450563e+00
-4.446190585155995745e-01
-2.016866504370119495e-01
4.159645954581560723e+00
1.690148725229218440e+00
6.895699691708941925e-01
1.089110626287517203e+00
-1.311512422516668774e+00
-4.888320612040695234e-01
-1.313213873464369463e-01
-3.362354932399927998e-01
-1.411838167585643067e+00
-3.086628199001399953e+00
9.331663079542520389e-01
1.383962694779857561e+00
-1.172288258377634396e+00
1.011820942071222751e+00
-9.011912826530631415e-01
-2.106241468247187054e+00
5.939670645473700272e-01
-8.617633884012870782e-01
-2.398529329847948421e+00
-3.221260883258937557e+00
-1.899458305286312321e+00
7.359910873219887018e-01
-1.131803755512652554e+00
8.132076522944847730e-02
1.105177277395038793e+00
-1.574915233807855142e+00
1.765871209359604510e+00
2.597842312882878257e+00
-1.119164622759628802e+00
-9.048514434559441488e-01
-7.792090853946406215e-01
2.572048024159949153e-01
6.394144669956756122e-01
-1.252811908894759796e-01
1.506651891911012120e+00
-7.898084744186301132e-02
1.186127816116907097e+00
5.000000000000000000e+00
1.186127816117055200e+00
-7.898084744174722893e-02
1.506651891910970376e+00
-1.252811908894487791e-01
6.394144669957226856e-01
2.572048024159863111e-01
-7.792090853945352613e-01
-9.048514434559623565e-01
-1.119164622759849514e+00
2.597842312882795657e+00
1.765871209359670235e+00
-1.574915233807798298e+00
1.105177277395033242e+00
8.132076522943332275e-02
-1.131803755512620580e+00
7.359910873220366634e-01
-1.899458305286193749e+00
-3.221260883258843410e+00
-2.398529329848143821e+00
-8.617633884013978784e-01
5.939670645473926758e-01
-2.106241468247210591e+00
-9.011912826531169873e-01
1.011820942071171014e+00
-1.172288258377684134e+00
1.383962694779875768e+00
9.331663079543810468e-01
-3.086628199001213879e+00
-1.411838167585706127e+00
-3.362354932401088181e-01
-1.313213873463579262e-01
-4.888320612041496815e-01
-1.311512422516786902e+00
1.089110626287492778e+00
6.895699691706236312e-01
1.690148725229283277e+00
4.159645954581661975e+00
-2.016866504370030677e-01
-4.446190585152783870e-01
2.449267673537512291e+00
5.062057807398505638e-01
3.744927422376919113e-01
-1.869816671641680306e-01
-7.271456138092676769e-01
5.365476967210851544e-01
7.966331208446153500e-01
3.138747908357599758e+00
1.403065523833696870e+00
-1.349323356598029600e+00
2.427050983125027539e+00
1.509221729156545067e+00
-7.808504806441074475e-01
3.454508387598242969e-01
-2.186542700526870942e+00
-2.427383049705889029e+00
-6.248696547510079746e-01
-1.629719061600531926e-01
-7.720881988912864369e-02
-2.472866687601367630e+00
-3.877044597365399414e-01
1.900462082160509603e+00
-1.057554740642417501e+00
2.230866163084730680e-01
-5.700671198161346709e-01
-3.771417561160416820e+00
-9.277273910182544103e-01
-2.601424670571291231e-01
-1.579927837242060207e+00
-1.912414796123579119e+00
-1.696035662518381448e+00
1.373891069997168479e+00
9.155767976640900585e-01
7.284084752353535697e-01
2.386546162313660790e+00
-1.229824774212562311e+00
-2.121458554488247772e-01
2.840555211448976713e+00
-3.822651190251984410e-01
-9.743765649340488944e-01
-4.469671926506116888e-01
-3.685420375035386442e-03
1.734198269148913507e+00
1.341935180001251560e+00
2.464795357790360519e+00
1.155637115256137992e+00
-2.279665457719318722e-01
3.885408179004142148e+00
1.948640841144307911e+00
-1.358970327662498923e+00
2.561689993084451666e-01
-1.200048113840519459e+00
-8.248997138720615130e-01
7.185862420851267807e-01
-1.933766445326349226e-01
-3.673151070694189446e-01
-1.365663214510246304e+00
1.229166135405348248e+00
2.620827724045895923e+00
-1.583282894972446453e+00
-6.909830056251966557e-01
-6.649873111556464655e-01
-3.099909320025772796e+00
-3.633453104557512470e-01
-9.169074466381814670e-01
-3.063989489868259142e+00
-2.179559908775006161e+00
-8.983752185413519387e-01
1.586485769598532158e+00
9.049663016192249776e-02
-8.700614488712482553e-01
1.157532192789443526e+00
-1.340638161483497459e+00
-1.384201070108813658e-01
1.902609620022583492e+00
-2.317781569914352691e+00
-2.117369246884684308e+00
2.110982626505358839e-02
5.432555621589822969e-01
1.547610165069109645e+00
5.027806375954588791e-01
1.578140016784286725e+00
1.534443631635248551e+00
8.928887407424368483e-01
4.068630794499545900e+00
9.999999999999823475e-01
-2.091327305023690464e+00
1.016840348750814416e+00
2.643668714974063416e-01
6.892517847278938070e-02
9.551566172475225436e-01
-3.118909388884393286e-01
4.421991209376068266e-01
6.917139311611500974e-01
2.541383466728636797e+00
2.443362608973063566e+00
-2.078312013123955193e+00
-3.345778870365429536e-01
5.810799704398628140e-01
-2.186411260352327357e+00
-4.047865306260299834e-01
-1.582378921010370476e+00
-3.261541849682828342e+00
-9.218367228288347759e-01
2.555045656026211365e-01
1.079760087239681088e+00
-1.082460931928269865e+00
-1.605783358602767885e+00
1.205712710036209945e+00
-1.111285586471425724e+00
-9.270509831248288091e-01
1.602115405539891180e-01
-3.816637690160700203e+00
-2.170573999735987858e+00
7.000241254642599609e-01
-7.447522101808101702e-03
1.179962791928138577e-01
-4.928734723385119754e-01
1.346582726451664991e+00
2.005860985267643670e+00
8.154845906494975205e-01
2.672141839168715727e+00
-4.237558191210033520e-01
-2.183419215414773795e+00
2.068430240503637219e+00
7.815292070011715664e-01
-4.748933238277977531e-01
6.555387332106770160e-01
2.255118356195403573e-01
1.881153135682662292e+00
2.199580552738206851e+00
2.562357362229962909e+00
1.769571730650879360e+00
-1.685409804604564687e+00
1.108912287628786020e+00
1.847858762962519386e+00
-2.061271831923735753e+00
-7.032763954684330132e-01
-1.191157379033344288e+00
-1.943929594937199301e+00
8.444770793879438076e-01
7.986635631470742069e-01
2.292622209999426452e-01
-1.296782136077100800e+00
-8.001194433674614359e-01
1.911864589383914126e+00
-1.378986625756767337e+00
-2.217404416829313885e+00
-9.367630598787127783e-01
-3.849515827733652529e+00
-1.471848512040113466e+00
7.450198532154004294e-01
-1.479715783244940130e+00
-1.187693710082010634e+00
-4.888815782255945264e-01
1.575824466575750815e+00
1.616504175587110570e+00
-6.210314201289451885e-01
8.059825604108993291e-01
-1.183947398766790116e+00
-1.809016994375195253e+00
2.246089788777987817e+00
-2.479201169888761713e-01
-1.751441296731798269e+00
7.913476764508066141e-01
1.216065663366455940e+00
2.604613329116881815e+00
2.146691771932510040e+00
1.622981170974405307e+00
1.483696253222980488e+00
-5.121013512802965462e-01
2.285082753247263287e+00
1.903675614026618668e+00
-2.634760932558616986e+00
-3.769772137236363507e-01
3.820836207870973444e-01
-2.832977548604050932e-01
1.833195435096417469e+00
7.145448309511674978e-01
5.594102200684339388e-02
-3.852713593137735426e-02
7.461990785397532022e-01
2.145220334670832507e+00
-2.128976274069328323e+00
-2.807034049198402492e+00
-4.457457303722859310e-01
-2.788093839698270404e+00
-9.930053273364166655e-01
1.371127991889054543e-01
-2.593335443114027861e+00
-1.122466014227716524e+00
4.744739866756204072e-01
1.401048941888947574e+00
2.244022252020104746e-01
-2.227873378170182050e+00
-1.430442239845998165e-01
-1.110199832792334140e+00
-1.864735468438533328e+00
1.101917239760384692e+00
-1.941573602461154735e+00
-2.472261273824411631e+00
1.543178842603578627e+00
1.617675200882375375e+00
1.764663768491310902e+00
9.785144237647772636e-01
8.185227878472536300e-01
1.772346386146293362e+00
2.921586112217293696e-01
1.988709936934975886e+00
7.911756733588904966e-01
-3.000000000000000000e+00
7.911756733586711166e-01
1.988709936934806910e+00
2.921586112217998688e-01
1.772346386146262498e+00
8.185227878471954543e-01
9.785144237648017995e-01
1.764663768491167906e+00
1.617675200882454867e+00
1.543178842603927015e+00
-2.472261273824309047e+00
-1.941573602461235115e+00
1.101917239760312084e+00
-1.864735468438509347e+00
-1.110199832792296615e+00
-1.430442239846765329e-01
-2.227873378170242002e+00
2.244022252018161856e-01
1.401048941888813681e+00
4.744739866759039582e-01
-1.122466014227548214e+00
-2.593335443114103800e+00
1.371127991889369291e-01
-9.930053273363693700e-01
-2.788093839698192244e+00
-4.457457303722218711e-01
-2.807034049198473102e+00
-2.128976274069535712e+00
2.145220334670578488e+00
7.461990785398321391e-01
-3.852713593120982161e-02
5.594102200670744707e-02
7.145448309511439611e-01
1.833195435096506287e+00
-2.832977548603524687e-01
3.820836207873043455e-01
-3.769772137235475329e-01
-2.634760932558783519e+00
1.903675614026415053e+00
2.285082753247233978e+00
-5.121013512801777523e-01
1.483696253222860584e+00
1.622981170974236775e+00
2.146691771932547788e+00
2.604613329116878262e+00
1.216065663366637573e+00
7.913476764510867234e-01
-1.751441296731864661e+00
-2.479201169889988510e-01
2.246089788778035334e+00
-1.809016994375092890e+00
-1.183947398766814985e+00
8.059825604106970465e-01
-6.210314201290503267e-01
1.616504175587037295e+00
1.575824466575775462e+00
-4.888815782253062014e-01
-1.187693710081975995e+00
-1.479715783245086236e+00
7.450198532155334341e-01
-1.471848512039948265e+00
-3.849515827733595685e+00
-9.367630598787755059e-01
-2.217404416829490632e+00
-1.378986625756920770e+00
1.911864589383827973e+00
-8.001194433673279871e-01
-1.296782136077042180e+00
2.292622209997144944e-01
7.986635631471167285e-01
8.444770793881760662e-01
-1.943929594937108263e+00
-1.191157379033245034e+00
-7.032763954684898566e-01
-2.061271831923927156e+00
1.847858762962448331e+00
1.108912287628838200e+00
-1.685409804604544703e+00
1.769571730650633112e+00
2.562357362229807034e+00
2.199580552738381378e+00
1.881153135682761102e+00
2.255118356196691431e-01
6.555387332108093545e-01
-4.748933238279359759e-01
7.815292070011444769e-01
2.068430240503794870e+00
-2.183419215414740489e+00
-4.237558191211828751e-01
2.672141839168468813e+00
8.154845906494933017e-01
2.005860985267619689e+00
1.346582726451619916e+00
-4.928734723383124683e-01
1.179962791928746979e-01
-7.447522101876158374e-03
7.000241254645378497e-01
-2.170573999735826209e+00
-3.816637690160795238e+00
1.602115405538278026e-01
-9.270509831249507116e-01
-1.111285586471448594e+00
1.205712710036201063e+00
-1.605783358602705491e+00
-1.082460931928422632e+00
1.079760087239423960e+00
2.555045656028684942e-01
-9.218367228284152226e-01
-3.261541849682880745e+00
-1.582378921010326289e+00
-4.047865306259946783e-01
-2.186411260352441932e+00
5.810799704398728061e-01
-3.345778870367627222e-01
-2.078312013124210544e+00
2.443362608972797112e+00
2.541383466728645679e+00
6.917139311616651298e-01
4.421991209377860166e-01
-3.118909388884376632e-01
9.551566172475919325e-01
6.892517847246908136e-02
2.643668714974374279e-01
1.016840348751027800e+00
-2.091327305023873873e+00
9.999999999998315792e-01
4.068630794499608960e+00
8.928887407424868083e-01
1.534443631635234784e+00
1.578140016784021382e+00
5.027806375953749463e-01
1.547610165069114085e+00
5.432555621590511308e-01
2.110982626559829156e-02
-2.117369246884485801e+00
-2.317781569914587170e+00
1.902609620022483794e+00
-1.384201070110976373e-01
-1.340638161483652890e+00
1.157532192789404446e+00
-8.700614488714023542e-01
9.049663016202408317e-02
1.586485769598767970e+00
-8.983752185411583158e-01
-2.179559908774838739e+00
-3.063989489868558458e+00
-9.169074466383411171e-01
-3.633453104557201607e-01
-3.099909320025791892e+00
-6.649873111554662763e-01
-6.909830056251211605e-01
-1.583282894972630306e+00
2.620827724045787566e+00
1.229166135405297178e+00
-1.365663214510219436e+00
-3.673151070695043208e-01
-1.933766445328182204e-01
7.185862420854226551e-01
-8.248997138717134581e-01
-1.200048113840372910e+00
2.561689993083859918e-01
-1.358970327662822886e+00
1.948640841143940206e+00
3.885408179004079532e+00
-2.279665457718845767e-01
1.155637115256271663e+00
2.464795357790446673e+00
1.341935180001384786e+00
1.734198269149046068e+00
-3.685420375079018207e-03
-4.469671926506553206e-01
-9.743765649341941115e-01
-3.822651190254215958e-01
2.840555211449151685e+00
-2.121458554484181025e-01
-1.229824774212568084e+00
2.386546162313397446e+00
7.284084752350906689e-01
9.155767976639760386e-01
1.373891069997163594e+00
-1.696035662518188047e+00
-1.912414796123323768e+00
-1.579927837241951183e+00
-2.601424670570595121e-01
-9.277273910181048633e-01
-3.771417561160593124e+00
-5.700671198164962705e-01
2.230866163082966813e-01
-1.057554740642590696e+00
1.900462082160467858e+00
-3.877044597364689982e-01
-2.472866687600997260e+00
-7.720881988905881066e-02
-1.629719061600316543e-01
-6.248696547507461840e-01
-2.427383049706087981e+00
-2.186542700527080996e+00
3.454508387596877395e-01
-7.808504806443128388e-01
1.509221729156726477e+00
2.427050983125233596e+00
-1.349323356597984969e+00
1.403065523833454620e+00
3.138747908357208072e+00
7.966331208447987589e-01
5.365476967213105297e-01
-7.271456138093078669e-01
-1.869816671639130123e-01
3.744927422377732906e-01
5.062057807397017939e-01
2.449267673537573575e+00
-4.446190585155281871e-01
-2.016866504372595847e-01
4.159645954581479899e+00
1.690148725229385862e+00
6.895699691711316692e-01
1.089110626287730810e+00
-1.311512422516681209e+00
-4.888320612041159308e-01
-1.313213873467131143e-01
-3.362354932400551943e-01
-1.411838167585516501e+00
-3.086628199001511863e+00
9.331663079542603656e-01
1.383962694780058955e+00
-1.172288258377674808e+00
1.011820942071069762e+00
-9.011912826532459952e-01
-2.106241468247425530e+00
5.939670645473167365e-01
-8.617633884012615431e-01
-2.398529329847558067e+00
-3.221260883258769248e+00
-1.899458305286359838e+00
7.359910873219743799e-01
-1.131803755512910126e+00
8.132076522912401462e-02
1.105177277395070323e+00
-1.574915233808040771e+00
1.765871209359551885e+00
2.597842312883160254e+00
-1.119164622759301064e+00
-9.048514434559494779e-01
-7.792090853947145623e-01
2.572048024159819812e-01
6.394144669956212113e-01
-1.252811908893755044e-01
1.506651891911145569e+00
-7.898084744164900195e-02
1.186127816116726352e+00
